5
10
13
15
21
34
37
38
40
42
45
45
50
59
66
69
71
84
85
104
135
160
161
174
179
184
190
202
202
204
208
210
219
221
222
228
235
252
305
340
352
353
363
393
404
423
428
435
449
460
467
469
474
478
491
541
542
544
545
550
553
564
565
570
573
600
606
615
628
640
642
652
656
670
671
671
678
745
748
748
758
771
779
788
790
802
805
831
832
848
851
854
863
872
893
895
896
900
909
929
943
957
957
957
963
970
986
986
987
1004
1015
1033
1034
1037
1067
1070
1070
1072
1073
1079
1099
1099
1108
1111
1127
1131
1135
1145
1163
1165
1168
1202
1204
1209
1210
1222
1235
1238
1239
1260
1264
1276
1293
1297
1298
1305
1306
1307
1308
1311
1329
1331
1334
1366
1379
1380
1397
1416
1431
1432
1435
1438
1440
1454
1486
1502
1522
1556
1576
1585
1585
1598
1600
1613
1628
1629
1653
1664
1669
1677
1685
1701
1707
1736
1747
1748
1749
1753
1796
1801
1806
1808
1809
1811
1821
1831
1832
1840
1850
1852
1858
1859
1871
1881
1888
1908
1915
1928
1964
1965
1981
1992
1994
2009
2022
2030
2035
2043
2045
2068
2084
2088
2103
2111
2118
2128
2133
2134
2144
2152
2162
2184
2198
2199
2204
2206
2216
2217
2228
2257
2260
2263
2282
2284
2288
2310
2333
2337
2342
2360
2382
2400
2401
2403
2410
2422
2432
2444
2450
2450
2456
2474
2513
2532
2532
2535
2545
2547
2569
2580
2589
2592
2602
2608
2613
2618
2619
2658
2658
2660
2666
2667
2667
2675
2703
2706
2708
2713
2724
2737
2741
2760
2760
2772
2773
2783
2791
2812
2827
2827
2833
2833
2848
2859
2883
2901
2916
2924
2959
2964
2966
2986
2996
3012
3022
3026
3029
3041
3048
3054
3062
3071
3075
3078
3084
3087
3097
3100
3104
3116
3120
3122
3124
3125
3127
3128
3129
3156
3169
3177
3178
3205
3210
3216
3226
3261
3268
3290
3292
3311
3312
3339
3361
3373
3382
3385
3388
3390
3409
3413
3437
3440
3453
3454
3492
3495
3496
3505
3562
3573
3586
3594
3601
3654
3674
3677
3678
3681
3688
3691
3695
3702
3731
3746
3752
3755
3756
3790
3791
3802
3854
3862
3872
3873
3874
3874
3886
3891
3892
3894
3899
3923
3944
3955
3968
3977
3980
3981
3989
3990
3998
4031
4045
4064
4068
4073
4086
4091
4095
4116
4129
4137
4139
4144
4166
4169
4185
4187
4222
4257
4266
4268
4270
4284
4296
4313
4325
4325
4333
4349
4353
4357
4359
4366
4373
4375
4378
4395
4397
4403
4421
4502
4507
4527
4534
4542
4605
4610
4615
4616
4620
4623
4623
4631
4635
4654
4659
4660
4671
4686
4695
4698
4720
4730
4734
4739
4752
4758
4762
4792
4799
4807
4815
4825
4843
4854
4869
4870
4883
4884
4892
4902
4940
4941
4954
4958
4962
4974
4981
4983
5003
5033
5043
5050
5055
5058
5070
5075
5105
5137
5139
5142
5155
5165
5175
5176
5228
5233
5267
5279
5292
5297
5328
5342
5367
5370
5373
5386
5412
5436
5452
5456
5459
5460
5467
5469
5470
5473
5494
5495
5496
5497
5499
5502
5511
5534
5546
5558
5572
5574
5596
5601
5613
5625
5631
5639
5656
5659
5674
5677
5679
5689
5698
5707
5707
5720
5721
5721
5722
5801
5803
5805
5810
5813
5840
5860
5865
5868
5868
5870
5890
5916
5929
5943
5964
5981
6012
6016
6043
6060
6061
6098
6099
6103
6107
6121
6129
6130
6132
6134
6144
6148
6152
6164
6165
6183
6186
6200
6205
6206
6209
6222
6223
6231
6233
6234
6245
6253
6256
6257
6277
6284
6299
6309
6312
6321
6322
6348
6352
6376
6393
6410
6419
6424
6434
6446
6446
6454
6455
6482
6485
6505
6526
6539
6544
6550
6551
6564
6566
6577
6578
6592
6598
6599
6621
6624
6624
6668
6668
6672
6680
6681
6686
6689
6693
6693
6699
6709
6715
6730
6749
6757
6773
6774
6800
6803
6810
6811
6819
6832
6841
6860
6863
6865
6875
6900
6912
6912
6921
6933
6942
6945
6988
6989
6993
7011
7013
7034
7043
7051
7052
7055
7056
7062
7072
7087
7100
7124
7138
7145
7146
7155
7161
7166
7172
7182
7205
7214
7221
7223
7224
7240
7254
7257
7262
7266
7272
7279
7288
7325
7342
7352
7360
7361
7396
7417
7447
7452
7457
7461
7484
7495
7503
7516
7518
7519
7524
7548
7560
7564
7566
7584
7587
7588
7591
7596
7628
7631
7632
7636
7638
7640
7648
7648
7651
7659
7662
7672
7688
7691
7700
7739
7743
7763
7807
7815
7826
7829
7845
7857
7874
7885
7891
7896
7910
7912
7913
7915
7921
7931
7933
7946
7955
7961
7985
8001
8013
8016
8021
8044
8057
8059
8068
8081
8102
8105
8108
8113
8119
8120
8135
8135
8138
8142
8146
8147
8148
8154
8167
8169
8177
8180
8206
8210
8223
8237
8242
8250
8250
8251
8258
8289
8300
8314
8317
8332
8363
8373
8373
8404
8405
8411
8424
8424
8435
8438
8446
8447
8467
8472
8481
8492
8494
8507
8516
8520
8530
8532
8543
8546
8557
8564
8575
8587
8592
8598
8599
8611
8620
8621
8639
8655
8661
8675
8677
8688
8697
8697
8703
8707
8708
8714
8716
8727
8736
8752
8790
8792
8793
8809
8812
8832
8841
8855
8868
8875
8879
8888
8897
8901
8903
8962
8965
8965
8980
8998
9019
9031
9042
9060
9061
9062
9067
9096
9100
9113
9127
9168
9173
9182
9186
9206
9206
9216
9229
9232
9236
9239
9242
9277
9280
9290
9296
9312
9314
9323
9331
9332
9351
9359
9373
9381
9385
9389
9392
9405
9406
9409
9409
9422
9432
9463
9470
9476
9479
9487
9490
9494
9511
9518
9532
9538
9557
9570
9588
9591
9617
9627
9627
9638
9642
9645
9650
9701
9718
9723
9741
9761
9768
9772
9810
9832
9860
9888
9922
9923
9931
9935
9935
9938
9943
9948
9954
9965
9977
9984
9989
9989
9998
9999
