1
10
12
12
13
49
55
76
93
111
115
116
118
133
134
157
171
185
226
229
249
255
264
272
298
303
322
344
355
370
373
374
377
395
398
400
446
473
478
482
506
529
529
551
551
589
594
642
675
680
687
693
694
702
703
714
715
716
744
749
795
805
810
811
823
838
848
860
872
877
894
916
930
936
937
942
945
947
948
955
960
961
962
968
972
992
1023
1037
1051
1065
1065
1091
1097
1127
1130
1135
1175
1176
1186
1201
1217
1219
1235
1243
1248
1256
1263
1272
1282
1289
1320
1330
1372
1386
1402
1419
1427
1427
1449
1472
1473
1478
1482
1491
1497
1499
1516
1524
1535
1538
1546
1552
1559
1565
1576
1585
1589
1594
1596
1598
1609
1623
1645
1646
1675
1688
1697
1705
1713
1734
1734
1740
1754
1755
1757
1783
1834
1871
1886
1886
1900
1905
1905
1906
1908
1928
1941
1957
1960
1962
1970
1972
1981
1991
1999
2010
2020
2024
2039
2060
2061
2064
2080
2086
2092
2095
2097
2123
2134
2135
2145
2147
2149
2155
2163
2165
2182
2191
2200
2208
2216
2223
2264
2265
2282
2284
2285
2290
2293
2308
2323
2329
2334
2339
2355
2361
2402
2404
2408
2412
2435
2435
2451
2455
2461
2485
2488
2492
2501
2514
2518
2521
2546
2556
2588
2632
2650
2660
2666
2670
2679
2701
2705
2714
2766
2774
2779
2788
2816
2817
2819
2836
2849
2856
2863
2866
2872
2876
2877
2883
2884
2894
2903
2941
2950
2960
2960
2968
2984
2995
2997
3020
3021
3029
3029
3043
3046
3063
3071
3088
3105
3111
3113
3118
3124
3138
3142
3175
3178
3197
3200
3208
3216
3231
3232
3241
3259
3273
3276
3296
3297
3300
3300
3306
3310
3316
3344
3366
3389
3392
3419
3422
3437
3449
3472
3477
3502
3505
3549
3562
3585
3591
3595
3607
3618
3619
3623
3636
3637
3639
3641
3651
3651
3656
3698
3704
3709
3748
3768
3774
3774
3775
3789
3793
3793
3802
3829
3832
3838
3838
3853
3860
3876
3878
3884
3885
3903
3904
3912
3913
3916
3938
3957
3967
3977
3987
4003
4016
4036
4042
4063
4063
4071
4077
4083
4102
4125
4127
4127
4132
4136
4158
4170
4194
4195
4205
4207
4211
4213
4253
4265
4304
4340
4379
4389
4400
4409
4415
4425
4433
4435
4466
4468
4469
4473
4477
4492
4500
4512
4512
4513
4517
4524
4526
4531
4531
4539
4546
4548
4554
4555
4556
4580
4581
4588
4588
4590
4590
4592
4594
4601
4612
4627
4642
4665
4671
4678
4704
4706
4716
4717
4736
4739
4747
4750
4766
4774
4805
4810
4820
4822
4843
4849
4859
4862
4867
4868
4875
4885
4888
4900
4909
4911
4915
4928
4937
4962
4964
4968
4985
4996
5012
5012
5025
5028
5029
5061
5075
5083
5087
5087
5089
5090
5097
5116
5122
5125
5129
5133
5136
5140
5156
5157
5187
5195
5198
5205
5207
5213
5235
5256
5259
5269
5289
5300
5310
5310
5314
5320
5321
5322
5324
5350
5356
5365
5370
5396
5411
5418
5431
5432
5460
5462
5465
5466
5506
5520
5544
5561
5581
5584
5597
5628
5629
5631
5635
5641
5643
5654
5675
5685
5690
5693
5705
5716
5740
5741
5751
5766
5776
5781
5791
5792
5804
5808
5809
5819
5830
5832
5839
5839
5852
5856
5869
5878
5898
5923
5935
5935
5955
5963
5966
5967
5970
5971
5985
6013
6030
6035
6040
6049
6064
6067
6067
6071
6080
6087
6090
6097
6100
6124
6131
6131
6153
6164
6165
6189
6236
6241
6264
6265
6266
6272
6306
6320
6336
6339
6342
6343
6347
6353
6365
6378
6383
6388
6401
6401
6407
6409
6413
6416
6440
6445
6465
6467
6476
6490
6514
6521
6529
6530
6533
6535
6539
6541
6542
6566
6625
6627
6640
6657
6664
6667
6685
6696
6738
6742
6755
6765
6765
6776
6777
6784
6796
6811
6812
6823
6833
6847
6848
6852
6874
6877
6881
6887
6898
6916
6917
6921
6922
6923
6938
6970
6994
6998
7003
7008
7014
7015
7022
7022
7033
7035
7037
7040
7043
7051
7061
7072
7088
7095
7099
7110
7113
7118
7125
7135
7137
7144
7148
7154
7156
7170
7175
7178
7193
7195
7201
7215
7223
7229
7246
7259
7281
7296
7307
7312
7329
7334
7373
7373
7381
7424
7434
7446
7450
7456
7471
7486
7488
7492
7508
7527
7533
7536
7556
7559
7596
7605
7610
7618
7621
7627
7642
7648
7671
7674
7689
7690
7694
7716
7725
7727
7757
7773
7775
7777
7777
7778
7788
7805
7825
7829
7857
7867
7874
7881
7891
7901
7903
7904
7907
7910
7922
7928
7937
7942
7946
7949
7954
7963
7973
7979
7990
7998
8005
8006
8031
8037
8048
8064
8081
8082
8086
8108
8115
8137
8137
8150
8152
8162
8184
8190
8198
8202
8215
8217
8224
8233
8235
8240
8249
8275
8289
8292
8296
8313
8317
8318
8320
8331
8333
8347
8348
8356
8356
8360
8376
8395
8401
8402
8406
8407
8408
8426
8428
8433
8439
8453
8477
8484
8497
8500
8508
8535
8540
8541
8548
8558
8558
8565
8567
8578
8586
8590
8595
8602
8610
8613
8624
8629
8631
8633
8635
8636
8655
8668
8670
8673
8685
8690
8695
8709
8719
8725
8731
8739
8768
8771
8786
8796
8804
8807
8813
8820
8822
8826
8831
8831
8879
8882
8887
8888
8892
8893
8936
8944
8954
8959
8987
9013
9022
9022
9036
9038
9067
9071
9092
9106
9107
9111
9114
9123
9126
9130
9131
9133
9141
9142
9143
9152
9190
9202
9205
9218
9220
9220
9223
9225
9247
9252
9262
9286
9295
9304
9312
9313
9355
9361
9361
9366
9386
9409
9417
9433
9437
9442
9442
9445
9451
9451
9464
9469
9475
9483
9490
9494
9499
9502
9511
9514
9517
9531
9542
9545
9548
9560
9598
9607
9612
9616
9622
9634
9641
9650
9654
9661
9663
9663
9664
9673
9693
9694
9697
9698
9721
9728
9742
9748
9754
9771
9776
9814
9820
9827
9832
9844
9853
9858
9861
9862
9870
9871
9889
9893
9897
9905
9921
9936
9940
9954
9986
9991
10003
10003
10012
10012
10018
10036
10047
10053
10068
10070
10090
10103
10103
10112
10113
10122
10145
10150
10174
10179
10180
10186
10193
10198
10201
10205
10221
10235
10247
10249
10269
10272
10283
10288
10316
10330
10345
10348
10353
10373
10390
10425
10428
10428
10433
10445
10455
10457
10462
10478
10499
10506
10566
10581
10606
10636
10636
10641
10648
10667
10680
10682
10694
10697
10706
10708
10708
10719
10736
10743
10744
10773
10779
10784
10786
10791
10794
10798
10827
10830
10830
10837
10844
10847
10855
10861
10869
10886
10891
10896
10898
10911
10912
10930
10936
10945
10968
10976
10978
11010
11015
11036
11080
11085
11095
11102
11104
11113
11121
11127
11143
11147
11147
11150
11166
11166
11169
11171
11182
11184
11211
11213
11230
11251
11264
11267
11279
11288
11321
11321
11324
11333
11356
11364
11367
11368
11380
11383
11383
11406
11411
11417
11421
11424
11431
11445
11447
11451
11456
11465
11471
11485
11496
11523
11531
11563
11597
11604
11622
11627
11627
11639
11651
11659
11659
11671
11674
11681
11688
11700
11710
11716
11719
11733
11736
11736
11746
11756
11760
11761
11771
11773
11782
11786
11788
11792
11793
11818
11824
11829
11850
11851
11851
11882
11884
11897
11902
11910
11913
11914
11916
11944
11952
11959
11965
11987
11990
12002
12006
12010
12034
12036
12044
12055
12068
12072
12088
12088
12112
12126
12143
12164
12182
12182
12186
12187
12214
12222
12224
12232
12255
12264
12268
12270
12271
12285
12324
12325
12332
12333
12337
12368
12381
12416
12420
12438
12444
12444
12454
12464
12466
12473
12482
12495
12498
12499
12510
12516
12538
12546
12560
12577
12578
12594
12596
12607
12613
12632
12649
12656
12660
12661
12675
12677
12691
12707
12737
12771
12794
12806
12820
12823
12829
12831
12832
12841
12855
12864
12871
12875
12879
12883
12884
12902
12931
12934
12958
12983
12997
12998
13018
13032
13046
13047
13050
13057
13060
13106
13137
13142
13143
13145
13152
13166
13167
13169
13175
13177
13180
13188
13208
13214
13215
13234
13266
13267
13269
13275
13278
13279
13286
13307
13311
13332
13361
13402
13409
13425
13425
13435
13454
13457
13463
13515
13518
13533
13537
13544
13556
13575
13579
13601
13612
13614
13635
13643
13645
13656
13659
13679
13679
13687
13692
13693
13702
13724
13740
13763
13766
13766
13767
13777
13788
13792
13812
13824
13839
13844
13844
13880
13890
13901
13905
13931
13935
13950
13955
13969
13984
13989
13996
13998
13998
14002
14006
14022
14023
14027
14047
14057
14124
14125
14139
14149
14150
14158
14162
14163
14178
14186
14190
14194
14212
14268
14273
14284
14284
14312
14322
14330
14337
14338
14342
14345
14346
14350
14351
14352
14361
14364
14377
14381
14402
14405
14423
14423
14425
14443
14443
14448
14449
14457
14464
14469
14483
14486
14504
14510
14511
14536
14551
14556
14583
14587
14591
14598
14611
14626
14640
14641
14642
14653
14682
14692
14692
14697
14731
14754
14770
14775
14782
14792
14792
14824
14828
14873
14879
14880
14885
14889
14895
14895
14904
14910
14923
14937
14946
14952
14957
14958
14961
15020
15020
15025
15058
15060
15076
15117
15126
15128
15142
15145
15146
15180
15182
15189
15194
15196
15199
15205
15215
15220
15230
15235
15255
15258
15270
15276
15276
15282
15318
15319
15343
15344
15348
15355
15388
15388
15414
15418
15420
15423
15425
15432
15440
15443
15457
15465
15471
15480
15498
15504
15504
15510
15527
15532
15532
15567
15568
15573
15580
15588
15588
15589
15592
15602
15623
15629
15637
15648
15662
15666
15679
15679
15682
15686
15709
15750
15752
15763
15764
15787
15789
15804
15815
15817
15828
15835
15837
15838
15848
15864
15867
15879
15890
15894
15896
15898
15903
15910
15929
15949
15958
15972
15985
15995
16003
16011
16031
16039
16050
16056
16075
16093
16095
16115
16137
16140
16141
16145
16149
16155
16166
16168
16168
16174
16179
16185
16231
16232
16233
16247
16254
16258
16269
16275
16278
16279
16315
16347
16365
16391
16428
16429
16430
16453
16459
16460
16486
16487
16510
16535
16542
16556
16575
16646
16655
16677
16695
16703
16704
16709
16722
16725
16746
16753
16763
16764
16771
16788
16811
16815
16823
16825
16837
16871
16876
16887
16888
16903
16904
16905
16917
16919
16929
16930
16937
16953
16999
17024
17037
17043
17063
17063
17076
17082
17085
17089
17094
17094
17096
17114
17132
17140
17156
17169
17180
17181
17212
17225
17231
17263
17269
17308
17355
17404
17407
17408
17414
17418
17440
17467
17469
17473
17489
17494
17496
17524
17549
17565
17572
17573
17584
17590
17600
17612
17612
17616
17623
17647
17663
17667
17681
17698
17723
17723
17724
17737
17746
17780
17781
17783
17787
17790
17801
17818
17824
17832
17834
17842
17844
17852
17871
17886
17891
17917
17921
17921
17928
17930
17935
17949
17953
17962
17967
17970
17970
17977
17982
17984
17991
17997
18000
18016
18018
18024
18033
18034
18046
18050
18057
18058
18062
18063
18067
18069
18073
18075
18095
18114
18114
18119
18125
18143
18147
18174
18176
18184
18187
18233
18233
18235
18265
18274
18286
18295
18296
18310
18311
18365
18409
18420
18434
18435
18489
18494
18504
18505
18524
18534
18540
18556
18570
18579
18579
18595
18597
18599
18606
18607
18618
18623
18673
18679
18679
18694
18707
18754
18758
18763
18769
18803
18842
18842
18843
18845
18846
18847
18847
18859
18887
18915
18925
18933
18945
18947
18949
18952
18962
18968
18977
18978
18991
18995
19006
19012
19026
19036
19037
19041
19052
19056
19063
19065
19066
19072
19073
19076
19076
19081
19098
19100
19106
19112
19119
19126
19131
19136
19145
19147
19168
19173
19176
19176
19199
19208
19216
19228
19238
19238
19277
19284
19290
19298
19300
19347
19349
19373
19381
19382
19394
19419
19421
19424
19430
19431
19435
19437
19449
19460
19481
19506
19510
19516
19524
19531
19533
19537
19541
19551
19557
19561
19604
19610
19611
19645
19648
19654
19654
19670
19683
19691
19693
19699
19737
19739
19743
19755
19768
19795
19808
19811
19815
19834
19847
19878
19894
19923
19956
19957
19957
19960
19972
19974
19994
20013
20029
20034
20040
20043
20044
20091
20092
20099
20134
20151
20173
20173
20183
20190
20196
20198
20201
20210
20212
20224
20227
20235
20242
20250
20250
20257
20264
20265
20281
20286
20295
20309
20311
20316
20346
20357
20384
20386
20388
20394
20397
20400
20407
20419
20439
20446
20456
20482
20505
20510
20514
20516
20542
20543
20553
20587
20601
20611
20617
20626
20655
20658
20689
20691
20693
20694
20726
20768
20777
20777
20778
20789
20808
20814
20834
20847
20855
20894
20905
20906
20908
20908
20910
20945
20961
20985
20997
21000
21045
21053
21053
21054
21060
21073
21087
21091
21100
21104
21105
21112
21113
21118
21122
21134
21141
21154
21169
21187
21188
21196
21216
21218
21222
21222
21240
21244
21245
21310
21326
21352
21359
21359
21372
21381
21383
21399
21405
21411
21436
21449
21452
21496
21501
21506
21518
21519
21526
21541
21548
21553
21554
21559
21576
21583
21593
21594
21604
21606
21607
21618
21623
21647
21652
21659
21686
21735
21745
21749
21778
21784
21789
21790
21799
21802
21819
21827
21833
21856
21857
21857
21860
21863
21880
21901
21913
21946
21950
21970
21976
21981
21992
22006
22022
22074
22081
22108
22122
22130
22133
22141
22148
22153
22167
22205
22206
22224
22230
22230
22270
22273
22288
22289
22294
22299
22303
22311
22311
22322
22352
22364
22373
22373
22379
22393
22396
22402
22409
22411
22427
22484
22484
22485
22488
22503
22510
22517
22532
22544
22545
22561
22562
22566
22606
22617
22632
22667
22694
22697
22707
22726
22767
22767
22769
22787
22788
22791
22802
22806
22810
22813
22823
22852
22902
22909
22916
22947
22952
22960
22962
22968
22979
22985
22997
23000
23016
23022
23026
23048
23053
23057
23064
23065
23091
23092
23097
23115
23122
23124
23126
23134
23138
23154
23160
23173
23175
23193
23205
23216
23219
23225
23228
23232
23234
23236
23255
23255
23255
23259
23303
23323
23331
23335
23335
23339
23355
23358
23384
23424
23427
23428
23436
23451
23478
23487
23489
23500
23502
23503
23511
23521
23528
23541
23542
23549
23563
23568
23572
23595
23613
23613
23637
23646
23674
23680
23680
23681
23682
23709
23709
23720
23721
23723
23733
23736
23754
23760
23794
23798
23800
23801
23818
23828
23862
23872
23873
23886
23901
23913
23921
23935
23935
23937
23951
23957
23964
23967
23976
23979
23991
23994
23994
23997
24000
24008
24023
24025
24029
24038
24040
24085
24092
24094
24103
24107
24122
24129
24167
24205
24220
24233
24235
24236
24243
24270
24272
24296
24301
24301
24303
24315
24324
24334
24340
24355
24364
24376
24382
24386
24408
24409
24411
24447
24461
24485
24490
24497
24514
24526
24528
24529
24555
24558
24558
24573
24575
24582
24598
24608
24615
24620
24624
24627
24632
24638
24640
24645
24646
24653
24658
24658
24666
24687
24691
24703
24732
24741
24753
24764
24770
24796
24800
24804
24820
24824
24842
24843
24845
24875
24879
24890
24892
24897
24904
24930
24930
24943
24948
24987
25005
25011
25019
25024
25034
25042
25056
25063
25065
25092
25140
25149
25173
25188
25188
25196
25200
25213
25220
25221
25223
25229
25255
25259
25264
25282
25288
25341
25349
25443
25458
25474
25480
25495
25508
25526
25532
25534
25544
25546
25558
25558
25559
25574
25574
25591
25596
25596
25600
25645
25652
25668
25676
25684
25696
25714
25733
25733
25737
25757
25768
25769
25770
25785
25789
25792
25801
25809
25823
25835
25874
25878
25883
25884
25887
25894
25913
25919
25946
25948
25953
25957
25960
25971
25977
25982
25999
26003
26004
26032
26033
26040
26045
26047
26050
26052
26053
26067
26107
26128
26130
26142
26160
26176
26190
26207
26215
26218
26218
26230
26244
26245
26252
26274
26285
26291
26292
26295
26302
26315
26321
26331
26360
26367
26373
26377
26388
26391
26400
26425
26426
26443
26455
26461
26462
26491
26497
26512
26513
26514
26517
26529
26546
26547
26552
26562
26579
26586
26587
26597
26619
26622
26622
26626
26665
26667
26675
26675
26679
26695
26705
26715
26729
26764
26767
26767
26772
26778
26782
26789
26806
26810
26812
26834
26838
26841
26850
26857
26866
26878
26900
26903
26941
26941
26948
26957
26962
26968
26974
26975
26999
27011
27014
27039
27062
27062
27067
27074
27079
27084
27085
27088
27099
27134
27137
27139
27156
27156
27160
27161
27171
27173
27177
27203
27207
27210
27219
27221
27229
27232
27244
27247
27286
27291
27301
27304
27309
27345
27353
27364
27365
27388
27421
27431
27442
27450
27468
27477
27484
27484
27485
27492
27511
27514
27551
27551
27558
27558
27569
27573
27585
27589
27600
27605
27641
27641
27646
27646
27653
27654
27660
27682
27689
27692
27694
27696
27720
27729
27732
27739
27744
27748
27748
27750
27768
27768
27771
27794
27797
27799
27812
27827
27828
27840
27855
27859
27861
27869
27873
27880
27881
27886
27893
27894
27911
27912
27915
27920
27921
27972
27973
27990
28003
28017
28034
28040
28056
28070
28070
28087
28094
28094
28096
28105
28128
28140
28156
28183
28187
28206
28215
28224
28229
28236
28244
28246
28254
28263
28266
28286
28305
28318
28318
28337
28339
28364
28374
28376
28379
28381
28396
28408
28458
28463
28466
28480
28482
28498
28527
28529
28536
28542
28555
28563
28598
28601
28612
28630
28641
28647
28649
28652
28666
28667
28687
28692
28703
28718
28723
28750
28752
28778
28783
28815
28820
28823
28823
28830
28831
28841
28858
28865
28866
28870
28882
28889
28890
28903
28910
28910
28911
28912
28915
28922
28928
28929
28933
28943
28977
29003
29006
29015
29022
29026
29031
29042
29072
29082
29110
29114
29122
29128
29137
29153
29157
29170
29174
29186
29213
29218
29231
29235
29235
29243
29264
29268
29275
29277
29286
29293
29301
29307
29311
29327
29339
29350
29363
29376
29405
29406
29417
29422
29438
29451
29454
29456
29466
29477
29485
29492
29498
29502
29509
29528
29535
29544
29546
29561
29599
29609
29615
29618
29634
29635
29637
29641
29642
29643
29653
29653
29657
29662
29669
29681
29713
29719
29742
29753
29770
29777
29786
29796
29798
29804
29804
29806
29816
29818
29836
29846
29848
29856
29869
29882
29908
29910
29932
29945
29960
29961
29996
30000
30005
30006
30009
30012
30017
30029
30041
30045
30047
30049
30055
30057
30074
30080
30099
30105
30111
30114
30124
30125
30132
30133
30143
30165
30166
30171
30176
30178
30191
30195
30212
30213
30215
30228
30228
30244
30288
30289
30294
30295
30297
30300
30321
30333
30350
30365
30371
30387
30398
30438
30444
30449
30451
30463
30498
30518
30527
30535
30535
30560
30563
30563
30566
30566
30567
30570
30573
30595
30597
30603
30606
30629
30632
30665
30684
30685
30693
30719
30730
30746
30766
30777
30796
30827
30829
30831
30833
30841
30852
30873
30877
30883
30898
30901
30905
30907
30913
30935
30950
30987
30987
31002
31032
31035
31039
31054
31055
31057
31073
31075
31076
31080
31086
31104
31117
31124
31125
31135
31144
31153
31175
31177
31189
31204
31229
31239
31247
31248
31254
31270
31285
31285
31294
31301
31304
31310
31313
31319
31327
31337
31338
31344
31351
31357
31372
31380
31412
31434
31438
31443
31445
31456
31463
31466
31468
31469
31477
31480
31491
31508
31517
31535
31547
31570
31573
31609
31639
31641
31643
31643
31655
31674
31676
31686
31697
31708
31715
31717
31719
31721
31729
31737
31740
31747
31764
31775
31775
31786
31815
31818
31857
31881
31913
31919
31925
31932
31939
31944
31977
31978
31984
31985
32003
32009
32014
32016
32031
32035
32043
32048
32055
32063
32064
32065
32112
32127
32145
32147
32148
32148
32154
32158
32168
32169
32172
32172
32205
32262
32264
32269
32270
32272
32284
32294
32309
32310
32324
32330
32343
32344
32356
32362
32368
32374
32391
32394
32396
32404
32427
32433
32449
32463
32478
32479
32503
32505
32520
32530
32542
32545
32551
32553
32577
32597
32605
32618
32631
32637
32643
32645
32664
32713
32720
32761
32781
32792
32795
32798
32807
32819
32833
32833
32847
32850
32853
32869
32890
32890
32897
32899
32904
32920
32935
32939
32943
32961
33001
33015
33025
33037
33042
33047
33054
33055
33070
33092
33100
33112
33152
33153
33157
33162
33182
33193
33205
33208
33209
33213
33218
33220
33221
33292
33298
33306
33308
33311
33314
33314
33321
33323
33333
33339
33344
33352
33365
33367
33367
33378
33407
33411
33418
33418
33420
33425
33440
33453
33470
33473
33473
33473
33476
33477
33480
33483
33494
33497
33502
33510
33523
33531
33542
33549
33549
33549
33560
33565
33568
33579
33582
33588
33593
33611
33615
33618
33632
33634
33660
33674
33675
33689
33702
33704
33709
33712
33723
33724
33731
33736
33738
33743
33745
33745
33751
33758
33770
33774
33791
33799
33799
33805
33808
33812
33823
33852
33857
33861
33862
33870
33874
33880
33900
33905
33905
33919
33939
33955
33971
33978
34019
34024
34025
34062
34077
34078
34099
34142
34143
34149
34154
34176
34201
34204
34205
34238
34247
34249
34267
34280
34284
34292
34297
34301
34303
34311
34326
34329
34360
34392
34397
34405
34405
34427
34427
34438
34448
34450
34453
34470
34471
34476
34477
34501
34511
34512
34515
34541
34552
34556
34561
34592
34592
34595
34611
34629
34643
34670
34696
34712
34718
34749
34757
34759
34760
34761
34767
34803
34808
34823
34829
34843
34848
34848
34850
34868
34874
34876
34883
34893
34902
34914
34923
34926
34929
34942
34952
34969
34972
34984
34990
34990
34991
34996
35003
35013
35017
35033
35033
35035
35035
35039
35040
35061
35071
35081
35108
35112
35148
35149
35149
35151
35171
35180
35189
35198
35199
35223
35241
35246
35248
35261
35269
35286
35295
35302
35310
35331
35348
35377
35394
35396
35418
35418
35431
35437
35446
35449
35453
35463
35472
35475
35478
35478
35483
35484
35506
35508
35522
35556
35565
35567
35569
35602
35606
35616
35619
35632
35635
35642
35649
35664
35681
35688
35688
35690
35698
35701
35706
35715
35721
35733
35765
35772
35773
35773
35782
35804
35810
35848
35867
35876
35882
35895
35896
35927
35930
35935
35956
35962
35965
35975
35980
35981
35990
35991
36009
36013
36021
36043
36043
36048
36052
36052
36061
36070
36072
36077
36108
36124
36153
36155
36170
36174
36225
36227
36235
36266
36278
36291
36292
36295
36298
36322
36324
36347
36357
36361
36362
36377
36378
36381
36401
36412
36412
36462
36466
36478
36482
36483
36493
36497
36509
36511
36522
36532
36541
36544
36556
36557
36561
36572
36584
36589
36591
36595
36608
36612
36623
36658
36660
36660
36667
36699
36713
36723
36768
36769
36769
36775
36777
36818
36818
36828
36830
36834
36839
36841
36843
36849
36853
36880
36881
36890
36891
36914
36919
36932
36932
36941
36950
36971
36977
36979
36984
36988
36998
37008
37016
37017
37027
37031
37035
37042
37045
37057
37066
37072
37074
37083
37103
37114
37117
37122
37131
37134
37156
37175
37196
37197
37198
37202
37220
37223
37229
37229
37233
37240
37252
37266
37278
37292
37311
37323
37323
37338
37340
37346
37354
37361
37362
37371
37373
37414
37458
37460
37462
37497
37499
37504
37505
37505
37515
37536
37545
37546
37549
37564
37565
37590
37595
37598
37620
37632
37636
37678
37680
37687
37692
37693
37729
37732
37751
37770
37774
37790
37790
37795
37801
37805
37818
37821
37829
37832
37833
37837
37839
37843
37854
37856
37887
37898
37898
37903
37908
37911
37913
37922
37923
37930
37946
37951
37957
37967
37974
37975
37978
37981
38008
38009
38020
38057
38061
38074
38111
38118
38123
38125
38135
38156
38177
38195
38204
38231
38232
38241
38242
38251
38266
38285
38299
38301
38321
38327
38340
38340
38347
38355
38362
38363
38369
38370
38371
38377
38396
38396
38411
38412
38416
38417
38450
38455
38466
38470
38471
38473
38483
38496
38497
38504
38504
38507
38510
38528
38528
38529
38546
38553
38553
38562
38576
38586
38592
38606
38610
38615
38625
38630
38632
38644
38654
38660
38668
38673
38676
38683
38688
38701
38701
38704
38727
38744
38751
38758
38767
38782
38791
38794
38805
38809
38809
38809
38819
38825
38831
38835
38837
38848
38849
38857
38893
38900
38901
38902
38914
38921
38924
38926
38928
38940
38954
38955
38963
38970
38976
38984
39006
39006
39020
39028
39061
39076
39081
39086
39097
39115
39125
39125
39127
39128
39141
39142
39162
39166
39188
39188
39189
39190
39195
39219
39239
39241
39248
39298
39329
39340
39342
39367
39376
39376
39383
39392
39397
39412
39428
39429
39431
39439
39444
39466
39471
39480
39504
39512
39514
39515
39519
39520
39524
39535
39543
39548
39573
39582
39585
39605
39607
39611
39618
39620
39631
39651
39668
39670
39674
39679
39685
39694
39700
39722
39723
39725
39730
39738
39740
39747
39750
39758
39777
39823
39827
39833
39845
39847
39847
39869
39873
39873
39887
39892
39923
39931
39958
39963
39970
39980
39984
39990
40002
40013
40016
40021
40028
40036
40047
40057
40106
40111
40115
40115
40127
40148
40180
40193
40210
40212
40214
40222
40226
40245
40262
40285
40294
40312
40315
40320
40326
40338
40338
40341
40345
40345
40358
40363
40372
40375
40400
40414
40433
40434
40451
40454
40463
40488
40502
40507
40508
40516
40524
40559
40568
40578
40592
40617
40619
40640
40664
40664
40696
40701
40725
40731
40731
40754
40770
40776
40784
40788
40805
40837
40856
40879
40881
40882
40883
40902
40906
40916
40916
40919
40924
40929
40938
40954
40955
40964
40970
40972
40975
40983
40983
41000
41009
41018
41028
41037
41044
41072
41079
41090
41109
41111
41118
41130
41138
41139
41140
41165
41173
41190
41191
41197
41210
41242
41247
41257
41266
41268
41289
41289
41290
41300
41308
41322
41399
41405
41406
41410
41416
41425
41447
41451
41464
41471
41475
41480
41480
41484
41489
41490
41490
41518
41524
41526
41541
41546
41576
41602
41622
41622
41625
41628
41657
41662
41676
41677
41694
41695
41722
41737
41742
41745
41767
41794
41798
41815
41820
41823
41856
41889
41897
41899
41918
41926
41929
41947
41952
41965
41968
41969
41972
41974
41991
41992
42002
42012
42025
42025
42035
42045
42068
42074
42078
42112
42116
42121
42129
42137
42152
42156
42165
42195
42198
42208
42221
42244
42245
42251
42253
42254
42263
42270
42290
42302
42315
42345
42345
42375
42377
42377
42383
42384
42385
42388
42411
42420
42425
42426
42430
42438
42449
42468
42470
42480
42481
42493
42499
42510
42510
42512
42514
42518
42521
42549
42573
42623
42626
42638
42656
42663
42664
42676
42682
42687
42695
42699
42708
42712
42731
42732
42740
42769
42774
42777
42800
42821
42826
42832
42832
42836
42848
42867
42868
42870
42875
42876
42877
42884
42887
42898
42902
42906
42909
42917
42940
42950
42974
42981
43007
43013
43017
43042
43042
43053
43056
43064
43072
43106
43115
43131
43138
43150
43150
43158
43169
43182
43185
43210
43211
43219
43226
43236
43243
43244
43300
43331
43341
43344
43357
43364
43390
43409
43430
43440
43458
43467
43470
43471
43474
43489
43503
43510
43511
43527
43532
43533
43545
43579
43604
43611
43617
43625
43637
43638
43639
43654
43658
43674
43677
43679
43682
43736
43742
43759
43783
43786
43795
43802
43807
43808
43811
43823
43830
43849
43862
43882
43911
43911
43929
43932
43939
43946
43953
43964
43971
43973
43975
43977
43995
43998
44013
44020
44033
44034
44041
44066
44075
44079
44082
44083
44126
44128
44133
44143
44176
44178
44179
44208
44238
44291
44312
44313
44323
44326
44328
44336
44340
44349
44359
44385
44406
44418
44430
44449
44457
44463
44472
44494
44496
44503
44529
44533
44534
44536
44539
44579
44580
44583
44593
44602
44607
44608
44622
44638
44666
44698
44712
44714
44728
44737
44743
44768
44789
44791
44807
44815
44817
44817
44823
44828
44832
44856
44860
44870
44870
44873
44873
44877
44887
44902
44909
44913
44916
44930
44942
44952
44953
44977
44979
44985
44991
45043
45054
45064
45074
45077
45090
45094
45101
45105
45134
45143
45157
45186
45189
45192
45193
45198
45202
45213
45217
45231
45255
45257
45319
45350
45360
45405
45410
45412
45426
45464
45469
45470
45474
45499
45500
45504
45511
45520
45533
45540
45550
45554
45558
45559
45594
45598
45604
45618
45620
45632
45638
45645
45648
45652
45656
45665
45666
45668
45672
45677
45687
45697
45705
45718
45721
45739
45752
45771
45772
45781
45806
45819
45847
45849
45853
45863
45877
45888
45891
45896
45910
45917
45926
45948
45958
45959
45964
45975
45982
45986
46004
46020
46020
46044
46044
46054
46066
46073
46086
46089
46106
46125
46125
46128
46133
46136
46150
46164
46179
46193
46194
46224
46224
46226
46239
46239
46240
46244
46254
46267
46267
46282
46283
46296
46328
46330
46330
46332
46341
46355
46360
46364
46381
46411
46425
46443
46465
46506
46512
46516
46528
46554
46555
46566
46582
46588
46605
46606
46620
46631
46632
46635
46686
46691
46707
46711
46717
46718
46722
46737
46742
46755
46756
46757
46768
46786
46788
46789
46795
46810
46857
46865
46887
46901
46904
46922
46933
46972
46979
46985
46991
47056
47070
47087
47090
47092
47110
47114
47114
47115
47116
47122
47154
47168
47177
47194
47202
47219
47225
47226
47246
47246
47247
47264
47267
47283
47288
47297
47324
47330
47334
47355
47366
47371
47376
47385
47390
47391
47397
47407
47420
47422
47438
47454
47472
47478
47483
47515
47519
47530
47536
47540
47543
47550
47554
47569
47574
47579
47588
47592
47610
47623
47625
47632
47666
47685
47696
47707
47718
47722
47724
47727
47728
47734
47739
47745
47755
47768
47802
47804
47826
47838
47840
47857
47858
47874
47878
47911
47917
47918
47922
47925
47931
47947
47962
47967
47970
47977
47982
47991
47993
47997
48029
48032
48039
48051
48059
48069
48088
48093
48119
48123
48128
48134
48149
48164
48167
48171
48171
48199
48203
48237
48241
48256
48271
48280
48306
48307
48314
48317
48320
48336
48355
48365
48368
48376
48377
48387
48389
48394
48406
48411
48428
48447
48451
48463
48469
48475
48477
48484
48488
48488
48490
48509
48510
48510
48516
48519
48540
48599
48616
48618
48624
48632
48646
48647
48651
48661
48671
48674
48680
48681
48682
48693
48699
48699
48704
48721
48727
48741
48752
48756
48772
48775
48784
48829
48866
48869
48884
48896
48901
48919
48921
48927
48936
48942
48944
48950
48961
48999
49014
49017
49018
49019
49024
49035
49043
49048
49049
49073
49084
49086
49087
49108
49115
49123
49142
49155
49175
49189
49206
49224
49248
49252
49257
49265
49274
49281
49301
49335
49365
49383
49392
49394
49409
49422
49434
49435
49479
49511
49545
49577
49582
49592
49592
49602
49610
49618
49627
49641
49694
49712
49722
49753
49753
49758
49760
49764
49766
49773
49776
49776
49787
49788
49790
49792
49818
49832
49856
49861
49887
49897
49916
49917
49923
49933
49935
49946
49957
49973
49974
49987
49993
49996
50006
50012
50026
50051
50052
50056
50075
50086
50087
50087
50097
50100
50103
50103
50107
50119
50132
50136
50141
50169
50178
50195
50232
50255
50256
50263
50277
50281
50290
50292
50302
50306
50306
50310
50314
50338
50364
50372
50375
50375
50389
50391
50402
50417
50432
50435
50483
50486
50500
50504
50517
50527
50535
50535
50539
50559
50560
50585
50606
50610
50618
50641
50644
50646
50673
50686
50687
50698
50702
50708
50718
50755
50761
50782
50790
50790
50801
50812
50815
50828
50829
50840
50875
50890
50896
50903
50905
50913
50919
50923
50928
50948
50949
50952
50960
50987
51001
51006
51006
51023
51025
51040
51042
51049
51056
51058
51059
51063
51069
51079
51086
51088
51140
51144
51145
51146
51146
51164
51174
51182
51186
51190
51242
51242
51246
51250
51258
51275
51288
51289
51293
51302
51327
51329
51335
51341
51349
51349
51354
51358
51375
51401
51417
51433
51433
51448
51463
51475
51480
51489
51514
51528
51531
51532
51536
51540
51564
51568
51581
51582
51588
51619
51633
51641
51643
51648
51648
51694
51695
51696
51705
51705
51707
51710
51713
51719
51758
51762
51762
51777
51790
51837
51845
51865
51874
51911
51929
51933
51963
51973
51976
51986
51988
52009
52017
52030
52042
52045
52069
52074
52076
52081
52097
52109
52111
52126
52137
52139
52149
52152
52156
52162
52168
52173
52183
52184
52189
52192
52196
52213
52220
52227
52233
52234
52242
52244
52249
52254
52270
52272
52288
52291
52301
52319
52327
52335
52351
52367
52368
52385
52389
52398
52434
52443
52444
52458
52462
52485
52489
52490
52506
52520
52535
52538
52545
52548
52550
52556
52561
52569
52573
52580
52590
52593
52594
52600
52611
52612
52617
52630
52640
52648
52649
52677
52704
52710
52710
52713
52715
52730
52732
52735
52753
52764
52785
52786
52786
52788
52811
52820
52836
52848
52854
52861
52864
52878
52900
52902
52917
52920
52944
52955
52957
52975
52976
52983
52993
53004
53009
53010
53010
53020
53022
53025
53032
53039
53042
53043
53046
53061
53076
53085
53091
53098
53099
53100
53101
53106
53141
53142
53146
53152
53156
53161
53164
53166
53167
53176
53176
53179
53194
53199
53204
53209
53210
53211
53227
53236
53277
53287
53320
53342
53349
53349
53356
53365
53368
53383
53386
53398
53401
53403
53407
53423
53429
53430
53432
53442
53443
53448
53454
53455
53480
53483
53507
53516
53526
53537
53541
53549
53551
53584
53585
53606
53628
53650
53655
53671
53675
53676
53684
53698
53701
53722
53725
53730
53739
53740
53742
53745
53761
53771
53776
53789
53791
53796
53820
53833
53838
53844
53852
53862
53876
53880
53887
53894
53906
53932
53939
53952
53955
53963
53969
53971
53993
54004
54025
54034
54039
54042
54052
54060
54072
54086
54136
54152
54159
54160
54160
54178
54178
54189
54204
54205
54211
54213
54234
54252
54257
54262
54287
54295
54312
54327
54336
54338
54349
54353
54354
54379
54383
54401
54476
54494
54509
54511
54532
54554
54589
54594
54601
54602
54616
54625
54658
54661
54666
54667
54669
54679
54689
54705
54705
54713
54715
54716
54724
54740
54740
54742
54745
54751
54754
54775
54777
54782
54792
54800
54805
54834
54849
54874
54904
54924
54934
54959
54960
54961
54983
54983
54985
54997
55006
55011
55019
55040
55041
55053
55056
55059
55061
55064
55075
55082
55112
55112
55116
55123
55130
55156
55158
55172
55201
55207
55208
55210
55212
55220
55226
55232
55238
55250
55272
55275
55286
55295
55303
55317
55327
55328
55330
55335
55345
55346
55382
55396
55427
55432
55453
55465
55504
55507
55516
55516
55533
55538
55543
55587
55591
55593
55598
55598
55616
55645
55658
55658
55659
55664
55673
55674
55676
55692
55695
55704
55717
55728
55731
55745
55822
55860
55866
55870
55887
55893
55904
55918
55918
55946
55960
55960
55967
55999
56020
56024
56033
56042
56047
56058
56070
56074
56085
56105
56116
56126
56151
56163
56175
56179
56183
56210
56233
56244
56254
56256
56258
56305
56315
56354
56362
56364
56369
56372
56374
56390
56409
56413
56414
56419
56432
56458
56458
56465
56472
56475
56482
56488
56506
56533
56539
56544
56551
56557
56559
56573
56576
56582
56587
56593
56593
56607
56617
56618
56634
56636
56649
56650
56675
56687
56692
56713
56717
56721
56726
56732
56755
56788
56792
56793
56835
56847
56847
56868
56869
56872
56873
56889
56890
56890
56892
56896
56896
56904
56905
56907
56911
56929
56935
56939
56941
56948
56975
56986
57019
57027
57028
57061
57071
57080
57104
57128
57137
57142
57142
57146
57164
57179
57191
57196
57212
57220
57220
57234
57259
57277
57293
57308
57309
57337
57371
57373
57392
57404
57417
57419
57440
57440
57441
57447
57449
57455
57467
57470
57471
57475
57481
57489
57499
57508
57519
57521
57529
57535
57552
57553
57583
57585
57593
57594
57609
57638
57651
57658
57659
57676
57680
57706
57718
57721
57730
57735
57747
57749
57750
57765
57814
57839
57846
57852
57874
57880
57887
57887
57888
57895
57913
57916
57923
57936
57960
57963
57970
57974
57986
57998
58019
58031
58032
58047
58048
58049
58050
58052
58067
58072
58073
58083
58098
58101
58101
58119
58123
58126
58128
58143
58144
58153
58156
58158
58162
58163
58172
58180
58183
58195
58212
58232
58238
58256
58261
58274
58275
58278
58283
58300
58303
58308
58309
58311
58332
58337
58365
58368
58389
58403
58405
58406
58411
58419
58424
58451
58458
58461
58477
58477
58516
58556
58560
58561
58562
58565
58588
58620
58630
58648
58664
58666
58680
58681
58695
58725
58731
58737
58746
58753
58754
58769
58769
58778
58786
58843
58844
58870
58873
58875
58881
58883
58885
58893
58907
58911
58911
58921
58936
58942
58946
58950
58961
58963
58994
59003
59013
59017
59020
59027
59041
59042
59045
59050
59053
59082
59095
59105
59114
59116
59118
59165
59169
59211
59227
59243
59261
59270
59276
59277
59292
59305
59309
59316
59325
59327
59329
59345
59349
59353
59359
59365
59374
59376
59376
59382
59414
59414
59416
59418
59420
59429
59453
59455
59463
59473
59484
59490
59493
59498
59511
59515
59522
59528
59547
59563
59564
59568
59590
59600
59607
59630
59631
59635
59639
59648
59660
59661
59662
59664
59671
59697
59708
59720
59733
59759
59761
59767
59771
59788
59799
59807
59832
59837
59844
59866
59870
59878
59893
59902
59922
59922
59923
59941
59944
59951
59957
59959
59981
59983
59993
60030
60041
60057
60064
60070
60094
60127
60134
60156
60176
60179
60185
60204
60204
60211
60224
60233
60247
60252
60255
60263
60268
60278
60291
60296
60326
60343
60348
60351
60388
60395
60401
60405
60406
60407
60411
60421
60461
60465
60472
60473
60500
60530
60541
60541
60559
60565
60566
60571
60573
60611
60619
60626
60633
60638
60645
60653
60664
60672
60694
60700
60708
60721
60759
60771
60782
60783
60807
60809
60809
60810
60823
60826
60827
60831
60849
60853
60858
60865
60872
60878
60900
60927
60930
60942
60943
60947
60967
60967
60971
60977
61017
61025
61027
61027
61028
61039
61045
61053
61064
61077
61096
61115
61141
61147
61149
61149
61185
61204
61209
61215
61221
61222
61222
61257
61260
61265
61269
61270
61276
61290
61294
61295
61329
61331
61339
61339
61363
61369
61370
61379
61383
61396
61398
61400
61401
61402
61404
61405
61406
61407
61411
61412
61429
61441
61449
61453
61457
61472
61479
61501
61515
61527
61552
61563
61569
61578
61583
61602
61606
61640
61645
61646
61652
61657
61659
61667
61705
61717
61743
61747
61760
61760
61761
61779
61818
61857
61859
61883
61891
61892
61893
61904
61906
61908
61909
61913
61924
61926
61936
61943
62000
62021
62049
62050
62054
62069
62071
62078
62097
62116
62121
62134
62140
62142
62178
62182
62209
62210
62213
62214
62238
62258
62265
62286
62306
62327
62331
62340
62340
62352
62361
62401
62403
62438
62448
62452
62460
62466
62467
62474
62477
62496
62509
62520
62540
62546
62557
62580
62582
62593
62594
62597
62603
62604
62617
62622
62622
62634
62635
62639
62644
62650
62663
62686
62693
62701
62709
62711
62712
62714
62723
62749
62752
62758
62784
62790
62816
62819
62822
62827
62827
62828
62828
62834
62839
62841
62856
62871
62899
62909
62909
62913
62939
62943
62963
62966
62997
62998
63009
63031
63037
63066
63101
63106
63110
63111
63130
63131
63137
63138
63139
63144
63149
63150
63173
63173
63179
63197
63202
63208
63234
63237
63257
63259
63262
63265
63280
63290
63291
63295
63302
63304
63311
63317
63318
63335
63342
63362
63368
63378
63379
63383
63388
63414
63420
63434
63443
63457
63461
63488
63491
63503
63511
63523
63524
63526
63528
63528
63565
63567
63568
63568
63585
63589
63617
63622
63648
63649
63655
63659
63661
63682
63690
63712
63716
63718
63766
63771
63788
63797
63800
63815
63827
63838
63849
63856
63870
63872
63888
63892
63897
63925
63932
63942
63952
63980
63982
63985
63985
63990
64006
64013
64016
64034
64040
64046
64047
64049
64060
64060
64066
64082
64082
64088
64108
64109
64111
64111
64119
64123
64142
64142
64157
64161
64162
64163
64169
64206
64213
64233
64257
64264
64291
64316
64361
64370
64375
64393
64400
64407
64411
64431
64431
64441
64458
64459
64461
64464
64471
64487
64493
64500
64528
64530
64530
64544
64555
64579
64586
64588
64620
64625
64639
64648
64649
64654
64685
64685
64690
64701
64704
64723
64724
64726
64740
64740
64753
64756
64761
64761
64767
64782
64782
64789
64797
64810
64811
64812
64818
64818
64829
64840
64843
64845
64858
64860
64862
64869
64870
64871
64880
64887
64897
64907
64920
64948
64952
64971
64989
65035
65052
65073
65082
65093
65115
65121
65141
65142
65143
65150
65170
65174
65181
65213
65213
65220
65229
65251
65253
65259
65261
65268
65275
65279
65281
65292
65303
65312
65330
65337
65345
65350
65370
65374
65394
65396
65397
65403
65433
65447
65452
65460
65493
65495
65497
65503
65520
65540
65546
65550
65556
65558
65577
65590
65616
65620
65624
65625
65633
65659
65665
65667
65680
65715
65742
65745
65746
65753
65777
65779
65811
65816
65829
65838
65841
65856
65859
65866
65871
65885
65887
65887
65894
65905
65918
65932
65937
65940
65947
65952
65955
65964
65964
65966
65977
65994
66004
66007
66025
66032
66115
66127
66148
66164
66178
66181
66198
66203
66206
66210
66214
66226
66229
66282
66291
66292
66300
66316
66324
66330
66341
66348
66360
66361
66385
66393
66405
66408
66422
66433
66442
66448
66471
66490
66500
66511
66516
66521
66528
66534
66536
66546
66555
66558
66564
66565
66571
66573
66584
66585
66585
66598
66604
66611
66640
66645
66646
66677
66686
66700
66708
66719
66724
66725
66729
66731
66736
66750
66765
66777
66785
66788
66790
66793
66794
66814
66821
66829
66846
66850
66857
66858
66868
66869
66878
66893
66901
66904
66916
66918
66933
66944
66947
66955
66970
66976
66977
66983
66991
66997
66999
67008
67012
67014
67017
67020
67023
67024
67030
67052
67061
67067
67073
67077
67105
67108
67113
67116
67120
67139
67159
67165
67168
67172
67179
67192
67193
67199
67201
67210
67211
67217
67226
67249
67264
67264
67272
67284
67286
67296
67304
67306
67307
67329
67333
67345
67352
67352
67370
67399
67401
67405
67411
67429
67443
67455
67461
67464
67464
67464
67503
67521
67532
67537
67537
67553
67561
67595
67596
67605
67607
67608
67613
67636
67639
67663
67664
67674
67683
67685
67697
67725
67731
67734
67741
67753
67757
67763
67783
67798
67810
67851
67863
67864
67881
67895
67897
67915
67916
67921
67924
67937
67945
67952
67960
67968
67970
67974
67986
67989
68020
68022
68031
68037
68071
68080
68082
68086
68086
68091
68116
68117
68129
68130
68133
68154
68167
68171
68211
68213
68214
68216
68240
68240
68250
68275
68304
68304
68314
68328
68372
68380
68392
68405
68406
68429
68430
68444
68462
68487
68490
68500
68510
68520
68529
68552
68563
68564
68576
68584
68585
68602
68635
68643
68645
68705
68717
68721
68727
68728
68759
68762
68762
68764
68770
68771
68780
68805
68823
68834
68834
68836
68838
68847
68878
68883
68884
68888
68902
68929
68949
68956
68957
68967
68990
68999
69009
69011
69014
69014
69033
69035
69040
69044
69047
69062
69065
69072
69085
69085
69095
69100
69120
69146
69164
69183
69197
69216
69224
69242
69251
69269
69287
69299
69307
69307
69316
69319
69331
69333
69340
69340
69348
69365
69365
69377
69379
69382
69386
69407
69415
69420
69422
69431
69435
69435
69437
69439
69454
69455
69460
69465
69470
69473
69479
69484
69503
69510
69516
69526
69531
69537
69547
69561
69573
69573
69574
69600
69613
69616
69618
69627
69629
69636
69638
69649
69653
69682
69684
69688
69694
69736
69745
69745
69766
69791
69823
69836
69849
69852
69857
69866
69876
69878
69889
69895
69918
69919
69923
69939
69952
69967
69969
69969
69976
69995
70017
70032
70048
70050
70054
70073
70075
70077
70078
70082
70111
70134
70141
70142
70160
70165
70171
70178
70201
70212
70240
70242
70255
70271
70271
70272
70276
70280
70290
70315
70321
70327
70331
70334
70335
70337
70348
70361
70387
70388
70392
70395
70397
70409
70421
70444
70445
70445
70448
70452
70453
70464
70497
70498
70501
70512
70524
70528
70539
70542
70546
70550
70552
70559
70559
70579
70582
70598
70608
70621
70623
70627
70631
70638
70640
70646
70652
70653
70654
70660
70663
70670
70674
70679
70682
70698
70699
70699
70705
70746
70748
70749
70753
70777
70778
70779
70780
70781
70791
70804
70809
70809
70838
70878
70891
70911
70921
70944
70947
70948
70970
70983
70984
70989
70990
70992
71016
71020
71035
71048
71060
71063
71067
71071
71089
71092
71167
71175
71191
71194
71196
71207
71233
71238
71243
71262
71272
71273
71287
71291
71311
71315
71320
71348
71354
71360
71382
71411
71437
71463
71463
71466
71475
71477
71479
71484
71485
71487
71500
71528
71529
71547
71557
71577
71584
71605
71609
71613
71642
71642
71650
71658
71666
71680
71694
71695
71703
71720
71735
71737
71747
71752
71753
71754
71779
71786
71787
71805
71830
71842
71850
71851
71854
71860
71862
71875
71876
71878
71880
71887
71904
71955
71974
71978
71982
72003
72006
72012
72013
72013
72024
72033
72034
72036
72066
72069
72081
72085
72101
72103
72122
72128
72134
72160
72178
72180
72182
72207
72224
72232
72241
72259
72269
72274
72287
72297
72311
72312
72324
72336
72343
72354
72422
72439
72448
72455
72455
72459
72461
72476
72483
72489
72489
72491
72492
72521
72559
72560
72570
72587
72599
72619
72626
72649
72655
72668
72677
72700
72701
72716
72717
72729
72732
72750
72756
72758
72787
72804
72810
72834
72841
72852
72856
72860
72867
72871
72874
72895
72900
72907
72916
72919
72928
72934
72944
72950
72951
72964
72966
72970
72974
73003
73024
73035
73036
73037
73037
73050
73060
73072
73084
73086
73099
73105
73122
73130
73131
73168
73171
73176
73199
73223
73226
73226
73238
73240
73244
73246
73252
73277
73279
73282
73283
73299
73300
73334
73334
73370
73396
73400
73407
73408
73411
73411
73418
73420
73430
73436
73437
73471
73483
73488
73499
73504
73527
73540
73544
73545
73579
73586
73590
73597
73619
73632
73647
73647
73651
73653
73665
73676
73678
73704
73705
73707
73711
73735
73739
73739
73739
73753
73756
73790
73792
73794
73798
73800
73814
73825
73826
73839
73855
73885
73886
73889
73905
73935
73941
73952
73952
73978
73984
73985
73989
74005
74006
74009
74023
74025
74025
74032
74034
74050
74056
74081
74105
74131
74148
74149
74154
74176
74196
74204
74207
74209
74216
74229
74241
74243
74245
74251
74253
74259
74266
74275
74277
74285
74285
74290
74290
74314
74319
74325
74332
74334
74347
74350
74364
74387
74401
74410
74413
74420
74431
74453
74454
74462
74485
74489
74492
74517
74524
74531
74532
74538
74540
74542
74564
74565
74567
74583
74596
74618
74620
74628
74635
74653
74654
74662
74663
74687
74689
74695
74711
74719
74747
74758
74758
74764
74771
74778
74779
74780
74789
74790
74793
74797
74799
74806
74833
74836
74837
74844
74852
74869
74878
74889
74910
74911
74934
74943
74960
74968
74978
74983
74993
74993
75022
75031
75041
75054
75071
75082
75082
75084
75096
75110
75124
75138
75143
75146
75150
75176
75183
75208
75212
75217
75218
75229
75234
75235
75249
75277
75277
75292
75307
75307
75309
75322
75324
75325
75368
75371
75379
75381
75391
75408
75409
75409
75430
75445
75457
75466
75479
75480
75488
75494
75516
75522
75535
75535
75537
75563
75567
75572
75590
75594
75604
75616
75620
75631
75638
75640
75650
75661
75666
75671
75683
75717
75719
75726
75736
75739
75744
75747
75749
75753
75755
75763
75767
75784
75784
75792
75796
75805
75807
75809
75820
75842
75845
75862
75874
75878
75884
75888
75890
75890
75898
75899
75909
75911
75929
75943
75947
75955
75956
75967
75971
75995
76024
76026
76026
76029
76041
76052
76054
76055
76063
76071
76076
76085
76091
76096
76097
76099
76140
76144
76157
76157
76158
76169
76186
76202
76212
76223
76228
76233
76245
76251
76260
76260
76263
76271
76289
76299
76335
76344
76371
76375
76377
76411
76412
76423
76425
76430
76437
76456
76503
76515
76520
76524
76525
76536
76536
76543
76552
76565
76571
76579
76580
76586
76592
76598
76607
76608
76611
76623
76625
76631
76645
76654
76665
76673
76679
76684
76689
76728
76733
76736
76750
76761
76765
76798
76816
76832
76845
76862
76867
76868
76868
76884
76897
76907
76913
76917
76920
76935
76942
76971
76971
76972
76976
76979
76993
77000
77011
77023
77026
77043
77044
77046
77066
77069
77081
77084
77094
77101
77122
77123
77143
77156
77162
77176
77185
77187
77208
77210
77220
77230
77231
77234
77238
77238
77247
77252
77253
77270
77277
77279
77307
77324
77327
77338
77350
77358
77369
77378
77379
77382
77382
77399
77400
77404
77435
77441
77446
77477
77505
77521
77540
77560
77561
77561
77567
77574
77576
77576
77576
77581
77583
77603
77606
77618
77625
77641
77648
77648
77669
77693
77700
77704
77743
77744
77746
77756
77771
77774
77782
77784
77787
77787
77788
77818
77848
77867
77874
77876
77877
77879
77887
77897
77916
77933
77941
77961
77972
77974
78002
78005
78012
78019
78025
78030
78031
78035
78039
78051
78054
78057
78057
78064
78068
78084
78089
78092
78109
78115
78131
78138
78146
78149
78219
78221
78247
78254
78273
78273
78283
78317
78327
78327
78338
78351
78353
78359
78359
78362
78366
78369
78388
78396
78398
78399
78400
78418
78419
78444
78449
78458
78471
78475
78510
78521
78525
78532
78537
78541
78546
78547
78552
78558
78611
78627
78638
78638
78639
78642
78666
78686
78712
78718
78721
78725
78728
78747
78751
78760
78766
78771
78774
78800
78813
78814
78817
78819
78827
78846
78853
78893
78896
78898
78901
78922
78935
78943
78961
78974
78987
78991
78997
79004
79027
79047
79064
79071
79083
79094
79112
79118
79127
79143
79145
79145
79146
79154
79165
79177
79182
79187
79196
79205
79252
79261
79264
79277
79291
79295
79301
79310
79325
79370
79380
79381
79382
79383
79409
79413
79419
79420
79422
79425
79433
79435
79447
79447
79449
79461
79465
79468
79495
79502
79542
79550
79550
79583
79584
79585
79602
79607
79620
79629
79669
79670
79670
79671
79697
79702
79706
79719
79719
79730
79749
79753
79761
79762
79771
79826
79836
79836
79842
79845
79854
79863
79864
79870
79877
79888
79893
79897
79907
79931
79937
79944
79945
79945
79948
79964
79974
79979
79979
79980
79983
79984
79989
80005
80008
80012
80015
80024
80024
80025
80027
80028
80053
80069
80070
80106
80111
80112
80116
80134
80146
80160
80165
80172
80173
80181
80200
80204
80206
80214
80215
80228
80239
80241
80246
80266
80271
80287
80292
80295
80304
80321
80325
80325
80339
80373
80375
80376
80395
80397
80414
80432
80437
80455
80466
80491
80497
80502
80503
80514
80515
80537
80544
80560
80579
80581
80597
80604
80604
80606
80613
80617
80617
80645
80646
80647
80651
80663
80664
80678
80698
80699
80705
80708
80718
80762
80764
80768
80768
80771
80776
80778
80805
80806
80814
80825
80828
80830
80840
80841
80856
80859
80875
80885
80898
80911
80927
80930
80932
80934
80935
80954
80973
80976
81005
81018
81035
81036
81042
81047
81049
81063
81082
81094
81095
81102
81117
81157
81190
81193
81200
81211
81212
81239
81259
81259
81262
81274
81287
81300
81303
81317
81323
81336
81351
81363
81366
81380
81394
81401
81405
81415
81424
81436
81440
81447
81472
81473
81482
81497
81506
81508
81513
81515
81564
81572
81588
81588
81589
81597
81603
81641
81647
81647
81652
81657
81658
81668
81687
81729
81732
81734
81739
81742
81750
81750
81754
81755
81775
81792
81795
81813
81823
81826
81834
81835
81856
81862
81874
81878
81914
81914
81925
81928
81935
81943
81946
81946
81950
81955
81977
81979
81981
81986
82004
82006
82011
82016
82020
82024
82060
82069
82072
82075
82080
82089
82098
82110
82119
82130
82138
82141
82144
82165
82168
82169
82184
82190
82191
82198
82212
82219
82220
82220
82242
82249
82269
82297
82298
82300
82304
82304
82313
82320
82325
82341
82364
82372
82380
82385
82396
82400
82410
82411
82418
82419
82438
82440
82447
82449
82466
82485
82485
82493
82499
82508
82517
82531
82540
82540
82547
82556
82556
82572
82584
82586
82602
82602
82612
82624
82629
82667
82696
82704
82707
82729
82752
82752
82755
82776
82777
82819
82823
82825
82831
82835
82844
82849
82853
82856
82859
82884
82897
82898
82899
82903
82960
82974
82979
82996
82997
83007
83010
83062
83067
83072
83073
83073
83091
83117
83123
83127
83144
83158
83161
83177
83185
83188
83191
83213
83219
83222
83231
83236
83241
83253
83260
83268
83273
83283
83332
83336
83341
83343
83349
83374
83410
83421
83451
83460
83465
83476
83476
83479
83483
83502
83508
83511
83531
83540
83541
83555
83556
83561
83564
83602
83606
83606
83611
83617
83627
83646
83649
83649
83657
83673
83686
83687
83688
83689
83702
83721
83730
83732
83732
83773
83782
83793
83803
83836
83841
83853
83870
83879
83905
83906
83908
83924
83928
83930
83931
83945
83948
83949
83953
83955
83967
83972
84015
84017
84021
84038
84043
84058
84060
84064
84067
84069
84074
84089
84103
84104
84109
84123
84126
84133
84145
84147
84159
84164
84173
84190
84207
84210
84211
84220
84225
84247
84255
84258
84258
84264
84286
84288
84316
84319
84324
84340
84344
84347
84354
84354
84355
84381
84383
84390
84392
84403
84486
84505
84515
84521
84530
84539
84543
84555
84557
84570
84583
84585
84606
84608
84616
84619
84621
84629
84642
84661
84688
84690
84702
84739
84753
84755
84768
84780
84790
84791
84794
84796
84821
84831
84842
84845
84873
84884
84903
84923
84928
84952
84964
84971
84977
84987
84990
85004
85039
85042
85055
85065
85066
85073
85077
85077
85104
85105
85116
85120
85127
85127
85157
85160
85160
85172
85180
85198
85209
85210
85225
85227
85231
85239
85244
85256
85267
85267
85276
85290
85295
85300
85325
85329
85331
85332
85352
85379
85394
85396
85413
85414
85416
85420
85427
85430
85431
85432
85441
85443
85455
85466
85483
85488
85497
85510
85518
85524
85530
85556
85582
85603
85606
85611
85630
85631
85637
85638
85669
85673
85703
85721
85724
85735
85737
85748
85755
85760
85763
85771
85780
85791
85794
85802
85802
85817
85825
85842
85842
85843
85852
85871
85878
85879
85898
85904
85904
85909
85910
85914
85916
85923
85935
85940
85943
85956
85956
85977
85986
85987
85990
85999
86005
86007
86012
86034
86035
86053
86098
86108
86114
86134
86136
86136
86138
86179
86180
86184
86203
86204
86206
86230
86292
86295
86303
86308
86320
86323
86348
86357
86358
86379
86390
86391
86397
86398
86418
86419
86433
86448
86454
86454
86463
86479
86505
86523
86525
86525
86548
86552
86557
86561
86564
86567
86577
86590
86591
86612
86620
86629
86631
86643
86656
86658
86675
86679
86692
86695
86699
86714
86715
86741
86756
86758
86758
86759
86762
86764
86769
86771
86811
86823
86826
86835
86837
86838
86848
86854
86866
86886
86893
86896
86916
86937
86955
86966
86972
86986
86993
86999
87000
87028
87035
87037
87065
87070
87106
87121
87129
87136
87139
87140
87160
87190
87227
87233
87238
87244
87244
87248
87251
87259
87261
87264
87268
87283
87287
87290
87293
87303
87313
87313
87329
87336
87344
87346
87384
87409
87422
87432
87434
87450
87459
87461
87462
87473
87475
87475
87482
87489
87500
87506
87516
87520
87524
87534
87541
87554
87562
87597
87603
87605
87613
87626
87635
87651
87655
87676
87677
87690
87713
87726
87738
87777
87787
87808
87815
87837
87849
87855
87878
87884
87885
87887
87890
87897
87904
87908
87913
87956
87971
87982
87987
87996
88010
88026
88052
88054
88076
88077
88085
88087
88089
88105
88107
88109
88113
88126
88127
88152
88157
88178
88188
88199
88203
88214
88226
88229
88271
88282
88294
88330
88333
88360
88362
88376
88377
88388
88399
88400
88403
88428
88430
88438
88445
88450
88450
88468
88480
88487
88487
88489
88516
88525
88525
88525
88541
88544
88549
88554
88566
88578
88593
88597
88617
88619
88620
88624
88629
88642
88644
88653
88671
88682
88685
88689
88700
88706
88709
88715
88739
88740
88740
88753
88757
88758
88772
88778
88779
88780
88781
88786
88793
88803
88806
88815
88822
88830
88850
88856
88859
88871
88878
88897
88905
88917
88919
88921
88933
88949
88950
88956
88981
88984
88990
89019
89043
89049
89057
89066
89071
89073
89076
89079
89082
89090
89092
89098
89100
89143
89153
89158
89164
89167
89181
89189
89192
89202
89248
89276
89293
89300
89309
89309
89320
89349
89352
89363
89365
89381
89385
89416
89418
89429
89432
89432
89434
89434
89454
89459
89479
89528
89539
89542
89542
89550
89551
89552
89554
89555
89566
89569
89594
89595
89608
89609
89611
89623
89626
89632
89636
89664
89666
89671
89675
89688
89701
89722
89724
89737
89738
89739
89740
89744
89754
89759
89760
89769
89770
89770
89781
89782
89797
89820
89822
89824
89829
89834
89848
89872
89872
89903
89913
89916
89916
89920
89922
89927
89928
89931
89937
89972
89973
89983
89985
89992
90005
90018
90019
90050
90066
90097
90104
90114
90117
90129
90141
90143
90147
90157
90167
90167
90214
90221
90222
90222
90226
90240
90257
90260
90285
90310
90336
90344
90345
90353
90353
90356
90369
90375
90385
90396
90398
90405
90413
90437
90445
90453
90499
90525
90536
90541
90588
90594
90601
90603
90604
90612
90612
90625
90633
90637
90643
90658
90667
90677
90683
90687
90691
90707
90716
90730
90733
90740
90744
90814
90833
90836
90839
90842
90849
90862
90866
90883
90887
90897
90901
90904
90904
90912
90933
90935
90935
90945
90966
90971
90981
90987
90992
91006
91012
91017
91022
91034
91040
91071
91091
91095
91099
91100
91133
91137
91137
91149
91192
91213
91227
91230
91258
91262
91270
91276
91277
91298
91304
91323
91329
91352
91355
91357
91390
91395
91409
91422
91426
91429
91437
91448
91462
91468
91487
91494
91512
91515
91518
91523
91531
91545
91546
91558
91571
91572
91574
91575
91585
91587
91601
91614
91621
91680
91684
91686
91704
91712
91712
91734
91767
91769
91801
91802
91802
91810
91820
91822
91835
91838
91873
91882
91901
91905
91908
91917
91921
91927
91934
91940
91945
91946
91952
91961
91964
91964
91974
91975
91993
91999
92008
92029
92041
92048
92052
92090
92095
92098
92102
92113
92137
92166
92175
92182
92183
92220
92232
92232
92233
92254
92255
92309
92309
92317
92317
92321
92325
92330
92331
92343
92369
92372
92374
92390
92397
92416
92426
92439
92450
92450
92458
92458
92486
92490
92490
92492
92500
92501
92515
92517
92528
92529
92537
92554
92563
92582
92594
92611
92617
92617
92633
92642
92643
92664
92693
92696
92717
92722
92734
92745
92753
92754
92763
92765
92768
92770
92774
92781
92785
92786
92817
92823
92823
92831
92843
92845
92846
92860
92871
92878
92882
92909
92914
92917
92933
92936
92942
92949
92950
92958
92961
92990
92991
92991
92992
92996
93010
93011
93015
93035
93039
93046
93060
93067
93069
93079
93079
93080
93082
93104
93112
93148
93159
93163
93173
93173
93178
93195
93197
93204
93206
93219
93219
93229
93247
93250
93256
93259
93273
93280
93285
93290
93293
93296
93297
93297
93298
93302
93309
93310
93320
93322
93331
93331
93334
93334
93336
93336
93346
93354
93361
93362
93383
93400
93404
93408
93436
93444
93446
93455
93468
93480
93492
93501
93505
93506
93508
93539
93551
93555
93558
93560
93565
93575
93587
93588
93598
93614
93637
93644
93648
93658
93660
93670
93677
93678
93683
93701
93704
93713
93731
93747
93749
93767
93770
93771
93786
93789
93795
93798
93804
93807
93807
93816
93819
93870
93874
93874
93899
93937
93942
93987
94027
94031
94037
94041
94042
94045
94051
94055
94066
94083
94084
94097
94102
94113
94135
94139
94161
94184
94197
94212
94219
94225
94228
94257
94274
94289
94314
94318
94353
94360
94381
94410
94418
94429
94437
94448
94449
94457
94461
94483
94507
94572
94584
94596
94603
94609
94620
94643
94645
94683
94696
94714
94718
94730
94735
94739
94781
94784
94784
94787
94797
94802
94807
94817
94830
94849
94855
94860
94868
94884
94885
94899
94899
94901
94902
94907
94908
94914
94918
94932
94933
94986
95037
95039
95059
95060
95060
95084
95086
95106
95116
95134
95176
95181
95182
95184
95185
95188
95205
95216
95229
95234
95247
95258
95269
95269
95296
95321
95326
95326
95341
95375
95378
95392
95397
95412
95415
95415
95423
95450
95466
95478
95483
95501
95502
95507
95515
95535
95558
95566
95570
95606
95618
95618
95632
95638
95660
95666
95673
95684
95705
95709
95714
95730
95732
95753
95758
95763
95769
95772
95776
95776
95778
95792
95801
95828
95831
95840
95847
95858
95858
95878
95889
95899
95910
95914
95919
95922
95925
95946
95951
95964
95968
95974
95999
96004
96013
96014
96024
96026
96027
96039
96039
96044
96050
96050
96058
96083
96098
96101
96107
96108
96125
96132
96135
96136
96143
96183
96189
96203
96217
96245
96252
96259
96301
96309
96319
96324
96332
96334
96341
96342
96349
96350
96363
96365
96383
96386
96395
96397
96402
96406
96410
96411
96486
96500
96509
96527
96538
96546
96550
96569
96578
96579
96618
96623
96631
96631
96640
96644
96654
96656
96660
96693
96710
96714
96726
96739
96758
96766
96773
96776
96793
96799
96816
96835
96838
96840
96873
96881
96899
96919
96919
96933
96939
96971
96987
96995
97005
97032
97035
97038
97039
97046
97055
97056
97065
97113
97136
97140
97170
97195
97196
97235
97265
97275
97288
97300
97300
97302
97326
97327
97338
97344
97375
97389
97400
97403
97406
97409
97424
97427
97463
97470
97497
97504
97514
97521
97533
97533
97539
97546
97565
97584
97591
97625
97628
97629
97643
97672
97673
97675
97678
97679
97711
97718
97725
97756
97784
97788
97810
97818
97864
97873
97875
97897
97898
97914
97926
97926
97932
97936
97946
97965
97970
97970
97979
97979
97994
98001
98005
98015
98021
98024
98027
98030
98032
98044
98048
98053
98058
98064
98080
98082
98083
98108
98113
98118
98127
98140
98142
98150
98174
98190
98195
98199
98205
98206
98212
98231
98245
98246
98260
98263
98293
98304
98313
98316
98333
98334
98339
98341
98354
98366
98371
98373
98377
98384
98411
98436
98442
98456
98498
98533
98573
98581
98584
98598
98609
98613
98625
98644
98644
98661
98680
98687
98692
98693
98696
98707
98721
98733
98746
98749
98750
98762
98773
98780
98805
98808
98809
98810
98828
98842
98866
98882
98948
98948
98954
98971
98973
98975
98976
98977
98984
98995
99007
99009
99010
99030
99040
99053
99057
99066
99085
99112
99112
99118
99127
99131
99146
99149
99151
99153
99153
99156
99160
99205
99213
99223
99226
99231
99234
99240
99249
99253
99254
99279
99296
99299
99305
99317
99318
99320
99321
99324
99326
99329
99333
99335
99335
99341
99346
99361
99371
99372
99379
99386
99386
99395
99404
99415
99421
99427
99428
99441
99446
99455
99456
99482
99492
99495
99497
99502
99508
99516
99519
99526
99534
99535
99540
99542
99557
99560
99565
99568
99581
99599
99622
99643
99643
99663
99681
99691
99739
99749
99753
99760
99771
99782
99783
99794
99797
99809
99817
99826
99838
99861
99866
99880
99891
99907
99950
99950
99951
99953
99982
99983
99992
