12
13
59
59
62
77
88
92
94
98
100
104
110
110
133
157
160
214
215
217
225
237
239
267
286
310
331
358
361
370
387
406
420
433
435
435
448
463
464
479
501
502
534
537
543
553
563
568
570
578
596
600
619
619
622
631
631
636
642
658
674
692
693
710
711
715
722
729
730
733
737
737
746
753
772
789
801
805
808
866
869
886
888
902
905
907
910
923
945
951
968
977
981
983
991
996
997
1014
1069
1078
1078
1085
1087
1090
1092
1106
1124
1129
1134
1137
1137
1139
1139
1150
1156
1183
1184
1189
1191
1194
1211
1231
1239
1241
1241
1241
1256
1257
1270
1272
1279
1282
1303
1316
1318
1334
1344
1345
1346
1373
1383
1386
1402
1404
1409
1441
1463
1465
1503
1504
1511
1512
1539
1542
1544
1557
1566
1600
1604
1611
1616
1635
1672
1672
1711
1712
1723
1733
1743
1743
1749
1759
1763
1768
1778
1800
1804
1805
1812
1831
1865
1876
1915
1923
1937
1940
1949
1953
1970
1985
2024
2029
2056
2073
2079
2092
2095
2100
2102
2117
2124
2137
2144
2149
2177
2182
2185
2203
2206
2220
2229
2230
2242
2245
2261
2273
2280
2282
2285
2289
2293
2296
2300
2301
2310
2314
2315
2344
2347
2352
2353
2355
2361
2369
2371
2380
2392
2394
2401
2409
2412
2415
2452
2453
2465
2474
2524
2535
2536
2543
2546
2553
2567
2577
2588
2597
2618
2623
2665
2671
2677
2701
2703
2710
2710
2717
2725
2752
2756
2768
2777
2787
2789
2796
2808
2819
2830
2831
2832
2833
2849
2855
2858
2882
2906
2906
2909
2915
2942
2945
2946
2955
2970
2971
2976
2983
2998
2998
3028
3039
3059
3059
3063
3068
3087
3105
3111
3128
3133
3138
3149
3154
3160
3161
3164
3176
3177
3179
3180
3190
3195
3195
3203
3204
3207
3214
3217
3237
3246
3249
3258
3284
3291
3298
3329
3340
3351
3385
3397
3398
3404
3415
3428
3443
3460
3467
3484
3486
3488
3490
3490
3498
3502
3524
3529
3542
3552
3556
3557
3575
3582
3583
3593
3597
3621
3623
3632
3634
3640
3655
3659
3674
3678
3697
3712
3713
3732
3734
3772
3797
3806
3816
3818
3822
3829
3843
3851
3852
3862
3865
3882
3894
3898
3899
3906
3916
3925
3938
3956
3957
3966
3978
3989
4011
4018
4018
4025
4030
4036
4039
4040
4050
4055
4058
4062
4104
4120
4123
4176
4181
4186
4191
4199
4210
4211
4212
4214
4233
4236
4290
4294
4312
4312
4314
4315
4315
4323
4328
4328
4346
4346
4358
4360
4393
4397
4403
4404
4407
4408
4446
4455
4460
4464
4474
4476
4489
4494
4516
4523
4529
4535
4545
4548
4551
4554
4589
4613
4626
4633
4635
4636
4652
4658
4659
4664
4667
4671
4674
4675
4693
4696
4696
4698
4716
4717
4727
4730
4732
4732
4751
4752
4762
4765
4769
4797
4814
4829
4831
4831
4834
4852
4852
4863
4871
4885
4888
4889
4895
4906
4909
4917
4933
4952
4953
4993
5003
5005
5005
5009
5021
5046
5065
5069
5082
5089
5090
5103
5105
5160
5174
5187
5192
5201
5223
5246
5256
5273
5278
5300
5304
5306
5334
5345
5356
5358
5371
5386
5408
5410
5428
5441
5453
5516
5535
5541
5551
5558
5568
5582
5582
5588
5589
5600
5611
5627
5628
5630
5633
5636
5640
5642
5664
5671
5682
5702
5704
5706
5729
5749
5750
5774
5775
5794
5804
5805
5850
5853
5857
5863
5866
5873
5886
5896
5900
5905
5920
5923
5956
5961
5975
5995
5999
6004
6014
6020
6033
6035
6041
6057
6060
6098
6108
6111
6118
6132
6134
6141
6150
6154
6155
6162
6172
6173
6175
6186
6202
6204
6209
6209
6215
6215
6216
6216
6228
6237
6253
6257
6270
6276
6305
6309
6315
6318
6332
6372
6385
6399
6406
6424
6425
6429
6431
6436
6444
6449
6461
6462
6469
6474
6491
6498
6498
6499
6510
6514
6521
6531
6532
6533
6549
6557
6563
6569
6585
6586
6590
6595
6601
6635
6639
6650
6670
6679
6691
6696
6732
6732
6735
6748
6759
6763
6784
6813
6829
6839
6839
6846
6871
6875
6875
6904
6907
6919
6921
6922
6924
6931
6933
6944
6948
6959
6967
6977
7002
7008
7012
7027
7034
7038
7063
7066
7073
7074
7076
7089
7096
7101
7117
7125
7132
7134
7138
7166
7178
7184
7190
7198
7215
7219
7220
7278
7283
7285
7343
7346
7353
7369
7379
7386
7410
7418
7472
7484
7485
7502
7503
7520
7531
7538
7540
7567
7587
7601
7628
7631
7638
7664
7682
7694
7706
7712
7716
7717
7725
7739
7747
7756
7778
7794
7823
7829
7835
7849
7860
7887
7892
7930
7932
7945
7946
7973
7977
7994
8014
8020
8026
8040
8053
8053
8061
8066
8119
8149
8160
8192
8204
8205
8205
8208
8215
8236
8257
8263
8276
8286
8293
8297
8301
8307
8370
8381
8382
8400
8420
8438
8469
8502
8527
8533
8556
8557
8600
8605
8630
8639
8653
8654
8659
8665
8666
8682
8684
8685
8686
8695
8701
8714
8722
8738
8740
8746
8753
8759
8778
8812
8833
8841
8845
8859
8863
8869
8880
8881
8886
8913
8919
8919
8923
8930
8931
8935
8968
8971
8972
8995
9014
9015
9023
9048
9052
9095
9096
9100
9111
9127
9134
9135
9160
9182
9210
9214
9214
9245
9255
9277
9302
9303
9318
9330
9337
9351
9357
9362
9370
9393
9411
9422
9431
9443
9448
9458
9476
9481
9497
9514
9524
9527
9536
9538
9546
9564
9567
9582
9591
9604
9607
9616
9623
9626
9643
9646
9658
9659
9662
9665
9667
9670
9672
9689
9701
9726
9732
9773
9781
9785
9786
9793
9800
9810
9815
9840
9848
9857
9868
9891
9894
9898
9903
9908
9911
9911
9921
9957
9967
9968
9988
9988
10002
10003
10005
10007
10016
10026
10034
10044
10055
10055
10064
10065
10067
10069
10090
10095
10098
10139
10145
10146
10153
10157
10162
10165
10177
10189
10196
10221
10238
10252
10256
10260
10261
10262
10268
10270
10282
10286
10293
10293
10293
10300
10331
10334
10338
10354
10371
10386
10395
10408
10423
10448
10456
10471
10475
10486
10486
10494
10512
10547
10554
10560
10567
10577
10610
10614
10674
10677
10688
10691
10692
10709
10711
10715
10721
10721
10739
10746
10751
10753
10755
10767
10776
10783
10786
10787
10792
10807
10816
10838
10842
10843
10897
10900
10908
10928
10962
10978
10984
10986
10991
11004
11028
11037
11042
11050
11052
11060
11063
11076
11077
11082
11091
11091
11104
11106
11107
11114
11121
11136
11138
11146
11149
11156
11157
11161
11163
11165
11165
11166
11171
11180
11206
11219
11222
11225
11238
11245
11247
11248
11254
11257
11264
11264
11282
11284
11286
11291
11293
11297
11310
11311
11312
11327
11329
11353
11354
11360
11370
11374
11378
11381
11383
11388
11430
11432
11432
11447
11456
11463
11465
11467
11482
11486
11491
11511
11515
11516
11518
11525
11527
11528
11531
11539
11560
11566
11571
11577
11579
11593
11593
11594
11599
11600
11614
11618
11628
11636
11687
11689
11710
11719
11722
11766
11768
11770
11770
11785
11787
11790
11797
11803
11806
11815
11822
11837
11847
11852
11865
11895
11909
11911
11916
11937
11938
11948
11952
11967
11978
11978
11978
11985
11987
11990
11999
12001
12027
12046
12056
12062
12068
12086
12098
12098
12103
12104
12108
12136
12136
12142
12164
12176
12213
12216
12224
12226
12260
12268
12273
12279
12283
12288
12294
12295
12305
12315
12336
12344
12370
12371
12383
12388
12394
12402
12403
12417
12417
12424
12425
12438
12460
12467
12471
12472
12505
12513
12513
12515
12535
12543
12543
12546
12565
12580
12582
12586
12588
12593
12595
12599
12604
12609
12620
12636
12639
12641
12645
12666
12687
12687
12700
12707
12708
12714
12724
12743
12744
12748
12764
12770
12798
12803
12803
12814
12818
12836
12842
12850
12854
12862
12868
12891
12893
12893
12903
12918
12924
12956
12959
12962
12962
12969
12972
12988
12996
13009
13021
13048
13059
13061
13068
13084
13109
13115
13118
13121
13123
13162
13164
13168
13183
13206
13211
13225
13226
13228
13237
13257
13300
13303
13318
13321
13324
13330
13333
13361
13375
13379
13399
13402
13432
13435
13440
13447
13458
13469
13480
13491
13499
13503
13514
13523
13524
13529
13531
13558
13564
13568
13568
13573
13578
13640
13655
13664
13694
13698
13715
13735
13735
13743
13746
13764
13765
13779
13780
13780
13782
13786
13798
13804
13822
13826
13839
13845
13851
13858
13865
13865
13867
13879
13883
13888
13935
13936
13945
13951
13962
13974
13977
14006
14008
14013
14030
14049
14055
14073
14090
14103
14104
14130
14142
14157
14173
14186
14190
14191
14202
14206
14216
14229
14231
14247
14265
14292
14296
14318
14327
14346
14353
14362
14371
14382
14388
14389
14397
14408
14432
14438
14439
14440
14448
14455
14511
14570
14575
14577
14578
14581
14587
14590
14601
14621
14621
14622
14652
14658
14668
14672
14679
14688
14696
14723
14736
14741
14755
14767
14783
14796
14803
14811
14812
14813
14818
14826
14832
14836
14845
14851
14852
14859
14868
14872
14882
14886
14893
14901
14914
14920
14931
14934
14969
14981
14986
14999
15004
15006
15019
15023
15024
15027
15028
15045
15066
15082
15087
15096
15099
15115
15125
15133
15140
15150
15204
15207
15232
15256
15257
15266
15280
15295
15309
15328
15369
15378
15389
15400
15415
15424
15427
15432
15433
15435
15436
15444
15453
15453
15462
15464
15475
15495
15500
15502
15517
15531
15535
15548
15564
15572
15575
15581
15591
15594
15602
15608
15639
15643
15649
15662
15681
15681
15690
15691
15692
15698
15699
15707
15717
15722
15725
15727
15753
15756
15788
15797
15809
15809
15816
15826
15832
15840
15842
15861
15874
15878
15879
15881
15887
15891
15904
15914
15916
15919
15934
15949
15958
15959
15968
15979
16010
16020
16025
16025
16028
16040
16041
16044
16046
16047
16097
16109
16112
16117
16117
16123
16130
16131
16158
16190
16192
16198
16198
16198
16200
16202
16206
16211
16216
16224
16229
16244
16248
16272
16279
16295
16298
16319
16332
16334
16349
16351
16362
16379
16385
16390
16395
16396
16402
16412
16413
16414
16416
16431
16449
16450
16471
16485
16497
16506
16553
16566
16587
16593
16597
16602
16614
16624
16642
16665
16666
16683
16689
16703
16706
16708
16709
16728
16728
16729
16729
16734
16775
16779
16781
16781
16792
16796
16822
16825
16826
16833
16835
16876
16885
16892
16924
16965
16974
16978
16996
16998
16999
17010
17027
17031
17050
17052
17058
17096
17114
17114
17115
17118
17122
17143
17154
17155
17156
17162
17205
17206
17210
17223
17235
17239
17256
17266
17268
17275
17280
17282
17284
17285
17305
17368
17386
17389
17399
17410
17412
17414
17419
17425
17430
17434
17436
17443
17445
17454
17464
17473
17477
17481
17482
17491
17492
17496
17511
17551
17557
17566
17575
17575
17577
17581
17582
17589
17618
17645
17658
17666
17684
17684
17726
17762
17767
17771
17778
17789
17792
17807
17808
17823
17827
17829
17835
17846
17850
17851
17861
17869
17887
17907
17916
17922
17934
17937
17956
17956
17961
17980
17995
17996
18019
18035
18041
18047
18057
18067
18079
18106
18118
18119
18120
18136
18138
18148
18170
18176
18192
18197
18209
18234
18244
18245
18248
18251
18251
18260
18274
18286
18307
18315
18328
18337
18350
18350
18353
18355
18363
18370
18390
18390
18401
18408
18409
18413
18424
18436
18454
18460
18469
18490
18499
18501
18508
18517
18530
18530
18531
18534
18534
18544
18544
18545
18547
18548
18550
18584
18591
18597
18598
18620
18626
18626
18637
18639
18640
18641
18660
18663
18673
18687
18690
18708
18709
18718
18724
18744
18748
18750
18755
18760
18781
18784
18792
18798
18801
18812
18815
18819
18827
18851
18852
18867
18884
18890
18905
18908
18916
18918
18925
18951
18985
18986
18992
19053
19067
19096
19097
19101
19122
19145
19155
19159
19181
19199
19199
19200
19208
19208
19212
19219
19220
19222
19229
19235
19244
19247
19303
19351
19351
19371
19377
19385
19417
19424
19425
19433
19440
19454
19462
19470
19477
19484
19486
19500
19503
19509
19523
19546
19552
19568
19577
19584
19591
19594
19600
19614
19621
19623
19633
19641
19643
19662
19678
19679
19719
19726
19737
19782
19788
19806
19812
19834
19849
19853
19855
19900
19902
19910
19911
19921
19924
19929
19955
19961
19981
19984
19996
19997
20040
20041
20042
20058
20059
20140
20149
20182
20183
20220
20240
20243
20246
20247
20254
20256
20264
20272
20285
20328
20331
20336
20360
20363
20364
20392
20418
20428
20429
20433
20461
20462
20471
20484
20506
20510
20540
20573
20574
20580
20583
20608
20608
20621
20640
20645
20651
20669
20674
20686
20690
20695
20702
20706
20719
20720
20722
20732
20737
20745
20749
20751
20789
20823
20823
20824
20837
20845
20849
20857
20865
20892
20893
20928
20937
20949
20953
20961
20962
20968
20980
20983
20985
20985
20992
20992
21006
21018
21030
21031
21051
21067
21074
21077
21077
21077
21094
21125
21130
21139
21157
21165
21176
21180
21183
21192
21200
21201
21219
21259
21261
21263
21281
21283
21284
21305
21310
21348
21369
21378
21388
21389
21393
21437
21441
21447
21451
21460
21461
21462
21463
21470
21475
21477
21495
21502
21507
21514
21522
21536
21545
21555
21563
21574
21590
21594
21600
21609
21617
21626
21627
21644
21646
21655
21661
21665
21673
21675
21701
21727
21745
21753
21764
21770
21773
21777
21786
21799
21828
21830
21838
21841
21852
21854
21873
21881
21893
21917
21918
21931
21938
21940
21941
21965
21967
21973
21984
21984
21989
21989
22023
22025
22036
22062
22065
22079
22080
22092
22092
22109
22124
22142
22174
22183
22189
22199
22203
22238
22240
22263
22267
22271
22274
22281
22285
22315
22320
22347
22348
22355
22372
22384
22390
22395
22398
22400
22404
22414
22417
22428
22429
22429
22447
22448
22451
22469
22491
22504
22505
22507
22525
22528
22528
22532
22537
22539
22544
22550
22571
22577
22585
22591
22598
22600
22606
22631
22636
22661
22671
22685
22694
22698
22712
22719
22748
22749
22749
22753
22761
22791
22794
22799
22804
22805
22816
22816
22819
22827
22834
22848
22882
22914
22917
22969
22983
22986
22986
23002
23037
23051
23052
23059
23063
23071
23071
23075
23090
23097
23108
23115
23125
23139
23151
23154
23156
23168
23171
23185
23189
23219
23227
23241
23256
23281
23290
23294
23316
23319
23334
23340
23341
23360
23372
23379
23379
23388
23392
23398
23413
23416
23419
23433
23434
23464
23478
23478
23482
23497
23522
23528
23547
23550
23551
23561
23597
23620
23628
23637
23647
23652
23659
23667
23681
23685
23706
23719
23731
23741
23751
23772
23772
23780
23793
23796
23799
23809
23837
23845
23846
23847
23860
23868
23886
23887
23902
23903
23914
23915
23917
23919
23943
23952
23954
23962
23980
23982
23986
23993
23994
24002
24022
24027
24041
24055
24065
24065
24087
24087
24089
24091
24114
24119
24125
24128
24135
24142
24163
24173
24202
24208
24212
24225
24236
24251
24276
24285
24287
24292
24316
24328
24344
24409
24414
24429
24442
24446
24449
24462
24463
24468
24470
24487
24516
24539
24541
24544
24544
24579
24579
24590
24599
24600
24627
24654
24655
24666
24670
24673
24681
24684
24710
24711
24728
24751
24756
24777
24779
24793
24795
24799
24812
24814
24864
24880
24906
24936
24949
24953
24965
24986
24990
24996
24996
25004
25013
25014
25038
25038
25046
25049
25051
25075
25103
25111
25112
25132
25148
25174
25177
25189
25190
25201
25215
25220
25222
25224
25240
25252
25258
25300
25305
25340
25372
25376
25379
25386
25409
25412
25413
25416
25423
25441
25445
25454
25460
25479
25493
25510
25510
25518
25523
25527
25544
25544
25545
25559
25559
25566
25576
25579
25592
25594
25598
25610
25612
25627
25627
25637
25648
25648
25653
25664
25666
25670
25690
25690
25720
25741
25744
25750
25752
25754
25755
25758
25771
25777
25785
25823
25826
25838
25839
25850
25861
25873
25875
25884
25887
25889
25900
25918
25921
25930
25947
25958
25978
25998
25999
26002
26048
26048
26060
26062
26068
26095
26102
26104
26107
26108
26120
26120
26146
26146
26155
26175
26178
26186
26186
26197
26221
26228
26230
26235
26244
26259
26269
26271
26308
26324
26334
26337
26340
26343
26350
26358
26383
26407
26425
26440
26442
26448
26458
26469
26470
26480
26482
26482
26489
26508
26516
26516
26523
26541
26575
26618
26625
26634
26638
26643
26650
26657
26657
26666
26683
26701
26712
26715
26724
26728
26736
26736
26750
26795
26823
26839
26843
26858
26874
26904
26906
26911
26944
26946
26974
27000
27004
27011
27020
27033
27036
27057
27062
27081
27081
27082
27089
27110
27125
27129
27134
27138
27151
27156
27158
27160
27162
27168
27171
27178
27180
27190
27192
27194
27195
27216
27229
27239
27240
27242
27245
27255
27260
27265
27265
27266
27299
27300
27302
27321
27327
27330
27332
27334
27342
27345
27383
27385
27396
27435
27460
27466
27491
27497
27501
27502
27512
27528
27532
27549
27552
27560
27561
27564
27566
27579
27584
27598
27615
27622
27632
27649
27649
27657
27726
27748
27762
27777
27820
27822
27835
27850
27868
27908
27911
27913
27929
27933
27939
27978
27987
27994
27997
28000
28005
28014
28022
28028
28038
28045
28059
28071
28072
28090
28091
28114
28155
28165
28175
28177
28177
28181
28206
28207
28216
28219
28240
28245
28260
28264
28266
28269
28285
28337
28337
28345
28358
28382
28396
28402
28405
28408
28410
28424
28433
28445
28452
28461
28465
28471
28471
28486
28488
28496
28505
28515
28518
28522
28522
28536
28543
28552
28558
28622
28625
28627
28630
28643
28649
28656
28675
28677
28679
28696
28722
28727
28749
28752
28756
28761
28763
28772
28776
28782
28784
28796
28810
28851
28855
28888
28910
28921
28923
28944
28950
28992
28995
28998
29049
29050
29070
29075
29084
29085
29100
29111
29122
29126
29153
29158
29167
29173
29175
29184
29196
29215
29242
29243
29272
29287
29313
29328
29330
29336
29336
29341
29346
29356
29370
29374
29378
29379
29392
29419
29431
29440
29453
29458
29477
29479
29483
29487
29492
29510
29511
29526
29526
29532
29535
29536
29543
29545
29558
29567
29607
29611
29614
29620
29624
29625
29629
29666
29666
29667
29669
29669
29674
29682
29689
29715
29731
29740
29758
29769
29774
29779
29780
29783
29787
29809
29813
29826
29826
29827
29868
29871
29876
29885
29899
29922
29929
29945
29945
29950
29957
29976
29977
29983
30013
30015
30025
30040
30054
30056
30064
30088
30093
30099
30111
30139
30153
30163
30170
30171
30200
30208
30212
30226
30231
30231
30241
30244
30275
30284
30293
30301
30304
30309
30314
30321
30325
30357
30358
30378
30402
30403
30404
30407
30414
30420
30430
30442
30473
30480
30491
30511
30528
30539
30544
30553
30556
30557
30561
30570
30595
30620
30662
30665
30678
30678
30709
30710
30713
30726
30733
30753
30761
30764
30776
30780
30786
30791
30796
30799
30830
30855
30858
30860
30877
30885
30892
30892
30894
30902
30904
30906
30914
30917
30931
30953
30955
30971
30974
30981
31002
31003
31015
31026
31034
31048
31050
31058
31059
31077
31087
31096
31096
31122
31125
31140
31151
31156
31165
31172
31175
31197
31212
31215
31216
31230
31241
31246
31255
31257
31267
31279
31286
31288
31294
31315
31342
31358
31360
31366
31386
31388
31395
31402
31422
31430
31432
31449
31456
31459
31465
31470
31480
31482
31489
31493
31500
31541
31556
31556
31563
31566
31576
31578
31583
31607
31619
31643
31645
31651
31662
31681
31682
31694
31707
31711
31714
31735
31736
31751
31761
31771
31774
31780
31780
31786
31797
31806
31809
31811
31814
31845
31860
31863
31864
31875
31878
31896
31933
31944
31947
31965
31968
31976
31980
31985
31985
31990
31991
32007
32022
32042
32068
32081
32083
32088
32134
32135
32139
32147
32173
32175
32189
32206
32213
32219
32232
32270
32297
32336
32346
32376
32378
32409
32416
32442
32442
32471
32479
32489
32495
32498
32505
32507
32519
32530
32533
32541
32559
32591
32601
32601
32602
32604
32607
32615
32629
32632
32633
32635
32654
32655
32671
32676
32689
32692
32694
32708
32722
32733
32741
32747
32751
32774
32779
32784
32790
32793
32808
32825
32851
32860
32867
32884
32909
32919
32922
32959
32959
33005
33005
33016
33017
33018
33030
33036
33047
33057
33079
33090
33111
33113
33118
33122
33127
33154
33171
33173
33186
33193
33195
33199
33204
33209
33227
33234
33237
33243
33267
33273
33283
33284
33307
33312
33318
33333
33337
33344
33358
33370
33378
33395
33399
33409
33420
33421
33425
33426
33469
33476
33485
33507
33511
33514
33522
33523
33530
33532
33541
33543
33557
33563
33563
33566
33613
33617
33630
33637
33658
33668
33684
33694
33698
33715
33719
33726
33734
33747
33749
33750
33751
33786
33787
33818
33839
33867
33868
33882
33922
33926
33931
33950
33960
33964
33979
34033
34046
34060
34076
34087
34116
34123
34124
34125
34141
34142
34143
34154
34162
34167
34180
34197
34200
34201
34207
34211
34250
34262
34268
34271
34280
34288
34309
34311
34312
34325
34342
34348
34357
34364
34369
34372
34375
34391
34422
34435
34438
34448
34449
34453
34487
34496
34508
34518
34519
34537
34541
34543
34544
34566
34579
34582
34582
34585
34607
34614
34616
34617
34619
34624
34648
34683
34714
34746
34752
34755
34756
34759
34765
34777
34786
34801
34806
34823
34825
34838
34858
34859
34876
34886
34906
34908
34920
34932
34940
34968
34968
34979
34985
34995
35004
35007
35022
35023
35026
35036
35053
35058
35068
35085
35095
35103
35103
35122
35123
35130
35136
35151
35196
35212
35220
35223
35236
35254
35255
35276
35277
35284
35289
35294
35296
35303
35327
35328
35349
35397
35404
35405
35431
35440
35469
35470
35481
35486
35501
35505
35506
35509
35517
35524
35529
35530
35542
35550
35563
35573
35576
35586
35586
35624
35639
35646
35669
35676
35684
35685
35697
35709
35711
35719
35735
35740
35750
35827
35852
35856
35864
35878
35886
35894
35908
35928
35936
35939
35947
35968
35974
35976
35977
35992
35992
36004
36009
36024
36029
36037
36047
36058
36063
36103
36125
36157
36169
36194
36197
36200
36222
36231
36235
36242
36257
36262
36280
36282
36283
36284
36290
36293
36294
36321
36331
36333
36335
36343
36351
36356
36365
36366
36374
36386
36401
36401
36403
36412
36418
36424
36426
36438
36443
36444
36453
36453
36466
36472
36486
36490
36491
36494
36496
36498
36506
36507
36509
36544
36574
36575
36581
36596
36599
36608
36612
36615
36657
36661
36664
36664
36668
36670
36671
36672
36705
36710
36719
36726
36727
36735
36742
36747
36751
36756
36757
36765
36780
36785
36793
36813
36816
36829
36851
36856
36866
36883
36900
36929
36930
36942
36942
36946
36950
36955
36966
36982
36989
37004
37008
37009
37014
37018
37020
37040
37042
37060
37063
37075
37080
37085
37101
37110
37129
37143
37154
37154
37181
37183
37224
37230
37265
37280
37281
37296
37297
37309
37317
37320
37351
37358
37362
37367
37399
37399
37402
37416
37421
37422
37425
37500
37521
37526
37533
37533
37539
37553
37554
37574
37583
37598
37599
37610
37613
37615
37632
37635
37648
37652
37684
37707
37708
37723
37734
37741
37744
37750
37751
37752
37752
37764
37765
37782
37787
37795
37798
37803
37804
37823
37828
37833
37843
37850
37869
37876
37884
37891
37917
37919
37926
37938
37945
37964
37969
37985
37996
37998
38003
38006
38023
38028
38034
38045
38054
38071
38077
38083
38083
38092
38096
38110
38131
38133
38140
38141
38147
38155
38162
38177
38180
38188
38198
38219
38226
38228
38235
38236
38255
38272
38272
38279
38283
38295
38327
38356
38370
38384
38389
38394
38396
38415
38427
38453
38459
38460
38469
38477
38517
38518
38522
38529
38530
38572
38580
38584
38585
38592
38593
38598
38608
38609
38609
38622
38629
38631
38670
38671
38675
38681
38686
38690
38693
38699
38705
38711
38714
38717
38738
38752
38777
38778
38794
38803
38838
38866
38875
38881
38882
38884
38885
38898
38905
38909
38911
38915
38944
38944
38955
38958
38965
38967
38971
38971
38993
39019
39025
39026
39047
39058
39062
39069
39097
39107
39111
39115
39122
39124
39125
39140
39141
39142
39144
39165
39167
39167
39178
39184
39189
39199
39216
39221
39222
39253
39257
39277
39277
39301
39317
39318
39349
39357
39373
39379
39385
39389
39392
39417
39446
39447
39452
39456
39471
39482
39485
39503
39521
39533
39534
39573
39574
39578
39579
39579
39586
39591
39598
39608
39635
39639
39658
39662
39663
39668
39670
39672
39684
39685
39701
39710
39714
39724
39747
39790
39799
39809
39810
39814
39816
39818
39834
39838
39852
39854
39866
39867
39867
39878
39893
39905
39908
39932
39936
39944
39946
39953
39955
39979
39993
39993
39993
39995
40003
40007
40015
40021
40025
40033
40035
40055
40062
40065
40073
40084
40090
40100
40129
40136
40137
40153
40188
40209
40236
40246
40265
40278
40279
40280
40281
40281
40283
40284
40288
40293
40299
40301
40303
40315
40319
40319
40354
40371
40386
40415
40421
40441
40469
40477
40484
40491
40504
40505
40512
40519
40527
40528
40530
40533
40547
40549
40553
40560
40561
40571
40574
40588
40590
40595
40605
40608
40625
40635
40642
40660
40665
40683
40686
40688
40695
40696
40724
40734
40744
40759
40771
40786
40811
40813
40824
40825
40827
40833
40834
40853
40865
40866
40874
40880
40882
40894
40906
40942
40963
40964
40978
40978
40979
41001
41013
41032
41057
41062
41063
41064
41067
41070
41078
41094
41098
41106
41109
41118
41136
41142
41150
41168
41180
41212
41219
41239
41261
41262
41265
41292
41298
41317
41328
41349
41355
41372
41373
41380
41387
41390
41399
41409
41417
41419
41424
41442
41460
41467
41475
41482
41484
41511
41516
41522
41526
41527
41533
41540
41561
41563
41564
41570
41611
41630
41634
41639
41640
41642
41644
41649
41657
41676
41682
41688
41692
41697
41720
41722
41723
41726
41730
41732
41750
41765
41794
41812
41818
41832
41841
41858
41863
41875
41888
41893
41894
41904
41914
41923
41954
41959
41978
42019
42044
42045
42055
42057
42063
42066
42076
42077
42083
42097
42099
42119
42122
42122
42129
42134
42140
42140
42141
42149
42163
42174
42199
42221
42222
42225
42231
42240
42244
42255
42272
42273
42275
42292
42330
42345
42359
42375
42435
42435
42451
42456
42469
42470
42482
42495
42499
42504
42505
42520
42526
42533
42533
42550
42572
42577
42582
42588
42594
42597
42608
42616
42625
42671
42685
42695
42713
42714
42714
42718
42723
42727
42728
42734
42742
42757
42772
42783
42788
42796
42804
42805
42806
42813
42827
42833
42848
42881
42887
42921
42951
42958
42975
42986
43010
43025
43026
43045
43047
43051
43054
43066
43079
43098
43103
43105
43108
43108
43109
43112
43119
43137
43142
43145
43159
43162
43194
43196
43200
43203
43219
43219
43227
43242
43244
43250
43250
43261
43271
43284
43296
43308
43309
43323
43325
43331
43335
43361
43365
43367
43372
43378
43394
43427
43431
43446
43453
43464
43468
43470
43495
43502
43506
43519
43528
43533
43537
43538
43544
43546
43575
43583
43590
43603
43605
43610
43629
43642
43642
43645
43649
43652
43654
43663
43663
43664
43664
43671
43689
43692
43696
43710
43711
43721
43722
43731
43742
43747
43765
43765
43768
43775
43780
43801
43824
43824
43828
43830
43840
43849
43860
43866
43881
43883
43884
43887
43904
43904
43907
43926
43927
43935
43946
43951
43960
43963
43986
43994
43999
44026
44027
44030
44037
44057
44060
44067
44093
44110
44131
44148
44160
44171
44214
44220
44241
44271
44293
44306
44324
44328
44342
44342
44362
44364
44368
44374
44383
44419
44436
44475
44489
44498
44500
44502
44521
44529
44549
44556
44577
44580
44581
44601
44601
44619
44620
44622
44627
44636
44645
44660
44660
44667
44672
44678
44697
44698
44703
44705
44711
44729
44774
44777
44785
44792
44803
44813
44813
44819
44827
44837
44837
44851
44851
44858
44876
44883
44885
44901
44916
44948
44955
44956
44956
44962
44987
44991
45000
45006
45007
45011
45021
45054
45056
45075
45079
45081
45089
45091
45101
45109
45113
45118
45120
45124
45128
45143
45154
45154
45165
45180
45189
45195
45206
45212
45215
45226
45228
45231
45243
45282
45287
45299
45301
45310
45316
45320
45331
45334
45347
45349
45364
45367
45375
45376
45418
45438
45444
45459
45463
45469
45485
45498
45514
45534
45545
45581
45624
45630
45641
45654
45655
45665
45675
45686
45695
45720
45723
45748
45751
45766
45769
45770
45780
45783
45786
45790
45797
45806
45810
45811
45818
45822
45828
45845
45851
45857
45886
45891
45899
45904
45906
45908
45910
45915
45920
45927
45936
45938
45938
45945
45945
45946
45947
45948
45951
45958
45961
45993
45997
46012
46022
46040
46066
46076
46078
46089
46125
46154
46160
46165
46165
46166
46168
46169
46178
46193
46198
46209
46211
46214
46227
46230
46231
46233
46233
46233
46234
46242
46245
46271
46279
46283
46285
46305
46306
46323
46334
46336
46337
46348
46379
46383
46396
46400
46418
46419
46423
46450
46473
46476
46478
46497
46510
46540
46565
46567
46570
46586
46587
46600
46606
46617
46640
46646
46648
46650
46658
46661
46665
46690
46698
46701
46713
46723
46726
46749
46751
46761
46773
46787
46795
46809
46816
46823
46825
46826
46854
46894
46898
46907
46919
46920
46923
46924
46934
46988
47041
47056
47068
47075
47079
47082
47115
47137
47147
47151
47162
47173
47176
47183
47183
47187
47187
47213
47215
47231
47236
47263
47271
47283
47305
47321
47356
47375
47376
47391
47402
47410
47440
47447
47467
47479
47502
47510
47513
47521
47541
47560
47565
47577
47580
47585
47631
47641
47641
47653
47660
47665
47669
47673
47686
47695
47696
47700
47701
47704
47710
47719
47731
47747
47758
47786
47792
47803
47803
47806
47820
47823
47839
47841
47847
47850
47873
47876
47876
47880
47896
47897
47901
47906
47913
47914
47939
47939
47940
47944
47963
47976
47979
47991
47999
48002
48009
48014
48016
48029
48034
48063
48064
48074
48092
48098
48099
48103
48125
48134
48172
48172
48179
48181
48182
48204
48233
48242
48246
48252
48256
48276
48284
48305
48322
48336
48341
48342
48402
48412
48414
48419
48431
48444
48453
48454
48461
48463
48476
48492
48508
48514
48514
48529
48529
48537
48547
48552
48570
48575
48587
48588
48603
48606
48606
48614
48623
48625
48633
48641
48658
48687
48722
48725
48787
48797
48806
48825
48826
48828
48842
48850
48852
48854
48854
48855
48866
48870
48881
48886
48886
48895
48899
48907
48913
48913
48922
48943
48947
48977
48980
48987
48993
49001
49020
49026
49030
49041
49048
49066
49078
49093
49103
49131
49132
49134
49137
49144
49151
49152
49157
49157
49159
49175
49182
49187
49202
49209
49223
49239
49256
49275
49277
49284
49311
49316
49343
49354
49358
49365
49379
49380
49387
49404
49407
49407
49416
49421
49422
49424
49434
49456
49470
49472
49482
49484
49507
49510
49530
49534
49555
49562
49564
49571
49574
49579
49595
49618
49626
49628
49633
49652
49661
49665
49672
49689
49690
49691
49695
49725
49742
49828
49843
49854
49857
49868
49872
49873
49879
49880
49891
49891
49893
49899
49902
49903
49913
49915
49919
49920
49926
49934
49940
49945
49947
49963
49965
49981
49994
50007
50016
50036
50041
50074
50079
50096
50096
50111
50126
50127
50129
50139
50169
50199
50199
50201
50205
50210
50211
50214
50252
50252
50258
50259
50265
50271
50272
50299
50308
50310
50314
50336
50342
50359
50382
50388
50395
50402
50403
50407
50410
50414
50418
50428
50451
50458
50466
50475
50477
50479
50482
50496
50519
50542
50543
50549
50549
50577
50580
50588
50632
50639
50645
50651
50652
50653
50657
50658
50660
50662
50679
50686
50692
50701
50717
50736
50740
50775
50780
50785
50787
50798
50818
50834
50855
50876
50880
50887
50921
50925
50931
50935
50945
50952
50959
50964
50968
50989
51006
51034
51034
51038
51045
51049
51054
51065
51065
51066
51068
51071
51071
51087
51094
51100
51101
51116
51122
51124
51127
51131
51136
51148
51150
51157
51161
51164
51169
51170
51175
51192
51199
51212
51226
51227
51233
51241
51253
51261
51274
51291
51292
51293
51301
51326
51329
51331
51332
51351
51411
51425
51452
51474
51475
51505
51525
51574
51579
51593
51606
51608
51616
51624
51631
51645
51657
51659
51666
51671
51727
51735
51743
51760
51762
51762
51766
51771
51772
51773
51788
51798
51799
51812
51817
51825
51830
51839
51843
51844
51847
51888
51890
51891
51895
51900
51908
51923
51931
51952
51958
51959
51960
51962
51972
51999
52011
52033
52054
52061
52061
52066
52074
52084
52086
52088
52095
52097
52100
52110
52125
52125
52131
52131
52136
52162
52171
52178
52183
52207
52232
52237
52251
52251
52252
52257
52268
52288
52290
52291
52291
52293
52296
52306
52311
52319
52331
52331
52334
52334
52346
52364
52378
52392
52396
52416
52418
52427
52430
52431
52442
52443
52443
52445
52459
52469
52472
52473
52478
52487
52505
52519
52527
52528
52533
52536
52544
52563
52594
52596
52596
52603
52627
52636
52645
52656
52692
52692
52693
52706
52708
52711
52716
52726
52735
52748
52768
52775
52792
52797
52801
52806
52810
52813
52815
52824
52825
52827
52838
52839
52843
52843
52859
52867
52871
52875
52881
52881
52897
52897
52940
52952
52965
52966
52969
52980
52991
52997
53020
53031
53041
53042
53053
53058
53080
53085
53112
53123
53132
53158
53160
53169
53171
53176
53178
53220
53233
53243
53248
53252
53255
53266
53271
53275
53283
53288
53293
53295
53301
53308
53313
53315
53334
53334
53340
53357
53380
53382
53390
53392
53403
53415
53425
53427
53430
53439
53452
53471
53480
53481
53509
53518
53556
53568
53571
53578
53596
53622
53630
53632
53635
53646
53665
53670
53673
53681
53691
53693
53698
53703
53707
53708
53713
53732
53733
53738
53745
53753
53764
53768
53768
53783
53788
53788
53804
53806
53811
53815
53825
53832
53834
53839
53843
53848
53861
53865
53869
53874
53875
53876
53880
53885
53924
53927
53940
53940
53943
53953
53955
53968
53979
54023
54063
54064
54069
54074
54074
54087
54093
54095
54097
54097
54102
54105
54116
54126
54135
54162
54182
54195
54205
54205
54212
54222
54224
54248
54251
54255
54256
54259
54274
54318
54321
54324
54330
54334
54348
54365
54377
54387
54388
54407
54412
54415
54479
54484
54498
54525
54527
54540
54557
54559
54560
54561
54561
54568
54572
54594
54641
54645
54665
54694
54712
54714
54714
54728
54730
54730
54740
54744
54751
54756
54769
54772
54787
54799
54839
54860
54884
54886
54889
54908
54921
54930
54933
54946
54948
54950
54959
54983
54984
54994
54994
54997
54999
54999
55002
55008
55034
55037
55051
55052
55070
55084
55093
55096
55097
55106
55130
55131
55153
55156
55171
55171
55180
55186
55186
55192
55198
55208
55214
55217
55227
55243
55303
55309
55313
55319
55333
55337
55347
55362
55377
55393
55400
55404
55418
55458
55460
55470
55487
55487
55489
55492
55499
55502
55512
55526
55527
55532
55535
55537
55539
55540
55545
55556
55569
55610
55644
55645
55678
55684
55695
55695
55708
55708
55727
55738
55753
55756
55777
55807
55821
55824
55830
55830
55838
55840
55850
55866
55898
55915
55936
55942
55984
56001
56005
56027
56027
56031
56032
56033
56034
56038
56049
56056
56062
56070
56091
56092
56121
56128
56133
56142
56158
56167
56174
56177
56179
56181
56188
56191
56213
56219
56225
56237
56250
56263
56278
56290
56306
56309
56327
56335
56345
56351
56355
56360
56391
56397
56404
56421
56421
56434
56445
56450
56462
56485
56502
56509
56519
56521
56531
56532
56537
56542
56573
56581
56595
56596
56597
56610
56620
56625
56638
56640
56648
56680
56691
56711
56713
56721
56733
56736
56742
56760
56768
56772
56778
56783
56785
56818
56825
56845
56857
56883
56887
56924
56934
56939
56981
57014
57028
57029
57046
57062
57083
57129
57134
57164
57194
57218
57224
57239
57244
57245
57252
57300
57316
57316
57317
57328
57344
57349
57356
57377
57392
57395
57422
57432
57436
57439
57442
57448
57454
57458
57492
57504
57539
57580
57597
57608
57610
57611
57611
57614
57615
57633
57637
57657
57666
57689
57696
57697
57713
57715
57729
57746
57778
57782
57792
57809
57812
57813
57828
57830
57844
57847
57851
57856
57863
57879
57882
57888
57892
57901
57913
57927
57941
57963
57981
57982
58024
58027
58041
58041
58048
58073
58084
58087
58094
58096
58098
58099
58119
58121
58124
58164
58168
58170
58172
58182
58218
58222
58244
58251
58263
58272
58274
58284
58293
58305
58317
58327
58336
58357
58358
58402
58410
58411
58424
58427
58437
58441
58487
58505
58510
58511
58514
58523
58528
58530
58541
58546
58559
58564
58570
58574
58589
58593
58597
58607
58614
58632
58634
58636
58643
58643
58645
58662
58665
58668
58688
58717
58791
58792
58793
58808
58810
58818
58829
58829
58838
58844
58852
58856
58886
58890
58895
58897
58915
58918
58921
58951
58966
58979
58986
59005
59011
59018
59042
59047
59050
59074
59082
59083
59108
59112
59117
59125
59143
59153
59154
59164
59172
59176
59177
59178
59200
59208
59214
59242
59243
59263
59265
59275
59286
59287
59301
59303
59312
59314
59325
59334
59336
59352
59357
59359
59365
59385
59390
59393
59413
59436
59447
59454
59457
59457
59463
59477
59481
59497
59500
59536
59541
59551
59565
59600
59600
59601
59608
59612
59615
59629
59659
59662
59664
59668
59675
59678
59683
59696
59703
59724
59736
59744
59747
59752
59768
59776
59779
59780
59782
59785
59791
59793
59796
59798
59803
59810
59825
59841
59855
59867
59874
59890
59899
59900
59906
59935
59941
59956
59964
59969
59999
60000
60004
60007
60011
60022
60023
60030
60037
60049
60062
60064
60068
60083
60086
60088
60101
60114
60115
60123
60131
60136
60146
60147
60149
60168
60170
60185
60187
60202
60213
60214
60233
60243
60257
60268
60277
60277
60286
60306
60326
60327
60331
60341
60342
60378
60399
60410
60415
60418
60423
60434
60451
60478
60481
60495
60508
60518
60531
60541
60553
60577
60596
60610
60614
60615
60622
60630
60632
60638
60652
60655
60679
60712
60720
60723
60742
60753
60754
60789
60800
60809
60826
60826
60844
60852
60856
60857
60890
60895
60935
60946
60952
60963
60979
60986
60997
61003
61017
61021
61029
61034
61046
61053
61053
61062
61064
61066
61077
61098
61108
61108
61140
61158
61163
61173
61193
61197
61201
61202
61230
61241
61243
61247
61252
61261
61279
61292
61295
61303
61312
61328
61333
61350
61359
61376
61377
61401
61409
61411
61428
61466
61518
61533
61550
61567
61577
61592
61592
61599
61602
61604
61632
61663
61666
61672
61682
61686
61692
61697
61733
61738
61791
61796
61800
61800
61811
61828
61832
61833
61841
61849
61849
61855
61856
61862
61863
61872
61887
61899
61915
61924
61925
61931
61945
61948
61987
61989
61990
62003
62035
62042
62048
62050
62068
62096
62101
62104
62119
62120
62125
62128
62145
62150
62155
62169
62169
62195
62201
62201
62211
62212
62222
62230
62238
62238
62242
62245
62250
62255
62274
62283
62307
62308
62309
62315
62321
62327
62328
62345
62355
62356
62367
62384
62391
62424
62436
62440
62458
62459
62468
62492
62522
62522
62549
62569
62603
62612
62649
62652
62653
62655
62682
62684
62690
62697
62723
62724
62730
62759
62760
62774
62785
62798
62811
62814
62822
62825
62841
62868
62871
62873
62876
62889
62890
62892
62892
62894
62898
62899
62901
62902
62905
62934
62953
62967
62974
62996
62998
63016
63018
63061
63065
63072
63079
63085
63088
63106
63128
63147
63148
63148
63166
63173
63174
63174
63192
63208
63232
63246
63270
63276
63306
63310
63312
63312
63313
63318
63319
63323
63340
63355
63356
63363
63373
63378
63379
63390
63398
63422
63425
63450
63451
63461
63472
63472
63476
63479
63486
63512
63534
63536
63544
63559
63566
63570
63571
63575
63578
63583
63624
63628
63642
63643
63644
63646
63654
63655
63660
63662
63675
63680
63682
63694
63695
63702
63719
63727
63752
63759
63760
63770
63780
63785
63794
63806
63818
63828
63840
63846
63849
63860
63863
63874
63904
63909
63917
63919
63925
63950
63953
63956
63959
63962
63973
63973
63974
63979
63982
63995
64023
64026
64066
64081
64088
64092
64102
64107
64115
64118
64118
64132
64135
64138
64144
64148
64155
64160
64180
64189
64200
64204
64205
64225
64246
64249
64257
64265
64271
64278
64279
64299
64305
64306
64312
64315
64315
64318
64334
64344
64344
64350
64376
64381
64384
64388
64394
64404
64417
64427
64429
64444
64448
64489
64508
64508
64513
64516
64523
64532
64536
64537
64546
64552
64565
64594
64597
64634
64643
64647
64671
64686
64692
64706
64709
64714
64715
64721
64735
64736
64741
64742
64752
64756
64762
64771
64824
64824
64825
64831
64834
64846
64864
64894
64896
64896
64901
64901
64912
64931
64937
64952
64953
64966
64980
64985
64999
65016
65018
65056
65056
65061
65087
65089
65095
65096
65100
65104
65106
65106
65109
65110
65118
65122
65126
65141
65145
65145
65159
65162
65169
65175
65185
65201
65202
65208
65216
65238
65248
65263
65269
65276
65307
65346
65354
65355
65392
65402
65407
65414
65442
65451
65451
65452
65454
65470
65479
65505
65514
65520
65526
65527
65535
65544
65574
65595
65596
65630
65645
65649
65651
65687
65700
65713
65716
65725
65733
65738
65745
65750
65761
65771
65774
65777
65779
65785
65801
65810
65830
65838
65838
65852
65863
65887
65889
65890
65909
65912
65926
65933
65933
65954
65958
65963
65966
65971
65974
65979
66005
66007
66038
66040
66044
66058
66060
66063
66071
66080
66081
66092
66094
66098
66099
66106
66109
66124
66126
66149
66156
66162
66173
66183
66190
66192
66216
66220
66230
66237
66245
66287
66295
66316
66332
66351
66354
66362
66365
66372
66379
66394
66412
66413
66417
66442
66464
66464
66476
66479
66483
66496
66499
66513
66514
66519
66530
66533
66554
66559
66560
66565
66570
66580
66583
66584
66593
66593
66631
66637
66646
66655
66663
66687
66707
66714
66723
66740
66742
66746
66750
66756
66760
66768
66783
66800
66811
66832
66834
66840
66863
66871
66874
66885
66895
66905
66910
66922
66932
66938
66948
66955
66969
66981
66998
66999
67008
67021
67030
67057
67066
67070
67091
67107
67113
67114
67120
67120
67130
67132
67160
67166
67171
67183
67189
67203
67203
67221
67224
67239
67253
67256
67277
67282
67286
67318
67322
67338
67338
67361
67364
67368
67386
67396
67423
67425
67433
67452
67454
67461
67481
67490
67510
67524
67526
67532
67532
67532
67535
67562
67578
67613
67617
67623
67640
67667
67669
67670
67698
67698
67706
67706
67729
67735
67739
67758
67763
67767
67778
67800
67801
67802
67810
67813
67820
67828
67837
67842
67843
67849
67858
67865
67873
67890
67891
67913
67923
67954
67964
67967
67968
67984
67987
67987
68001
68009
68018
68018
68059
68063
68076
68081
68091
68096
68104
68108
68126
68149
68155
68157
68162
68164
68183
68183
68186
68191
68195
68200
68207
68250
68252
68262
68267
68299
68299
68310
68317
68333
68360
68374
68389
68393
68419
68428
68459
68461
68466
68467
68468
68483
68485
68489
68526
68528
68537
68549
68556
68559
68562
68574
68583
68584
68587
68592
68595
68621
68622
68655
68664
68666
68678
68707
68710
68753
68771
68783
68786
68786
68796
68801
68803
68807
68817
68826
68830
68854
68859
68864
68866
68870
68883
68883
68896
68914
68917
68919
68923
68946
68951
68954
68958
68970
68979
68980
69015
69020
69020
69022
69024
69033
69036
69039
69043
69046
69048
69066
69066
69079
69080
69094
69098
69114
69121
69121
69135
69141
69144
69156
69169
69176
69190
69202
69213
69218
69221
69221
69233
69242
69301
69311
69339
69348
69359
69360
69367
69387
69393
69397
69418
69435
69436
69453
69457
69472
69473
69476
69479
69486
69489
69491
69498
69512
69512
69515
69516
69543
69566
69582
69593
69594
69594
69613
69635
69675
69676
69679
69698
69711
69713
69736
69748
69756
69770
69775
69784
69789
69799
69809
69811
69829
69843
69856
69861
69874
69875
69888
69912
69921
69932
69936
69956
69971
69973
69981
69981
70006
70010
70036
70044
70049
70049
70054
70056
70057
70062
70067
70069
70072
70092
70113
70132
70138
70146
70150
70156
70163
70163
70163
70180
70210
70214
70221
70226
70234
70236
70249
70249
70255
70258
70258
70268
70268
70272
70277
70281
70295
70302
70305
70310
70316
70355
70359
70361
70364
70392
70402
70409
70418
70424
70428
70436
70454
70456
70458
70467
70469
70471
70474
70487
70500
70515
70515
70522
70522
70526
70537
70551
70558
70567
70578
70611
70614
70648
70658
70662
70664
70671
70719
70720
70722
70725
70729
70743
70771
70783
70803
70836
70840
70840
70843
70846
70850
70851
70881
70882
70884
70905
70924
70930
70949
70956
70958
70986
71010
71014
71018
71029
71031
71068
71073
71099
71105
71109
71135
71176
71182
71190
71192
71215
71229
71249
71251
71256
71260
71283
71285
71286
71291
71310
71310
71321
71321
71322
71335
71336
71347
71349
71359
71374
71374
71374
71378
71385
71411
71412
71414
71421
71443
71447
71454
71467
71467
71477
71481
71487
71496
71499
71504
71510
71514
71517
71517
71541
71541
71545
71550
71559
71590
71594
71598
71606
71615
71615
71638
71649
71651
71700
71700
71707
71712
71721
71726
71737
71738
71742
71747
71752
71756
71761
71782
71791
71794
71812
71822
71826
71843
71847
71859
71868
71870
71898
71903
71914
71920
71929
71932
71944
71965
71979
71981
71994
72000
72001
72009
72026
72033
72036
72036
72040
72048
72067
72071
72095
72110
72124
72126
72128
72131
72146
72160
72187
72202
72219
72221
72224
72229
72247
72254
72258
72273
72284
72285
72293
72314
72326
72328
72340
72340
72356
72361
72377
72400
72409
72426
72435
72435
72447
72451
72455
72465
72466
72470
72486
72494
72501
72516
72519
72533
72539
72545
72579
72586
72603
72604
72616
72639
72641
72697
72709
72719
72738
72742
72752
72752
72765
72824
72829
72842
72850
72852
72858
72864
72881
72890
72891
72912
72923
72931
72937
72942
72962
72964
72987
73001
73001
73004
73008
73012
73035
73040
73044
73064
73073
73089
73110
73114
73118
73127
73127
73134
73138
73147
73148
73161
73167
73182
73238
73240
73241
73257
73271
73292
73297
73301
73318
73322
73331
73360
73367
73395
73405
73415
73428
73439
73439
73451
73462
73462
73480
73489
73491
73500
73506
73534
73543
73552
73553
73557
73560
73563
73571
73586
73610
73615
73628
73639
73648
73652
73661
73666
73672
73681
73686
73688
73688
73696
73697
73724
73729
73742
73758
73780
73817
73823
73827
73842
73843
73852
73869
73880
73907
73908
73923
73924
73935
73945
73957
73963
73966
73970
73972
73973
73974
73989
74005
74016
74018
74022
74028
74036
74040
74042
74050
74055
74057
74061
74066
74068
74071
74080
74080
74087
74103
74107
74120
74124
74127
74135
74144
74187
74198
74203
74207
74219
74233
74235
74245
74246
74246
74256
74258
74258
74263
74268
74281
74283
74285
74306
74321
74333
74333
74360
74364
74387
74392
74409
74418
74431
74435
74438
74445
74448
74453
74466
74469
74469
74469
74475
74483
74526
74532
74536
74539
74546
74557
74562
74563
74566
74568
74569
74571
74582
74593
74598
74606
74619
74627
74628
74637
74673
74674
74676
74684
74693
74698
74710
74710
74711
74716
74718
74733
74746
74787
74801
74807
74816
74831
74853
74858
74861
74861
74866
74868
74878
74879
74891
74926
74929
74932
74959
74961
75008
75027
75037
75059
75075
75082
75104
75120
75127
75134
75148
75151
75154
75159
75160
75163
75194
75208
75232
75233
75240
75268
75272
75273
75279
75286
75286
75291
75291
75319
75327
75367
75376
75384
75402
75404
75407
75425
75431
75455
75456
75472
75477
75505
75533
75537
75540
75557
75566
75570
75588
75589
75612
75614
75618
75646
75650
75665
75674
75676
75690
75690
75723
75755
75757
75779
75779
75794
75805
75839
75842
75845
75863
75881
75894
75896
75896
75903
75906
75911
75912
75914
75918
75919
75940
75946
75959
75968
75969
75971
75979
75989
75994
76001
76014
76015
76041
76042
76072
76120
76127
76160
76178
76179
76203
76239
76246
76266
76283
76285
76297
76303
76332
76342
76347
76354
76354
76368
76371
76377
76381
76393
76412
76424
76440
76442
76467
76477
76481
76510
76514
76522
76525
76526
76535
76543
76556
76560
76561
76568
76578
76627
76658
76660
76674
76677
76684
76706
76708
76716
76736
76754
76779
76790
76796
76800
76803
76803
76810
76816
76823
76846
76850
76857
76863
76868
76868
76874
76876
76882
76894
76894
76895
76897
76899
76909
76909
76921
76938
76945
76954
76968
76976
76988
77005
77008
77023
77038
77080
77088
77089
77094
77094
77099
77116
77121
77123
77135
77144
77154
77179
77181
77187
77208
77209
77258
77274
77291
77299
77299
77301
77302
77312
77354
77375
77379
77391
77411
77413
77417
77454
77495
77495
77495
77512
77516
77521
77522
77542
77545
77549
77549
77565
77582
77585
77606
77610
77621
77629
77633
77644
77678
77685
77695
77699
77701
77708
77744
77747
77747
77753
77762
77764
77766
77777
77778
77780
77785
77805
77806
77816
77866
77880
77883
77934
77946
77988
77989
77998
78004
78014
78015
78049
78051
78055
78068
78085
78095
78098
78122
78125
78138
78139
78150
78150
78163
78174
78177
78191
78195
78198
78221
78222
78229
78239
78257
78271
78273
78277
78286
78289
78292
78294
78297
78299
78305
78333
78335
78352
78357
78369
78377
78380
78387
78391
78394
78397
78398
78420
78422
78423
78424
78434
78444
78449
78463
78467
78467
78482
78503
78505
78512
78546
78551
78560
78575
78581
78603
78608
78614
78655
78680
78680
78686
78687
78688
78690
78693
78699
78700
78707
78710
78732
78741
78760
78781
78782
78793
78803
78816
78820
78842
78843
78851
78880
78899
78903
78907
78910
78917
78933
78957
78958
78964
78965
78976
78993
78996
78999
79001
79013
79017
79023
79027
79043
79050
79052
79055
79056
79066
79076
79082
79098
79107
79134
79141
79150
79175
79181
79185
79195
79202
79202
79219
79226
79227
79229
79230
79240
79262
79270
79273
79281
79296
79299
79302
79304
79309
79310
79314
79325
79337
79348
79358
79358
79363
79413
79415
79417
79418
79421
79424
79430
79434
79438
79440
79446
79455
79461
79465
79468
79494
79498
79535
79561
79563
79565
79566
79572
79581
79616
79631
79648
79650
79653
79656
79661
79673
79682
79682
79682
79687
79708
79708
79743
79745
79747
79768
79781
79787
79800
79807
79809
79814
79815
79817
79818
79827
79828
79834
79841
79855
79866
79868
79870
79871
79875
79899
79901
79919
79923
79932
79937
79951
79953
79955
79956
79970
79978
79988
79990
79999
79999
80008
80024
80043
80052
80067
80067
80067
80073
80080
80085
80086
80086
80091
80104
80107
80118
80119
80137
80140
80157
80165
80222
80234
80248
80259
80263
80272
80274
80278
80301
80305
80307
80308
80361
80366
80379
80388
80390
80409
80419
80426
80432
80435
80442
80443
80462
80471
80476
80485
80490
80496
80498
80510
80547
80565
80568
80606
80607
80626
80644
80656
80657
80659
80663
80706
80729
80751
80762
80767
80770
80788
80802
80813
80846
80851
80857
80870
80875
80888
80902
80916
80922
80928
80928
80934
80946
80946
80947
80951
80958
80963
80969
80972
80997
81007
81009
81014
81018
81024
81031
81032
81038
81042
81055
81056
81075
81093
81095
81104
81110
81111
81112
81120
81149
81182
81184
81186
81193
81230
81244
81244
81245
81251
81257
81284
81286
81315
81326
81346
81350
81357
81369
81374
81380
81388
81394
81419
81423
81481
81482
81494
81516
81519
81560
81562
81572
81572
81577
81630
81631
81637
81649
81667
81680
81683
81697
81713
81715
81730
81744
81745
81750
81798
81806
81809
81814
81816
81830
81838
81854
81854
81859
81873
81877
81887
81902
81918
81927
81966
81991
81997
81998
82037
82044
82071
82075
82102
82107
82113
82146
82156
82160
82165
82173
82199
82206
82223
82254
82260
82268
82279
82290
82293
82295
82297
82306
82311
82312
82337
82343
82360
82364
82367
82368
82380
82393
82404
82407
82411
82418
82426
82440
82442
82453
82460
82481
82487
82488
82500
82503
82506
82512
82521
82526
82527
82538
82542
82554
82570
82574
82583
82603
82604
82611
82625
82632
82650
82670
82670
82684
82700
82713
82720
82729
82739
82747
82754
82756
82765
82767
82770
82782
82784
82788
82796
82797
82798
82804
82826
82830
82867
82876
82877
82881
82882
82888
82909
82910
82920
82921
82925
82936
82971
82972
82972
82980
83005
83005
83016
83023
83028
83039
83085
83110
83120
83132
83132
83137
83148
83160
83186
83202
83224
83233
83241
83260
83274
83286
83302
83315
83326
83349
83380
83394
83398
83401
83413
83452
83465
83483
83490
83497
83503
83504
83558
83561
83561
83564
83567
83568
83585
83597
83654
83677
83678
83687
83693
83696
83698
83715
83728
83738
83741
83741
83743
83744
83749
83751
83768
83769
83772
83784
83800
83800
83823
83826
83854
83854
83862
83874
83877
83879
83893
83915
83931
83942
83955
83978
83982
83998
84002
84009
84026
84028
84031
84038
84041
84046
84064
84066
84080
84083
84092
84093
84099
84114
84126
84139
84140
84151
84158
84164
84199
84228
84235
84243
84249
84264
84264
84268
84288
84299
84306
84316
84328
84332
84333
84369
84383
84386
84392
84397
84404
84407
84409
84423
84423
84428
84430
84432
84438
84443
84449
84459
84465
84476
84485
84526
84550
84555
84562
84564
84570
84586
84618
84632
84642
84654
84661
84662
84673
84675
84682
84693
84700
84703
84712
84729
84736
84747
84751
84761
84762
84778
84784
84804
84806
84813
84818
84822
84837
84845
84850
84854
84863
84867
84872
84875
84882
84889
84892
84893
84896
84914
84946
84948
84952
84953
84960
84992
84996
85010
85030
85062
85063
85064
85075
85077
85083
85094
85116
85124
85132
85141
85152
85164
85170
85173
85178
85194
85237
85272
85283
85286
85293
85294
85302
85344
85351
85352
85354
85378
85387
85389
85394
85414
85422
85425
85457
85459
85462
85471
85473
85481
85484
85491
85538
85540
85547
85559
85560
85578
85579
85587
85614
85620
85623
85637
85647
85659
85679
85708
85712
85722
85728
85735
85742
85743
85747
85756
85763
85770
85781
85783
85784
85795
85800
85801
85822
85829
85847
85855
85856
85869
85869
85870
85875
85875
85881
85891
85917
85921
85943
85956
85963
85975
85983
85985
85987
85999
86002
86037
86062
86069
86081
86083
86091
86092
86123
86179
86184
86189
86196
86203
86206
86251
86256
86259
86263
86277
86284
86287
86295
86308
86309
86317
86324
86324
86341
86347
86353
86366
86366
86373
86382
86383
86395
86407
86413
86427
86442
86462
86470
86472
86486
86500
86522
86564
86573
86580
86583
86584
86601
86634
86635
86636
86641
86652
86655
86663
86666
86682
86684
86686
86701
86718
86718
86739
86745
86746
86774
86782
86785
86817
86840
86841
86844
86845
86854
86875
86882
86883
86887
86898
86901
86914
86924
86937
86942
86944
86946
86972
86991
86993
86999
87090
87093
87120
87124
87129
87140
87175
87190
87200
87210
87249
87257
87258
87268
87269
87273
87275
87336
87337
87345
87347
87358
87369
87369
87371
87372
87402
87404
87405
87414
87418
87421
87422
87437
87441
87462
87463
87466
87475
87477
87479
87528
87536
87539
87542
87543
87546
87569
87580
87581
87584
87598
87643
87647
87719
87736
87746
87758
87768
87770
87776
87782
87787
87839
87845
87850
87856
87861
87863
87868
87871
87875
87909
87911
87912
87916
87934
87934
87946
87946
87951
87951
87955
87964
87992
87996
88035
88042
88096
88103
88108
88109
88122
88125
88130
88137
88164
88170
88176
88180
88186
88188
88199
88208
88209
88216
88222
88223
88234
88240
88241
88243
88262
88264
88266
88267
88300
88355
88358
88381
88398
88398
88400
88410
88424
88427
88429
88429
88439
88449
88463
88473
88480
88486
88489
88499
88500
88517
88532
88545
88557
88558
88563
88570
88575
88582
88584
88611
88622
88631
88631
88639
88642
88646
88664
88665
88667
88685
88687
88700
88722
88722
88730
88738
88782
88784
88800
88802
88839
88850
88851
88861
88866
88878
88880
88882
88883
88886
88903
88915
88936
88938
88942
88947
88970
88973
88982
88984
88989
88989
89006
89026
89027
89028
89062
89066
89074
89077
89103
89107
89118
89130
89141
89162
89204
89214
89230
89238
89256
89268
89276
89280
89293
89305
89305
89306
89308
89310
89310
89324
89324
89330
89343
89378
89384
89392
89399
89408
89435
89441
89443
89446
89469
89473
89483
89487
89504
89505
89510
89511
89546
89548
89556
89559
89560
89568
89579
89590
89591
89592
89598
89598
89600
89603
89610
89665
89672
89686
89698
89702
89707
89715
89726
89730
89732
89734
89736
89744
89747
89748
89773
89776
89780
89788
89792
89802
89803
89846
89858
89910
89912
89912
89926
89930
89933
89936
89949
89957
89959
89961
89979
89987
89988
90005
90033
90052
90052
90057
90069
90078
90080
90089
90092
90116
90146
90151
90166
90169
90172
90176
90198
90202
90216
90245
90256
90274
90317
90323
90325
90361
90361
90363
90366
90367
90373
90380
90382
90383
90387
90387
90409
90410
90410
90420
90450
90451
90471
90474
90487
90521
90522
90533
90536
90545
90559
90579
90584
90590
90608
90614
90618
90623
90624
90626
90632
90632
90648
90656
90685
90709
90722
90729
90733
90738
90746
90759
90761
90763
90768
90773
90792
90792
90798
90805
90806
90812
90817
90829
90848
90850
90855
90868
90871
90871
90887
90892
90896
90900
90908
90915
90923
90933
90955
90963
90971
90971
90978
90980
90988
90990
90999
91017
91046
91055
91079
91089
91092
91097
91098
91107
91107
91132
91136
91153
91173
91175
91180
91187
91191
91244
91246
91246
91259
91277
91284
91298
91303
91313
91314
91320
91340
91360
91372
91434
91443
91463
91489
91491
91499
91520
91521
91521
91524
91527
91531
91560
91562
91562
91573
91574
91580
91583
91587
91591
91592
91609
91618
91645
91648
91651
91660
91665
91666
91669
91670
91680
91687
91715
91715
91716
91726
91729
91730
91732
91739
91742
91744
91748
91751
91800
91841
91843
91857
91858
91874
91921
91924
91937
91943
91954
91969
91976
91995
92004
92009
92039
92040
92048
92056
92056
92057
92057
92065
92068
92076
92083
92107
92114
92127
92138
92151
92161
92161
92164
92180
92203
92228
92247
92263
92273
92277
92282
92294
92305
92351
92355
92379
92381
92387
92400
92407
92416
92442
92459
92464
92468
92472
92477
92485
92488
92493
92528
92536
92543
92548
92561
92572
92574
92604
92616
92620
92622
92624
92627
92628
92640
92642
92645
92647
92655
92657
92657
92691
92694
92697
92700
92709
92717
92728
92741
92745
92750
92754
92757
92769
92770
92783
92784
92792
92792
92812
92817
92829
92832
92845
92858
92859
92867
92867
92869
92871
92872
92875
92879
92888
92905
92909
92913
92932
92939
92940
92944
92949
92961
92973
92985
92987
92991
93020
93022
93054
93059
93062
93064
93072
93118
93129
93133
93139
93148
93150
93156
93158
93176
93187
93192
93195
93206
93216
93225
93244
93253
93253
93259
93264
93268
93268
93272
93273
93300
93303
93308
93314
93322
93325
93326
93330
93335
93335
93343
93344
93348
93359
93360
93376
93394
93403
93406
93407
93412
93442
93446
93469
93469
93482
93489
93507
93511
93513
93513
93515
93532
93548
93555
93561
93562
93570
93583
93587
93590
93594
93610
93617
93617
93618
93633
93637
93638
93644
93666
93684
93696
93725
93732
93750
93751
93751
93754
93763
93767
93770
93782
93800
93801
93816
93821
93824
93862
93874
93882
93903
93929
93932
93949
93965
93971
93976
94003
94008
94011
94011
94015
94023
94029
94039
94078
94088
94088
94098
94102
94119
94127
94133
94156
94182
94190
94195
94200
94202
94216
94219
94264
94270
94275
94282
94296
94327
94331
94339
94343
94348
94376
94377
94394
94397
94401
94402
94424
94440
94458
94491
94506
94507
94531
94547
94552
94568
94583
94591
94610
94612
94637
94662
94679
94686
94694
94695
94719
94727
94749
94763
94765
94770
94772
94778
94779
94781
94796
94797
94803
94820
94826
94831
94845
94850
94852
94863
94867
94873
94891
94893
94895
94908
94911
94924
94924
94953
94955
94974
94975
94977
94988
94989
94996
95010
95017
95034
95037
95041
95043
95044
95048
95049
95058
95075
95075
95083
95089
95093
95093
95120
95134
95144
95151
95155
95169
95180
95218
95226
95238
95240
95247
95248
95276
95276
95282
95289
95305
95314
95340
95340
95346
95367
95374
95381
95383
95391
95401
95403
95407
95442
95445
95449
95449
95488
95491
95494
95498
95505
95520
95556
95566
95569
95579
95581
95619
95623
95625
95635
95681
95720
95743
95758
95759
95778
95780
95782
95796
95802
95807
95807
95811
95819
95841
95842
95867
95868
95879
95890
95898
95907
95914
95915
95915
95919
95919
95925
95936
95975
96002
96011
96046
96056
96071
96080
96099
96108
96113
96114
96123
96134
96141
96141
96158
96170
96175
96182
96183
96229
96230
96236
96248
96254
96254
96271
96277
96287
96317
96321
96328
96328
96372
96373
96379
96382
96383
96405
96409
96426
96431
96436
96438
96448
96450
96452
96453
96465
96489
96493
96494
96500
96517
96520
96529
96546
96557
96558
96565
96566
96573
96589
96594
96599
96622
96635
96636
96651
96679
96690
96695
96697
96705
96723
96779
96785
96786
96799
96806
96810
96814
96828
96854
96859
96866
96869
96874
96877
96892
96894
96896
96896
96900
96926
96942
96982
96982
97008
97012
97020
97023
97038
97041
97042
97049
97065
97101
97115
97138
97144
97167
97167
97186
97188
97204
97212
97216
97229
97237
97259
97260
97260
97270
97279
97285
97289
97297
97298
97309
97314
97350
97388
97393
97394
97394
97408
97410
97412
97418
97421
97424
97439
97443
97447
97455
97467
97494
97505
97514
97522
97537
97545
97547
97547
97574
97574
97590
97598
97644
97654
97660
97669
97677
97677
97692
97694
97698
97703
97733
97735
97753
97755
97759
97786
97789
97798
97806
97810
97816
97816
97854
97873
97874
97883
97885
97885
97893
97896
97896
97916
97943
97948
97949
97978
98008
98024
98026
98034
98040
98042
98044
98069
98086
98149
98160
98171
98176
98204
98209
98210
98210
98215
98215
98221
98225
98237
98272
98309
98319
98329
98350
98360
98366
98368
98377
98379
98381
98433
98458
98458
98459
98464
98465
98490
98519
98519
98530
98534
98537
98566
98570
98571
98579
98590
98597
98598
98601
98608
98620
98632
98637
98649
98665
98684
98687
98703
98704
98719
98723
98743
98755
98758
98763
98774
98775
98778
98781
98782
98782
98795
98815
98847
98870
98872
98893
98917
98923
98924
98971
98971
98990
98991
98992
98998
98999
99002
99010
99010
99017
99024
99029
99030
99038
99040
99050
99052
99061
99095
99096
99112
99117
99121
99141
99144
99147
99154
99174
99197
99199
99211
99215
99216
99233
99248
99261
99274
99280
99290
99318
99322
99323
99334
99335
99358
99359
99383
99397
99401
99415
99435
99436
99437
99441
99447
99451
99454
99470
99471
99491
99495
99497
99500
99502
99506
99511
99518
99535
99544
99549
99561
99564
99577
99597
99600
99607
99607
99618
99628
99661
99676
99681
99691
99705
99714
99720
99731
99741
99753
99760
99768
99771
99788
99792
99792
99809
99810
99822
99825
99826
99830
99836
99841
99864
99881
99894
99906
99907
99907
99909
99932
99945
99945
99948
99952
99966
99977
99999
