5
12
23
24
27
41
49
79
80
105
105
110
112
125
163
185
187
192
200
201
201
223
225
239
242
249
259
271
279
324
336
347
409
421
422
422
442
448
457
459
464
468
471
478
480
496
496
508
518
533
539
545
570
581
587
598
601
606
624
627
633
644
652
664
668
681
685
702
703
708
714
723
729
742
753
773
784
785
788
805
816
821
868
883
900
918
929
937
947
948
965
967
982
987
990
994
1039
1041
1057
1071
1076
1085
1091
1104
1110
1111
1123
1135
1151
1156
1158
1178
1178
1190
1192
1195
1215
1233
1238
1247
1255
1257
1258
1274
1295
1301
1313
1318
1335
1350
1353
1359
1371
1374
1394
1403
1410
1415
1433
1433
1454
1476
1481
1483
1493
1514
1527
1532
1554
1555
1592
1594
1608
1611
1615
1624
1633
1639
1639
1650
1650
1655
1675
1680
1686
1691
1696
1712
1725
1739
1744
1745
1756
1757
1759
1762
1774
1774
1788
1806
1812
1819
1826
1835
1875
1876
1881
1896
1908
1909
1911
1926
1928
1930
1945
1958
1986
1996
2056
2073
2076
2086
2111
2116
2126
2152
2165
2168
2174
2194
2212
2215
2228
2252
2277
2280
2281
2285
2311
2340
2346
2349
2353
2353
2358
2362
2372
2384
2400
2403
2418
2424
2439
2443
2445
2470
2490
2493
2494
2518
2526
2536
2545
2548
2553
2553
2559
2568
2582
2592
2610
2611
2617
2626
2636
2644
2644
2655
2666
2674
2685
2686
2694
2698
2723
2729
2732
2734
2760
2766
2775
2789
2801
2814
2820
2824
2856
2869
2883
2885
2894
2898
2906
2907
2916
2918
2928
2928
2932
2932
2942
2958
2963
2979
2981
2989
3000
3002
3009
3015
3019
3020
3030
3035
3036
3063
3073
3098
3103
3117
3127
3134
3140
3145
3145
3154
3160
3180
3185
3198
3207
3228
3230
3236
3266
3322
3330
3336
3347
3350
3352
3395
3399
3430
3430
3441
3457
3457
3470
3478
3496
3498
3505
3522
3526
3535
3535
3543
3547
3550
3556
3575
3594
3608
3620
3625
3632
3648
3653
3654
3655
3657
3674
3675
3675
3682
3692
3764
3772
3773
3791
3805
3810
3811
3812
3820
3825
3868
3883
3884
3893
3904
3904
3911
3914
3916
3917
3919
3922
3935
3940
3963
3967
3986
3997
4006
4017
4022
4043
4074
4085
4087
4088
4101
4108
4117
4117
4118
4123
4137
4148
4164
4174
4175
4188
4200
4220
4236
4245
4265
4274
4280
4281
4296
4299
4323
4324
4354
4379
4380
4386
4391
4408
4417
4418
4423
4431
4434
4435
4436
4448
4456
4462
4466
4468
4474
4486
4491
4498
4503
4504
4507
4514
4515
4523
4535
4536
4539
4554
4556
4557
4558
4563
4567
4571
4575
4578
4592
4629
4631
4631
4638
4654
4675
4690
4703
4706
4708
4714
4724
4742
4745
4747
4757
4759
4761
4769
4800
4817
4827
4835
4841
4849
4861
4900
4903
4927
4937
4953
4976
4992
4999
5039
5046
5063
5066
5067
5073
5077
5083
5086
5087
5099
5115
5117
5130
5136
5154
5157
5158
5169
5176
5202
5212
5222
5230
5257
5260
5273
5289
5309
5319
5323
5336
5339
5369
5370
5395
5395
5403
5438
5446
5447
5458
5459
5469
5469
5476
5477
5478
5503
5505
5505
5514
5528
5533
5547
5573
5580
5582
5585
5593
5597
5600
5601
5603
5622
5645
5669
5681
5683
5722
5727
5730
5744
5766
5795
5802
5826
5831
5842
5845
5858
5861
5867
5869
5897
5909
5913
5922
5929
5937
5939
5950
5953
5955
5957
5970
5973
5981
5993
5995
5999
6013
6015
6023
6028
6034
6038
6050
6056
6059
6077
6094
6094
6104
6115
6118
6126
6127
6142
6148
6156
6168
6182
6188
6200
6206
6225
6230
6232
6251
6255
6261
6287
6292
6318
6319
6322
6324
6336
6341
6361
6385
6400
6465
6478
6491
6503
6529
6537
6538
6548
6550
6567
6568
6580
6601
6651
6679
6685
6691
6693
6695
6704
6728
6749
6765
6780
6783
6802
6812
6816
6852
6866
6900
6902
6905
6906
6907
6913
6919
6953
6957
6963
6966
6967
6979
7008
7023
7030
7031
7036
7072
7076
7095
7118
7129
7132
7135
7151
7152
7165
7171
7175
7179
7182
7202
7206
7210
7230
7239
7244
7246
7247
7258
7263
7291
7297
7305
7306
7307
7322
7367
7368
7372
7373
7373
7374
7397
7404
7411
7412
7451
7453
7464
7472
7495
7498
7500
7506
7520
7523
7531
7535
7544
7547
7554
7561
7571
7574
7580
7611
7630
7639
7641
7655
7675
7682
7684
7688
7694
7695
7727
7736
7744
7754
7760
7760
7775
7785
7834
7835
7837
7843
7847
7850
7851
7853
7865
7875
7875
7877
7877
7879
7891
7895
7914
7935
7951
7955
7965
7972
7991
7995
8020
8028
8041
8059
8082
8093
8101
8112
8121
8141
8149
8183
8192
8213
8218
8223
8237
8238
8244
8251
8251
8251
8258
8259
8263
8306
8328
8335
8344
8356
8356
8377
8396
8412
8430
8431
8438
8440
8461
8481
8490
8503
8503
8508
8521
8522
8526
8534
8565
8599
8613
8618
8627
8638
8645
8647
8653
8675
8676
8686
8717
8741
8742
8742
8748
8748
8754
8761
8767
8771
8778
8795
8805
8827
8846
8849
8859
8902
8908
8912
8920
8926
8929
8942
8956
8963
8982
8995
9006
9030
9050
9051
9068
9110
9115
9120
9120
9124
9126
9129
9137
9146
9146
9151
9154
9156
9167
9171
9181
9187
9187
9207
9217
9220
9230
9231
9231
9232
9234
9262
9262
9276
9282
9283
9293
9295
9319
9335
9349
9366
9381
9396
9408
9411
9419
9420
9430
9445
9447
9455
9458
9460
9463
9464
9464
9480
9498
9511
9519
9520
9521
9522
9524
9528
9534
9546
9548
9551
9567
9577
9590
9591
9611
9630
9631
9638
9647
9650
9684
9699
9702
9710
9729
9734
9737
9757
9789
9795
9814
9831
9834
9839
9847
9847
9850
9850
9851
9852
9859
9866
9888
9893
9894
9897
9901
9904
9907
9917
9924
9944
9952
9957
9964
9993
9997
