18
20
63
71
80
82
87
108
119
134
137
139
151
152
181
181
191
218
236
237
266
267
287
289
309
311
322
327
330
339
343
345
373
376
383
401
410
420
433
443
454
478
494
504
509
512
537
551
567
569
573
579
582
592
592
629
631
633
634
639
645
652
694
700
704
736
739
753
762
763
770
771
773
780
787
803
804
810
833
838
840
843
851
871
888
889
891
891
900
905
913
914
918
923
924
948
961
967
967
968
978
981
982
1044
1047
1050
1052
1067
1095
1109
1131
1141
1157
1165
1172
1216
1218
1228
1240
1244
1258
1261
1273
1279
1282
1288
1293
1294
1298
1326
1338
1347
1354
1355
1385
1401
1404
1415
1428
1462
1471
1484
1487
1502
1505
1510
1521
1528
1534
1537
1539
1540
1547
1563
1565
1589
1591
1601
1606
1607
1610
1619
1620
1624
1624
1634
1635
1669
1678
1679
1707
1709
1710
1719
1720
1729
1744
1749
1759
1783
1798
1809
1845
1852
1853
1856
1862
1869
1871
1889
1894
1900
1902
1915
1924
1928
1973
1991
2001
2002
2029
2031
2042
2046
2053
2056
2056
2061
2095
2099
2106
2127
2133
2134
2147
2162
2162
2166
2176
2181
2188
2203
2208
2224
2231
2236
2260
2263
2286
2290
2301
2314
2317
2325
2333
2356
2360
2365
2396
2400
2406
2421
2462
2465
2472
2475
2479
2492
2514
2516
2521
2527
2530
2538
2542
2553
2559
2564
2575
2588
2606
2620
2639
2643
2666
2697
2697
2705
2711
2711
2712
2728
2729
2735
2748
2754
2754
2762
2768
2771
2776
2781
2788
2791
2808
2817
2836
2842
2859
2863
2868
2869
2877
2879
2881
2883
2885
2889
2899
2928
2933
2946
2951
2979
2997
3003
3029
3039
3039
3040
3047
3068
3071
3084
3087
3095
3130
3137
3161
3178
3204
3218
3220
3225
3247
3264
3272
3302
3326
3327
3349
3351
3355
3397
3403
3405
3419
3423
3431
3432
3433
3456
3458
3468
3471
3490
3494
3505
3517
3520
3523
3540
3545
3546
3547
3551
3571
3585
3595
3624
3630
3639
3649
3659
3673
3702
3744
3752
3798
3805
3817
3845
3852
3855
3859
3879
3886
3891
3899
3902
3906
3906
3925
3925
3932
3939
3951
3960
3981
4023
4028
4033
4052
4053
4054
4056
4064
4084
4085
4092
4123
4132
4143
4166
4176
4184
4185
4192
4193
4250
4266
4279
4280
4281
4301
4301
4305
4323
4335
4339
4352
4364
4365
4370
4381
4382
4398
4409
4434
4442
4451
4454
4456
4460
4463
4475
4476
4481
4486
4500
4509
4516
4536
4545
4554
4560
4561
4564
4567
4568
4579
4600
4606
4611
4631
4640
4643
4650
4664
4665
4674
4709
4718
4740
4741
4743
4745
4751
4766
4806
4821
4826
4837
4848
4861
4886
4891
4891
4895
4899
4902
4915
4937
4941
4944
4945
4956
4957
4970
4972
4975
4981
4984
4999
4999
5015
5023
5032
5035
5042
5047
5049
5078
5105
5110
5115
5115
5147
5181
5191
5193
5219
5229
5230
5231
5246
5252
5265
5287
5290
5300
5336
5337
5341
5343
5360
5362
5364
5365
5365
5384
5397
5402
5403
5409
5410
5432
5433
5435
5475
5475
5483
5483
5484
5487
5511
5515
5522
5534
5559
5566
5580
5580
5601
5609
5622
5628
5629
5635
5645
5647
5662
5668
5676
5677
5678
5711
5711
5714
5727
5728
5787
5789
5795
5802
5861
5863
5865
5870
5885
5890
5890
5894
5897
5899
5926
5960
5962
5981
5990
6005
6012
6027
6029
6050
6053
6061
6066
6078
6078
6082
6091
6092
6099
6100
6112
6121
6127
6127
6129
6132
6138
6139
6145
6145
6194
6198
6211
6253
6259
6276
6291
6298
6316
6316
6350
6351
6374
6396
6407
6411
6415
6416
6429
6448
6468
6469
6497
6509
6517
6529
6531
6539
6559
6561
6562
6569
6577
6581
6591
6595
6596
6612
6626
6631
6655
6663
6668
6670
6671
6685
6700
6703
6721
6723
6723
6726
6735
6736
6743
6766
6776
6823
6830
6832
6858
6863
6865
6870
6873
6881
6886
6891
6901
6937
6938
6942
6943
6944
6952
6964
6973
6974
6982
6984
6999
7010
7011
7018
7033
7067
7069
7080
7096
7106
7116
7122
7124
7125
7141
7150
7160
7175
7204
7205
7214
7230
7238
7257
7258
7260
7262
7272
7274
7292
7304
7306
7313
7324
7326
7331
7334
7337
7366
7372
7377
7380
7381
7385
7408
7411
7433
7445
7457
7478
7479
7482
7483
7485
7488
7488
7489
7499
7501
7506
7524
7529
7531
7536
7538
7544
7546
7587
7607
7609
7621
7625
7632
7651
7685
7689
7696
7706
7710
7711
7752
7781
7791
7806
7812
7814
7824
7827
7833
7856
7900
7918
7939
7955
7975
7975
7979
7998
8002
8023
8024
8024
8025
8057
8071
8073
8081
8084
8090
8091
8109
8115
8118
8120
8144
8155
8159
8175
8177
8179
8203
8205
8206
8219
8222
8230
8232
8238
8275
8316
8331
8350
8392
8396
8406
8413
8424
8440
8441
8441
8444
8458
8463
8480
8532
8552
8567
8593
8604
8612
8620
8634
8640
8641
8649
8649
8674
8677
8691
8695
8696
8704
8735
8744
8763
8776
8776
8780
8788
8802
8816
8824
8826
8829
8834
8846
8860
8871
8883
8900
8925
8939
8953
8960
8963
8967
8973
8977
8981
8984
9011
9016
9016
9018
9024
9027
9049
9057
9073
9079
9087
9090
9111
9119
9123
9126
9126
9143
9146
9150
9156
9164
9182
9188
9192
9194
9204
9212
9239
9251
9260
9260
9266
9284
9291
9328
9341
9347
9360
9365
9366
9378
9382
9383
9385
9387
9391
9394
9404
9414
9431
9435
9482
9497
9505
9516
9521
9529
9535
9537
9538
9558
9589
9593
9595
9595
9601
9633
9652
9668
9677
9683
9709
9732
9736
9746
9765
9771
9773
9787
9791
9797
9797
9813
9816
9818
9819
9825
9830
9833
9833
9836
9865
9866
9874
9875
9884
9885
9891
9891
9892
9893
9895
9905
9908
9914
9926
9949
9950
9969
9971
9977
9982
9983
9998
