3
11
21
22
24
55
56
62
71
79
84
113
116
124
127
128
132
140
148
161
167
181
197
203
204
205
206
222
223
233
244
247
247
248
248
249
263
266
273
276
281
285
293
294
298
302
304
304
326
329
337
338
340
347
352
356
364
389
396
405
412
420
439
443
452
458
475
483
502
522
529
534
544
557
560
569
570
572
585
618
625
651
657
671
683
687
689
694
698
716
718
720
727
739
750
761
764
767
787
796
834
834
836
838
840
842
867
874
876
883
887
889
891
897
904
914
936
938
941
949
972
983
999
1006
1036
1057
1086
1090
1093
1120
1125
1126
1143
1145
1152
1153
1158
1196
1203
1205
1216
1218
1227
1229
1234
1255
1258
1269
1270
1272
1292
1295
1312
1313
1314
1315
1317
1317
1328
1330
1341
1351
1371
1394
1407
1428
1442
1448
1452
1466
1492
1499
1510
1525
1526
1526
1545
1554
1569
1575
1579
1587
1588
1600
1605
1613
1647
1649
1665
1666
1677
1680
1683
1698
1714
1715
1715
1722
1734
1745
1746
1747
1755
1757
1767
1772
1778
1786
1786
1812
1814
1814
1840
1842
1926
1935
1938
1949
1954
1958
1969
2009
2015
2023
2027
2038
2046
2064
2083
2112
2115
2118
2122
2124
2125
2128
2146
2148
2171
2173
2194
2199
2206
2207
2215
2223
2242
2255
2257
2272
2285
2295
2296
2299
2303
2311
2312
2326
2335
2335
2342
2352
2369
2379
2414
2430
2435
2435
2439
2441
2464
2474
2475
2481
2510
2514
2518
2527
2548
2550
2564
2577
2591
2595
2611
2614
2639
2641
2646
2655
2658
2659
2666
2679
2680
2682
2687
2691
2701
2717
2717
2718
2733
2747
2754
2781
2789
2790
2795
2799
2818
2829
2848
2862
2864
2878
2887
2900
2902
2904
2905
2916
2925
2926
2932
2933
2950
2952
2963
2964
2995
3015
3038
3048
3063
3065
3081
3088
3097
3098
3099
3103
3110
3113
3113
3117
3127
3137
3142
3154
3165
3181
3198
3214
3215
3218
3219
3219
3231
3238
3243
3275
3282
3299
3304
3319
3333
3335
3336
3359
3367
3375
3384
3389
3398
3403
3405
3408
3419
3420
3429
3443
3451
3456
3458
3458
3467
3483
3485
3486
3488
3500
3507
3510
3513
3547
3550
3554
3568
3571
3571
3573
3593
3596
3605
3616
3617
3619
3625
3637
3650
3662
3665
3666
3669
3679
3694
3703
3712
3712
3732
3734
3757
3758
3773
3775
3793
3793
3795
3795
3805
3819
3825
3842
3858
3882
3890
3906
3916
3920
3942
3947
3949
3970
4009
4015
4021
4028
4028
4048
4057
4059
4065
4071
4075
4080
4087
4098
4126
4146
4148
4152
4162
4166
4180
4182
4203
4239
4242
4248
4249
4277
4279
4282
4292
4297
4310
4314
4321
4326
4339
4354
4367
4367
4370
4377
4386
4391
4401
4406
4408
4416
4417
4427
4429
4432
4435
4448
4451
4463
4470
4479
4486
4502
4502
4511
4515
4516
4540
4549
4553
4558
4566
4580
4580
4592
4600
4617
4642
4655
4671
4674
4676
4677
4677
4680
4694
4695
4699
4730
4740
4758
4770
4774
4785
4789
4802
4807
4815
4815
4817
4836
4851
4855
4859
4879
4887
4889
4902
4909
4942
4962
4968
4972
4994
4999
5024
5028
5041
5051
5061
5066
5074
5079
5105
5119
5121
5135
5149
5156
5159
5167
5189
5202
5203
5212
5225
5225
5239
5254
5270
5276
5290
5291
5294
5302
5322
5334
5335
5339
5343
5352
5362
5364
5370
5381
5384
5393
5394
5400
5404
5432
5434
5444
5457
5465
5479
5489
5532
5537
5540
5542
5559
5559
5563
5564
5568
5574
5577
5596
5597
5597
5599
5642
5650
5667
5670
5671
5676
5684
5687
5693
5717
5728
5736
5747
5758
5788
5803
5806
5813
5830
5837
5855
5856
5861
5889
5896
5896
5907
5911
5919
5923
5924
5925
5937
5945
5960
5961
5967
5981
6029
6038
6050
6107
6108
6127
6134
6135
6150
6155
6162
6168
6168
6169
6176
6180
6194
6197
6203
6209
6209
6223
6230
6230
6241
6241
6245
6272
6317
6332
6336
6341
6346
6355
6369
6381
6386
6397
6398
6405
6405
6415
6418
6448
6453
6463
6473
6479
6495
6505
6507
6512
6514
6516
6522
6533
6533
6560
6566
6570
6595
6603
6612
6620
6627
6637
6638
6643
6649
6655
6681
6706
6715
6717
6721
6742
6748
6766
6769
6773
6782
6801
6805
6809
6820
6822
6839
6844
6848
6852
6854
6882
6886
6903
6920
6923
6923
6927
6934
6942
6953
6955
7017
7026
7047
7079
7086
7099
7125
7129
7136
7160
7161
7188
7210
7214
7244
7248
7255
7264
7285
7288
7290
7302
7305
7311
7332
7351
7360
7363
7366
7383
7384
7423
7427
7435
7436
7441
7448
7464
7473
7478
7478
7479
7483
7517
7530
7542
7545
7562
7572
7583
7590
7593
7607
7609
7636
7649
7688
7688
7704
7711
7727
7732
7753
7771
7775
7777
7797
7804
7816
7841
7862
7869
7875
7895
7896
7900
7903
7911
7933
7939
7948
7956
7964
7967
7980
7983
7989
8008
8013
8013
8025
8029
8031
8046
8057
8072
8073
8073
8074
8085
8097
8117
8127
8141
8143
8149
8156
8157
8160
8160
8163
8172
8175
8176
8183
8196
8227
8236
8247
8297
8298
8300
8303
8325
8325
8327
8333
8344
8348
8349
8351
8367
8374
8383
8386
8391
8401
8408
8423
8430
8441
8467
8472
8473
8480
8522
8531
8537
8539
8546
8584
8584
8585
8586
8592
8605
8608
8608
8627
8636
8638
8640
8643
8644
8645
8663
8670
8688
8689
8725
8729
8744
8747
8749
8783
8785
8790
8811
8814
8829
8838
8853
8855
8856
8867
8868
8868
8877
8899
8910
8918
8921
8940
8946
8965
8970
8980
9000
9001
9003
9018
9039
9043
9082
9083
9113
9113
9115
9117
9135
9150
9153
9169
9169
9172
9175
9175
9193
9218
9218
9222
9237
9256
9262
9263
9264
9281
9288
9296
9296
9299
9306
9309
9329
9334
9342
9355
9360
9363
9365
9366
9376
9384
9404
9406
9438
9442
9447
9459
9463
9468
9473
9480
9484
9485
9494
9508
9511
9538
9546
9547
9547
9550
9560
9560
9570
9571
9584
9591
9603
9609
9634
9638
9663
9677
9695
9700
9720
9721
9740
9740
9752
9758
9766
9767
9775
9781
9796
9800
9801
9807
9815
9821
9827
9829
9830
9838
9862
9863
9868
9876
9922
9972
9976
9983
9992
10005
10015
10032
10048
10059
10069
10075
10080
10090
10094
10139
10144
10147
10155
10161
10166
10183
10185
10199
10200
10204
10204
10224
10227
10233
10244
10264
10281
10299
10306
10307
10308
10310
10326
10331
10333
10353
10356
10356
10359
10361
10362
10366
10370
10375
10395
10397
10426
10471
10481
10492
10496
10499
10509
10511
10515
10532
10543
10579
10589
10610
10611
10620
10622
10644
10647
10654
10663
10670
10679
10702
10702
10704
10715
10721
10722
10751
10762
10767
10807
10807
10816
10822
10829
10844
10850
10857
10870
10871
10874
10877
10898
10907
10910
10925
10931
10932
10982
11020
11027
11031
11036
11036
11038
11040
11045
11046
11049
11061
11087
11095
11105
11114
11130
11142
11170
11170
11181
11186
11193
11195
11206
11206
11208
11218
11222
11225
11245
11247
11251
11262
11263
11264
11264
11269
11282
11295
11296
11303
11317
11320
11334
11339
11347
11352
11364
11378
11384
11412
11412
11420
11421
11430
11434
11435
11440
11464
11477
11485
11493
11494
11496
11503
11508
11518
11535
11545
11550
11568
11574
11576
11606
11622
11627
11635
11668
11670
11679
11683
11686
11695
11716
11719
11720
11726
11735
11737
11742
11752
11757
11764
11770
11771
11773
11773
11775
11791
11807
11810
11812
11845
11856
11858
11866
11903
11919
11922
11922
11925
11940
11951
11968
11982
11992
12025
12031
12036
12041
12074
12082
12082
12092
12097
12102
12105
12107
12117
12117
12119
12119
12154
12163
12170
12177
12187
12189
12192
12197
12217
12221
12246
12248
12250
12287
12301
12307
12309
12312
12314
12322
12351
12360
12366
12381
12383
12398
12407
12449
12449
12462
12466
12482
12485
12486
12497
12500
12520
12526
12544
12544
12547
12553
12572
12575
12584
12587
12591
12605
12632
12656
12660
12664
12667
12670
12673
12676
12678
12696
12716
12736
12738
12771
12775
12783
12787
12791
12796
12800
12803
12844
12860
12882
12897
12899
12930
12939
12941
12965
12968
12970
12975
13027
13036
13036
13057
13058
13070
13071
13091
13101
13111
13114
13120
13127
13136
13174
13180
13185
13229
13267
13271
13277
13277
13303
13312
13313
13321
13334
13360
13364
13377
13398
13399
13399
13417
13425
13429
13443
13444
13447
13463
13467
13478
13478
13483
13492
13493
13506
13515
13530
13537
13538
13541
13543
13558
13561
13561
13570
13600
13605
13606
13622
13633
13648
13651
13658
13663
13668
13670
13672
13672
13674
13683
13704
13713
13714
13715
13732
13770
13784
13837
13844
13847
13862
13863
13864
13876
13890
13893
13894
13895
13913
13954
13956
13957
13962
13963
13964
13973
13985
13986
13991
13996
14002
14009
14027
14028
14040
14044
14050
14058
14068
14089
14095
14095
14102
14123
14133
14147
14149
14150
14156
14158
14167
14183
14194
14204
14212
14215
14217
14219
14226
14241
14242
14248
14272
14274
14275
14283
14291
14292
14298
14301
14303
14304
14313
14335
14357
14368
14374
14384
14390
14393
14398
14401
14403
14423
14424
14463
14467
14503
14509
14514
14516
14533
14534
14538
14546
14565
14569
14602
14653
14662
14674
14683
14699
14702
14706
14708
14709
14744
14752
14754
14758
14799
14803
14809
14819
14833
14850
14852
14865
14872
14891
14917
14939
14955
14956
14970
14974
14995
15003
15014
15016
15017
15021
15028
15048
15049
15052
15058
15065
15085
15092
15093
15096
15108
15114
15118
15118
15119
15120
15125
15136
15138
15142
15143
15145
15151
15169
15186
15223
15258
15265
15267
15269
15283
15283
15289
15295
15299
15308
15315
15319
15319
15332
15349
15350
15373
15389
15419
15419
15419
15425
15436
15437
15438
15471
15503
15538
15569
15612
15626
15641
15642
15643
15653
15666
15674
15676
15711
15722
15732
15748
15769
15778
15781
15784
15791
15800
15812
15814
15815
15825
15828
15851
15863
15871
15873
15878
15888
15899
15902
15913
15928
15946
15968
15972
15980
15983
15988
16002
16006
16017
16036
16039
16049
16055
16058
16066
16071
16073
16078
16078
16079
16082
16083
16086
16107
16110
16122
16124
16127
16130
16134
16135
16149
16154
16159
16180
16205
16216
16222
16229
16240
16247
16249
16257
16265
16308
16329
16342
16365
16372
16385
16392
16392
16403
16408
16408
16410
16410
16430
16437
16467
16469
16474
16480
16503
16519
16531
16535
16546
16552
16575
16581
16591
16594
16595
16603
16604
16645
16645
16655
16660
16679
16682
16684
16684
16699
16704
16706
16718
16719
16766
16782
16786
16788
16792
16825
16827
16843
16847
16860
16860
16865
16866
16878
16894
16895
16905
16924
16940
16941
16954
16955
16960
16977
16983
16988
16991
16998
17017
17018
17019
17022
17035
17045
17047
17051
17069
17069
17082
17091
17116
17125
17125
17134
17138
17156
17160
17161
17177
17191
17193
17221
17229
17238
17252
17264
17268
17276
17281
17283
17302
17306
17333
17335
17361
17379
17385
17399
17415
17428
17441
17443
17463
17465
17478
17506
17506
17511
17521
17521
17550
17565
17566
17569
17570
17572
17583
17587
17593
17599
17611
17621
17652
17654
17656
17674
17686
17690
17691
17694
17698
17714
17724
17729
17731
17758
17760
17766
17777
17814
17816
17817
17852
17885
17889
17897
17900
17901
17902
17912
17921
17940
17943
17944
17949
17956
17995
17997
18002
18004
18005
18029
18035
18049
18065
18071
18081
18087
18104
18108
18110
18111
18112
18133
18142
18144
18162
18166
18176
18176
18188
18214
18217
18234
18242
18251
18260
18261
18279
18288
18292
18296
18299
18305
18307
18308
18329
18340
18353
18355
18370
18371
18376
18382
18392
18408
18411
18429
18440
18450
18453
18477
18482
18486
18492
18509
18527
18536
18539
18548
18550
18569
18578
18586
18601
18605
18608
18612
18632
18649
18657
18659
18679
18693
18712
18714
18716
18720
18734
18779
18793
18805
18817
18833
18836
18845
18849
18860
18884
18886
18916
18936
18956
18959
18965
18968
19010
19016
19018
19039
19043
19051
19088
19098
19103
19109
19139
19153
19181
19189
19192
19197
19211
19214
19242
19251
19259
19261
19264
19272
19278
19281
19281
19284
19293
19297
19302
19321
19327
19335
19348
19351
19373
19396
19396
19412
19417
19420
19430
19449
19467
19480
19486
19493
19498
19507
19512
19515
19516
19548
19559
19572
19608
19618
19623
19639
19648
19663
19689
19690
19707
19713
19723
19731
19733
19738
19761
19766
19778
19779
19780
19785
19789
19795
19796
19803
19806
19817
19849
19854
19880
19887
19894
19901
19911
19915
19918
19924
19939
19942
19942
19944
19975
19986
19987
20020
20034
20057
20060
20063
20073
20078
20089
20090
20095
20096
20135
20140
20146
20164
20178
20189
20198
20212
20217
20221
20227
20264
20264
20284
20296
20298
20313
20334
20338
20352
20353
20389
20405
20417
20443
20443
20443
20454
20455
20461
20483
20485
20487
20488
20493
20497
20510
20515
20526
20532
20552
20553
20561
20562
20578
20580
20580
20606
20616
20635
20659
20661
20662
20663
20669
20700
20715
20720
20729
20734
20736
20753
20764
20766
20775
20818
20818
20834
20867
20872
20873
20877
20879
20919
20926
20941
20982
20982
20991
20992
21003
21005
21010
21040
21054
21063
21064
21076
21091
21093
21094
21099
21124
21138
21149
21150
21163
21167
21194
21217
21229
21239
21247
21254
21276
21278
21298
21306
21318
21322
21323
21324
21331
21355
21356
21377
21389
21393
21398
21404
21414
21432
21446
21483
21489
21491
21506
21516
21519
21527
21539
21540
21543
21550
21551
21556
21566
21568
21577
21584
21585
21594
21630
21657
21670
21674
21674
21674
21676
21679
21686
21691
21693
21694
21702
21704
21708
21726
21731
21743
21744
21750
21773
21805
21807
21808
21818
21828
21837
21839
21840
21842
21857
21860
21864
21867
21882
21893
21905
21906
21915
21920
21933
21939
21943
21956
21962
21973
21977
21984
22007
22018
22039
22048
22059
22068
22074
22134
22151
22157
22179
22186
22197
22221
22226
22226
22237
22246
22248
22248
22263
22267
22293
22296
22312
22320
22327
22339
22354
22363
22379
22388
22394
22404
22409
22410
22430
22432
22473
22474
22482
22490
22501
22533
22538
22549
22554
22560
22570
22572
22591
22623
22634
22649
22696
22706
22710
22714
22718
22721
22725
22740
22755
22761
22768
22769
22806
22809
22814
22816
22833
22848
22856
22857
22858
22868
22875
22877
22887
22907
22910
22910
22917
22931
22945
22956
22958
22961
22982
22987
22989
22991
22992
22994
23005
23013
23016
23023
23035
23047
23054
23058
23065
23066
23070
23093
23096
23098
23103
23111
23112
23113
23125
23153
23157
23180
23203
23206
23208
23219
23230
23249
23253
23295
23301
23312
23358
23385
23411
23421
23422
23437
23439
23455
23455
23481
23489
23495
23510
23526
23543
23556
23556
23565
23567
23584
23584
23587
23591
23609
23617
23628
23652
23684
23700
23735
23745
23754
23767
23790
23793
23794
23801
23804
23811
23813
23830
23854
23857
23878
23882
23887
23904
23955
23983
24022
24031
24039
24045
24080
24092
24095
24100
24129
24143
24148
24150
24158
24187
24188
24190
24191
24192
24202
24202
24211
24213
24263
24271
24272
24283
24288
24301
24311
24342
24346
24368
24399
24404
24431
24436
24439
24447
24459
24464
24479
24487
24493
24508
24516
24531
24541
24543
24544
24547
24555
24572
24581
24584
24600
24613
24614
24620
24621
24634
24640
24649
24677
24684
24691
24691
24708
24715
24717
24732
24738
24745
24748
24759
24774
24775
24780
24781
24803
24817
24856
24862
24864
24876
24903
24928
24931
24932
24937
24941
24944
24946
24947
24954
24955
24956
24974
24975
25010
25015
25036
25061
25090
25092
25096
25102
25114
25117
25126
25133
25150
25165
25170
25183
25191
25192
25192
25198
25238
25242
25251
25253
25261
25297
25306
25332
25334
25341
25347
25361
25381
25396
25412
25417
25419
25421
25438
25463
25467
25485
25491
25499
25507
25516
25519
25522
25527
25529
25532
25535
25544
25546
25557
25558
25561
25566
25577
25577
25601
25629
25652
25656
25663
25665
25673
25678
25679
25686
25691
25704
25705
25706
25719
25750
25775
25776
25779
25782
25789
25790
25791
25794
25799
25799
25803
25817
25872
25890
25912
25915
25921
25929
25944
25945
25958
25962
25970
25984
25999
25999
26000
26005
26018
26027
26027
26032
26032
26034
26042
26068
26074
26076
26082
26100
26109
26112
26143
26146
26147
26152
26158
26174
26176
26197
26207
26246
26255
26278
26301
26302
26302
26343
26350
26352
26353
26361
26367
26370
26372
26383
26398
26401
26440
26441
26456
26476
26482
26493
26506
26506
26522
26525
26533
26536
26544
26550
26560
26589
26592
26595
26598
26602
26602
26625
26641
26644
26649
26655
26658
26670
26675
26678
26682
26695
26697
26697
26724
26726
26731
26736
26769
26779
26798
26804
26838
26839
26846
26864
26898
26911
26911
26927
26929
26935
26940
27003
27006
27020
27024
27033
27034
27034
27037
27039
27041
27042
27053
27063
27091
27092
27103
27106
27158
27164
27173
27175
27182
27182
27218
27223
27266
27272
27275
27294
27308
27311
27362
27366
27390
27397
27410
27413
27434
27441
27460
27470
27473
27503
27503
27508
27509
27521
27526
27561
27568
27571
27572
27576
27602
27608
27631
27664
27688
27715
27716
27725
27744
27757
27767
27770
27782
27806
27808
27824
27832
27834
27840
27847
27873
27875
27879
27889
27916
27926
27949
27950
27962
27966
28009
28040
28077
28087
28119
28137
28158
28163
28175
28188
28194
28199
28221
28248
28253
28255
28260
28260
28264
28272
28284
28299
28301
28314
28334
28334
28341
28363
28371
28375
28376
28382
28404
28407
28420
28429
28441
28453
28461
28468
28496
28501
28513
28524
28543
28555
28565
28566
28574
28603
28607
28620
28621
28627
28630
28636
28658
28670
28678
28701
28710
28712
28731
28732
28752
28772
28778
28788
28789
28799
28801
28807
28810
28822
28824
28826
28838
28840
28843
28868
28872
28883
28887
28895
28895
28897
28926
28931
28931
28933
28945
28976
28979
28992
29014
29022
29040
29056
29069
29073
29074
29090
29095
29117
29126
29141
29147
29174
29178
29212
29219
29227
29231
29231
29253
29263
29273
29297
29330
29339
29349
29352
29354
29359
29367
29387
29396
29435
29436
29442
29444
29452
29460
29468
29470
29470
29479
29496
29497
29503
29503
29506
29508
29533
29562
29566
29571
29574
29576
29585
29594
29610
29638
29640
29642
29652
29674
29678
29689
29703
29724
29728
29746
29755
29759
29768
29777
29803
29811
29827
29828
29831
29835
29836
29838
29859
29880
29890
29892
29893
29900
29900
29915
29930
29946
29955
29955
29991
29998
30014
30015
30030
30037
30040
30074
30101
30105
30112
30113
30127
30127
30133
30148
30148
30150
30166
30174
30182
30231
30240
30244
30245
30257
30271
30280
30308
30309
30327
30353
30366
30369
30369
30371
30372
30383
30397
30400
30402
30416
30423
30425
30448
30448
30455
30458
30462
30471
30478
30489
30492
30501
30518
30558
30561
30571
30588
30591
30595
30650
30662
30662
30671
30695
30704
30723
30725
30726
30736
30743
30764
30784
30788
30793
30830
30831
30854
30872
30877
30902
30918
30929
30944
30960
30967
30967
30968
30973
30974
30974
30987
30995
31019
31021
31023
31023
31024
31028
31031
31039
31056
31057
31061
31064
31066
31071
31087
31095
31102
31108
31110
31122
31146
31147
31148
31157
31181
31183
31183
31187
31188
31197
31198
31211
31215
31226
31229
31246
31248
31252
31261
31279
31303
31313
31328
31348
31350
31363
31364
31380
31404
31421
31438
31448
31469
31469
31474
31487
31508
31511
31512
31542
31544
31564
31570
31572
31589
31592
31594
31602
31609
31616
31629
31639
31667
31671
31675
31685
31686
31705
31711
31711
31723
31731
31734
31758
31766
31771
31786
31792
31804
31806
31813
31831
31837
31839
31848
31855
31862
31868
31880
31882
31888
31897
31914
31916
31936
31936
31943
31945
31948
31954
31962
31973
31974
31980
31980
31986
31987
31995
31999
32001
32005
32021
32029
32036
32091
32093
32102
32128
32150
32151
32151
32156
32164
32164
32174
32178
32181
32196
32210
32234
32238
32251
32273
32282
32302
32303
32305
32313
32340
32367
32368
32393
32399
32401
32401
32416
32426
32448
32451
32452
32472
32479
32491
32501
32515
32517
32523
32535
32556
32566
32568
32577
32578
32578
32609
32620
32631
32635
32651
32658
32666
32684
32687
32695
32723
32742
32742
32770
32788
32789
32797
32828
32830
32841
32845
32849
32859
32865
32871
32878
32881
32888
32894
32896
32904
32909
32916
32933
32937
32946
32969
32976
32977
32985
33006
33069
33072
33121
33143
33159
33184
33196
33198
33208
33224
33234
33235
33236
33239
33250
33288
33308
33346
33354
33371
33378
33379
33381
33390
33399
33413
33416
33416
33470
33480
33500
33502
33506
33511
33518
33524
33531
33537
33560
33562
33564
33566
33568
33576
33582
33587
33593
33597
33600
33611
33620
33630
33632
33639
33642
33646
33671
33680
33682
33685
33686
33693
33742
33753
33753
33756
33764
33787
33798
33825
33834
33837
33852
33864
33879
33890
33915
33943
33966
33991
33996
33997
34008
34012
34026
34036
34045
34049
34089
34098
34106
34121
34127
34129
34154
34166
34168
34169
34169
34188
34193
34200
34206
34209
34227
34234
34244
34246
34246
34250
34257
34289
34306
34314
34325
34329
34331
34344
34345
34355
34374
34390
34401
34407
34444
34445
34450
34451
34468
34469
34471
34481
34494
34499
34500
34517
34528
34534
34539
34546
34547
34557
34561
34569
34588
34601
34606
34607
34621
34624
34630
34635
34642
34644
34652
34673
34673
34686
34700
34705
34727
34755
34761
34762
34764
34785
34793
34801
34803
34812
34820
34821
34823
34828
34833
34835
34850
34855
34863
34867
34869
34888
34913
34915
34939
34941
34958
34975
34979
34982
34987
34990
35001
35008
35023
35024
35031
35061
35068
35073
35075
35087
35092
35103
35112
35123
35123
35130
35136
35139
35140
35159
35167
35172
35181
35193
35195
35198
35221
35261
35276
35278
35282
35285
35285
35287
35315
35326
35328
35338
35345
35397
35422
35433
35452
35455
35464
35477
35509
35511
35513
35531
35540
35547
35579
35608
35612
35620
35630
35632
35634
35644
35657
35667
35678
35697
35732
35737
35739
35750
35755
35756
35771
35789
35789
35811
35811
35815
35816
35816
35826
35827
35828
35834
35835
35847
35860
35866
35897
35901
35901
35902
35906
35915
35918
35919
35938
35939
35942
35945
35958
35988
35993
35994
35998
36010
36013
36017
36023
36030
36049
36052
36062
36075
36085
36091
36092
36096
36123
36131
36138
36154
36159
36160
36163
36181
36181
36212
36219
36238
36245
36248
36259
36260
36271
36274
36282
36297
36306
36307
36307
36317
36323
36342
36346
36361
36378
36382
36384
36389
36392
36401
36414
36440
36450
36453
36458
36459
36477
36493
36514
36524
36526
36529
36547
36548
36550
36556
36559
36560
36565
36570
36575
36612
36616
36638
36661
36665
36668
36677
36690
36692
36693
36701
36721
36726
36729
36733
36737
36824
36825
36831
36841
36850
36860
36863
36882
36894
36906
36938
36944
36983
36995
37005
37009
37029
37035
37043
37043
37056
37058
37064
37068
37076
37084
37093
37116
37177
37181
37181
37182
37183
37190
37193
37199
37211
37213
37213
37229
37230
37234
37239
37257
37269
37280
37295
37307
37322
37331
37349
37376
37400
37405
37407
37408
37411
37415
37416
37418
37431
37435
37436
37459
37466
37488
37490
37495
37501
37524
37543
37553
37554
37555
37574
37594
37606
37633
37642
37647
37655
37662
37666
37668
37678
37680
37695
37699
37715
37727
37742
37754
37761
37769
37779
37786
37790
37791
37798
37816
37838
37841
37851
37857
37918
37949
37953
37955
37957
37963
37967
37976
37980
37996
38013
38015
38049
38062
38068
38071
38071
38072
38072
38074
38094
38114
38123
38145
38156
38160
38162
38204
38208
38210
38221
38229
38238
38243
38250
38251
38253
38255
38257
38264
38277
38278
38278
38292
38293
38302
38304
38307
38332
38341
38344
38355
38360
38381
38395
38404
38413
38414
38427
38454
38481
38490
38497
38498
38512
38527
38528
38533
38539
38549
38552
38556
38557
38568
38580
38594
38604
38636
38643
38644
38650
38654
38657
38673
38715
38716
38718
38726
38729
38731
38732
38737
38738
38743
38771
38778
38785
38787
38835
38843
38847
38863
38863
38868
38878
38889
38895
38899
38907
38914
38915
38935
38943
38952
38964
38966
38976
38993
38997
39003
39009
39025
39027
39033
39046
39053
39057
39058
39071
39088
39095
39098
39114
39121
39124
39130
39134
39151
39162
39170
39172
39174
39189
39191
39193
39196
39204
39207
39210
39230
39235
39243
39249
39265
39269
39276
39279
39282
39282
39283
39304
39318
39324
39326
39331
39343
39346
39358
39361
39364
39366
39378
39378
39382
39385
39386
39392
39399
39434
39441
39441
39447
39449
39464
39469
39480
39483
39490
39494
39501
39501
39508
39509
39510
39523
39524
39527
39543
39546
39559
39570
39576
39580
39587
39656
39659
39667
39671
39675
39677
39679
39684
39695
39706
39735
39736
39769
39775
39785
39789
39796
39796
39800
39806
39838
39855
39857
39863
39871
39874
39877
39885
39895
39899
39909
39910
39921
39972
39972
39981
39997
40001
40001
40002
40002
40005
40013
40014
40016
40023
40024
40033
40046
40047
40056
40066
40076
40102
40124
40131
40155
40160
40172
40175
40176
40189
40198
40200
40200
40202
40213
40227
40229
40249
40260
40261
40267
40268
40292
40294
40295
40305
40310
40315
40320
40321
40329
40337
40341
40341
40352
40357
40374
40419
40425
40444
40449
40453
40460
40476
40496
40498
40504
40507
40539
40547
40559
40567
40585
40601
40611
40612
40624
40624
40626
40626
40627
40631
40650
40652
40654
40678
40692
40705
40714
40728
40733
40740
40765
40767
40770
40784
40785
40790
40791
40793
40802
40805
40813
40814
40843
40847
40848
40849
40849
40867
40884
40891
40897
40906
40915
40931
40938
40945
40962
40964
40976
40978
40981
41014
41051
41054
41060
41063
41068
41069
41080
41083
41097
41108
41123
41137
41152
41166
41171
41179
41179
41181
41187
41187
41195
41195
41196
41215
41219
41222
41240
41278
41290
41294
41295
41320
41321
41337
41353
41358
41375
41380
41409
41417
41427
41434
41448
41450
41477
41549
41554
41567
41572
41574
41607
41628
41632
41639
41662
41668
41671
41697
41703
41710
41710
41715
41729
41734
41735
41743
41751
41753
41755
41760
41772
41780
41790
41794
41797
41799
41810
41813
41837
41879
41884
41893
41903
41918
41925
41934
41947
41961
41965
41984
41987
42005
42007
42025
42039
42042
42048
42126
42138
42139
42148
42152
42154
42159
42179
42181
42184
42202
42207
42212
42218
42222
42226
42231
42235
42237
42261
42318
42335
42349
42359
42369
42393
42393
42401
42402
42405
42422
42435
42436
42438
42449
42456
42456
42462
42478
42483
42487
42498
42512
42530
42531
42554
42576
42579
42582
42595
42596
42598
42605
42620
42620
42651
42665
42701
42713
42714
42728
42768
42768
42769
42777
42784
42795
42809
42818
42841
42844
42848
42867
42871
42871
42876
42878
42886
42888
42925
42934
42956
42960
42984
42988
42996
42998
43018
43025
43031
43034
43036
43066
43068
43069
43107
43108
43122
43134
43137
43150
43150
43153
43163
43171
43172
43187
43197
43205
43221
43233
43244
43250
43255
43308
43325
43331
43357
43387
43402
43403
43425
43437
43450
43465
43473
43497
43501
43511
43514
43540
43559
43563
43579
43608
43608
43609
43609
43609
43613
43613
43663
43666
43667
43672
43687
43697
43698
43701
43709
43728
43737
43743
43744
43745
43746
43749
43763
43773
43773
43782
43787
43788
43828
43838
43846
43864
43865
43870
43877
43878
43881
43905
43908
43915
43925
43935
43938
43943
43949
43951
43952
43981
43984
43989
43998
44008
44009
44012
44037
44037
44040
44043
44049
44054
44056
44087
44101
44104
44109
44127
44130
44144
44153
44159
44165
44173
44179
44180
44183
44189
44194
44209
44245
44257
44278
44284
44300
44307
44326
44361
44364
44368
44383
44384
44386
44399
44400
44428
44438
44442
44513
44517
44519
44525
44529
44551
44559
44560
44565
44568
44571
44580
44587
44589
44599
44604
44627
44636
44642
44643
44644
44648
44650
44672
44691
44692
44700
44700
44706
44709
44729
44729
44742
44755
44758
44758
44775
44797
44811
44812
44812
44835
44839
44845
44847
44857
44859
44877
44883
44903
44915
44916
44931
44939
44950
44955
44965
44967
44979
45013
45037
45053
45066
45072
45112
45118
45127
45128
45129
45131
45153
45161
45164
45167
45187
45190
45211
45212
45229
45237
45238
45246
45253
45263
45284
45305
45312
45313
45314
45321
45334
45348
45380
45391
45394
45414
45431
45434
45440
45451
45480
45485
45486
45496
45530
45544
45556
45571
45586
45588
45602
45603
45606
45611
45612
45612
45612
45618
45638
45665
45669
45675
45689
45695
45696
45718
45722
45732
45748
45751
45769
45773
45774
45779
45790
45791
45804
45805
45811
45816
45849
45856
45860
45861
45881
45924
45925
45939
45941
45942
45946
45953
45956
45960
45975
45979
45985
45986
45991
45991
46011
46018
46027
46028
46038
46060
46062
46064
46073
46080
46099
46107
46109
46117
46125
46130
46147
46155
46167
46196
46217
46220
46226
46226
46230
46233
46233
46249
46251
46281
46282
46292
46303
46313
46316
46316
46320
46330
46358
46363
46373
46384
46386
46394
46397
46405
46409
46411
46414
46442
46473
46480
46487
46502
46507
46507
46507
46511
46517
46533
46535
46563
46565
46593
46598
46602
46604
46606
46615
46617
46624
46629
46632
46657
46660
46662
46663
46674
46679
46683
46694
46729
46730
46730
46732
46761
46762
46774
46802
46823
46831
46834
46858
46879
46882
46919
46925
46931
46939
46952
46962
46964
46975
46982
46988
46988
47025
47044
47046
47058
47064
47067
47111
47113
47121
47131
47137
47152
47177
47189
47201
47222
47235
47245
47246
47253
47256
47258
47297
47307
47312
47316
47330
47330
47350
47353
47362
47371
47393
47396
47400
47403
47408
47411
47415
47418
47419
47450
47455
47462
47463
47469
47485
47513
47519
47555
47577
47583
47595
47626
47634
47636
47651
47678
47678
47683
47688
47721
47723
47741
47775
47778
47785
47795
47847
47867
47880
47945
47945
47947
47954
47956
47961
47971
47972
47984
47987
47997
48001
48032
48063
48075
48078
48100
48111
48120
48121
48124
48133
48148
48150
48173
48179
48179
48193
48203
48218
48220
48248
48256
48266
48289
48296
48308
48311
48323
48330
48341
48341
48350
48355
48360
48382
48388
48393
48397
48413
48445
48446
48460
48467
48470
48490
48506
48512
48524
48529
48531
48554
48557
48569
48599
48600
48657
48667
48672
48673
48691
48695
48701
48710
48711
48729
48730
48740
48741
48742
48750
48753
48753
48762
48772
48790
48790
48820
48823
48826
48843
48854
48913
48917
48919
48929
48932
48946
48956
48974
48998
49001
49013
49017
49025
49030
49039
49041
49048
49052
49053
49058
49060
49064
49066
49089
49110
49116
49136
49145
49150
49169
49171
49172
49173
49173
49189
49194
49203
49256
49261
49282
49298
49304
49323
49333
49346
49351
49372
49373
49379
49379
49397
49418
49426
49432
49441
49450
49452
49454
49457
49476
49481
49483
49487
49505
49510
49513
49518
49535
49556
49563
49565
49569
49569
49570
49572
49579
49585
49591
49593
49602
49607
49624
49651
49655
49660
49672
49686
49689
49691
49701
49706
49706
49717
49726
49753
49758
49765
49769
49773
49782
49787
49795
49809
49815
49852
49854
49859
49882
49895
49900
49903
49906
49923
49923
49976
50012
50030
50041
50041
50049
50054
50060
50062
50065
50066
50075
50098
50112
50122
50125
50126
50128
50148
50152
50159
50161
50176
50179
50186
50189
50207
50226
50227
50230
50257
50279
50285
50295
50302
50324
50327
50328
50337
50345
50350
50365
50371
50378
50391
50395
50414
50424
50425
50441
50441
50452
50471
50488
50517
50528
50530
50531
50533
50547
50547
50566
50582
50601
50637
50638
50665
50681
50723
50723
50728
50738
50750
50757
50772
50783
50790
50793
50802
50805
50832
50852
50866
50877
50903
50915
50937
50947
50954
50957
50970
50971
50993
50999
51016
51017
51071
51073
51075
51081
51083
51100
51105
51107
51121
51146
51157
51160
51161
51163
51170
51179
51191
51194
51219
51233
51233
51256
51262
51279
51294
51314
51373
51375
51384
51389
51396
51408
51409
51419
51452
51453
51460
51488
51510
51513
51525
51532
51536
51541
51548
51565
51565
51571
51589
51592
51594
51601
51611
51614
51624
51624
51653
51679
51679
51680
51694
51700
51717
51746
51755
51758
51758
51763
51763
51773
51798
51814
51830
51836
51840
51854
51862
51862
51868
51871
51887
51902
51938
51952
51954
51956
51960
51972
51973
51992
52013
52020
52044
52053
52072
52093
52094
52110
52110
52111
52111
52112
52120
52138
52138
52141
52146
52165
52180
52185
52189
52199
52204
52250
52261
52264
52282
52282
52284
52284
52322
52332
52334
52335
52348
52395
52400
52405
52413
52426
52430
52432
52434
52441
52447
52452
52454
52459
52461
52464
52478
52507
52528
52545
52550
52581
52604
52606
52612
52616
52639
52640
52643
52667
52670
52694
52714
52715
52721
52721
52736
52739
52741
52756
52774
52777
52780
52799
52800
52820
52823
52824
52825
52850
52851
52856
52862
52873
52896
52901
52922
52922
52935
52949
52950
52956
52956
52957
52961
52984
53003
53027
53031
53043
53051
53053
53054
53071
53086
53094
53106
53132
53145
53146
53151
53160
53181
53181
53192
53214
53226
53229
53236
53249
53258
53274
53284
53304
53319
53324
53352
53359
53370
53373
53383
53389
53397
53407
53416
53420
53422
53440
53441
53443
53483
53496
53498
53500
53508
53514
53524
53597
53605
53607
53617
53636
53637
53643
53662
53685
53709
53761
53768
53774
53785
53803
53812
53832
53843
53848
53850
53853
53856
53856
53872
53882
53888
53889
53909
53911
53914
53934
53943
53946
53969
53984
53991
53994
53995
54001
54001
54002
54020
54037
54038
54038
54088
54097
54105
54118
54123
54125
54134
54137
54145
54185
54191
54191
54195
54208
54210
54256
54286
54288
54288
54289
54333
54339
54342
54345
54348
54371
54375
54378
54403
54426
54428
54442
54452
54452
54456
54481
54487
54510
54517
54518
54519
54522
54527
54528
54530
54531
54535
54551
54558
54560
54563
54571
54601
54617
54636
54639
54646
54655
54657
54663
54674
54679
54685
54700
54723
54734
54745
54750
54751
54762
54777
54780
54801
54802
54818
54826
54828
54843
54862
54868
54868
54876
54883
54888
54909
54914
54915
54921
54925
54926
54935
54938
54947
54957
54963
54965
54972
54977
54979
55018
55025
55031
55038
55051
55057
55080
55088
55089
55095
55126
55130
55138
55153
55153
55163
55169
55178
55190
55203
55209
55211
55217
55220
55237
55262
55269
55271
55279
55280
55296
55319
55334
55339
55340
55343
55345
55346
55372
55389
55390
55394
55398
55402
55418
55420
55424
55437
55446
55457
55468
55486
55507
55520
55525
55530
55569
55571
55598
55603
55605
55627
55639
55645
55648
55660
55665
55671
55677
55681
55684
55689
55691
55705
55706
55713
55714
55723
55729
55732
55769
55776
55787
55790
55797
55816
55824
55831
55878
55899
55914
55919
55952
55965
56006
56026
56035
56039
56055
56060
56062
56077
56086
56087
56108
56110
56112
56114
56118
56138
56141
56172
56178
56191
56193
56194
56194
56204
56249
56272
56276
56281
56287
56290
56302
56302
56302
56308
56315
56317
56326
56336
56348
56388
56390
56402
56405
56409
56410
56431
56439
56459
56478
56486
56497
56497
56498
56500
56503
56504
56507
56508
56532
56537
56540
56550
56576
56582
56597
56597
56606
56610
56611
56612
56612
56631
56633
56642
56658
56670
56671
56672
56685
56689
56701
56702
56708
56710
56710
56712
56715
56715
56720
56720
56727
56728
56734
56754
56788
56800
56806
56816
56817
56832
56845
56871
56872
56895
56920
56924
56942
56962
56967
56975
56983
56993
57042
57045
57070
57080
57081
57083
57090
57101
57116
57127
57135
57154
57156
57166
57170
57177
57195
57208
57209
57219
57238
57261
57270
57275
57276
57278
57278
57280
57287
57297
57317
57328
57331
57344
57357
57361
57361
57403
57409
57416
57419
57419
57423
57430
57450
57472
57475
57523
57526
57526
57528
57550
57557
57566
57582
57600
57601
57605
57616
57616
57618
57626
57627
57654
57654
57669
57690
57710
57727
57746
57749
57765
57806
57845
57850
57861
57864
57866
57879
57905
57908
57932
57937
57947
57948
57956
57961
57976
57978
57983
57987
58032
58035
58057
58059
58067
58075
58088
58106
58119
58121
58138
58152
58167
58170
58194
58195
58202
58236
58241
58242
58244
58249
58253
58275
58280
58311
58317
58327
58336
58339
58342
58343
58351
58357
58358
58372
58392
58430
58441
58452
58456
58476
58481
58486
58490
58519
58530
58531
58557
58558
58581
58581
58582
58611
58619
58626
58635
58643
58650
58652
58653
58654
58662
58670
58684
58692
58716
58731
58755
58765
58765
58783
58790
58792
58810
58812
58824
58837
58860
58876
58884
58910
58912
58924
58944
58965
58978
58999
59017
59019
59027
59032
59054
59060
59070
59072
59075
59085
59137
59144
59145
59145
59152
59156
59157
59172
59203
59206
59219
59221
59236
59237
59242
59257
59267
59272
59277
59278
59280
59281
59304
59326
59327
59329
59338
59340
59347
59371
59371
59371
59386
59413
59419
59443
59468
59469
59477
59480
59491
59497
59498
59535
59553
59564
59574
59600
59603
59609
59639
59642
59645
59680
59682
59700
59705
59730
59771
59773
59786
59789
59814
59822
59827
59827
59843
59858
59863
59877
59882
59929
59953
59960
59985
59987
59989
60010
60028
60035
60052
60059
60060
60063
60067
60076
60080
60087
60091
60091
60109
60115
60124
60124
60132
60134
60156
60158
60172
60180
60185
60204
60214
60218
60238
60243
60279
60286
60298
60313
60331
60337
60341
60348
60367
60377
60402
60404
60420
60446
60452
60464
60472
60491
60508
60512
60513
60520
60535
60542
60554
60584
60587
60589
60596
60602
60661
60678
60679
60683
60684
60686
60701
60710
60717
60733
60758
60769
60774
60778
60799
60802
60810
60813
60822
60829
60831
60835
60837
60845
60849
60856
60858
60878
60879
60881
60883
60896
60907
60908
60912
60917
60918
60919
60927
60927
60948
60950
60954
60962
60995
60996
60997
60998
61008
61026
61031
61084
61085
61096
61100
61117
61121
61127
61134
61164
61170
61176
61181
61191
61206
61225
61256
61259
61280
61283
61306
61319
61328
61332
61338
61347
61354
61360
61371
61398
61411
61436
61465
61494
61500
61504
61512
61515
61527
61545
61552
61566
61593
61598
61652
61653
61675
61696
61697
61699
61700
61705
61711
61716
61727
61759
61776
61783
61783
61797
61798
61801
61803
61811
61813
61823
61833
61839
61859
61875
61890
61922
61928
61946
61948
61958
61968
61969
61978
61985
61996
62004
62034
62042
62043
62047
62049
62064
62067
62078
62079
62081
62089
62095
62099
62099
62126
62127
62128
62134
62137
62138
62171
62179
62198
62205
62216
62224
62254
62264
62268
62276
62283
62304
62306
62306
62323
62326
62341
62345
62358
62377
62397
62416
62427
62435
62446
62463
62476
62480
62486
62487
62494
62501
62505
62508
62514
62522
62556
62559
62564
62565
62576
62586
62588
62591
62593
62595
62596
62617
62633
62636
62649
62650
62657
62681
62690
62692
62693
62694
62699
62709
62714
62725
62733
62739
62745
62746
62760
62769
62773
62775
62784
62786
62810
62825
62827
62827
62834
62845
62849
62853
62872
62875
62889
62891
62897
62905
62910
62917
62921
62925
62925
62927
62930
62938
62945
62953
62986
62990
62990
62993
63002
63019
63021
63034
63036
63037
63039
63081
63088
63118
63134
63135
63172
63179
63190
63214
63218
63219
63219
63226
63238
63241
63242
63250
63254
63259
63261
63266
63274
63286
63288
63311
63358
63364
63369
63381
63387
63388
63395
63401
63413
63423
63423
63438
63447
63471
63478
63487
63490
63540
63542
63559
63561
63573
63579
63580
63583
63586
63591
63602
63607
63613
63614
63619
63620
63623
63627
63627
63627
63667
63677
63681
63681
63689
63693
63696
63699
63704
63712
63720
63726
63726
63726
63734
63770
63786
63796
63803
63805
63805
63811
63814
63818
63824
63824
63856
63863
63866
63897
63907
63915
63919
63923
63934
63936
63946
63967
63977
63999
64000
64005
64005
64007
64015
64018
64019
64061
64066
64078
64087
64089
64091
64095
64099
64105
64109
64109
64145
64155
64156
64184
64190
64195
64202
64207
64215
64218
64233
64244
64265
64268
64294
64294
64305
64322
64332
64345
64347
64356
64356
64359
64359
64364
64364
64371
64375
64397
64428
64432
64435
64446
64457
64471
64471
64485
64492
64519
64545
64551
64574
64584
64595
64609
64639
64641
64641
64652
64654
64661
64673
64677
64681
64710
64750
64755
64756
64786
64788
64851
64860
64870
64877
64896
64898
64904
64906
64907
64915
64923
64936
64943
64944
64947
64948
64957
64958
64964
64975
64985
64987
64987
64998
65039
65042
65043
65045
65046
65047
65058
65063
65065
65083
65088
65091
65100
65101
65113
65117
65124
65130
65137
65142
65165
65166
65166
65170
65176
65190
65204
65210
65220
65223
65236
65241
65252
65291
65304
65319
65331
65336
65353
65360
65374
65375
65385
65386
65395
65401
65411
65413
65413
65421
65429
65452
65463
65467
65489
65489
65500
65502
65524
65528
65530
65533
65538
65540
65546
65590
65591
65615
65632
65636
65646
65649
65659
65660
65672
65678
65700
65717
65721
65754
65766
65774
65777
65780
65788
65801
65812
65813
65814
65820
65831
65834
65839
65851
65855
65858
65868
65870
65878
65887
65896
65903
65908
65908
65930
65938
65943
65945
65946
65980
65994
66024
66025
66040
66044
66048
66049
66059
66069
66072
66086
66108
66108
66116
66123
66150
66152
66156
66175
66206
66215
66223
66224
66225
66245
66257
66264
66267
66274
66339
66347
66347
66358
66360
66362
66376
66392
66406
66407
66409
66430
66441
66463
66467
66482
66486
66490
66493
66500
66510
66533
66535
66538
66562
66581
66581
66601
66602
66603
66616
66618
66620
66625
66631
66659
66663
66666
66684
66698
66727
66746
66769
66792
66812
66832
66859
66860
66868
66874
66890
66891
66895
66901
66901
66904
66911
66918
66934
66955
66960
66978
66998
67014
67022
67024
67024
67042
67058
67061
67072
67082
67137
67143
67144
67149
67152
67161
67161
67164
67177
67184
67190
67207
67213
67222
67229
67248
67253
67261
67273
67281
67299
67304
67308
67313
67316
67322
67338
67353
67358
67363
67371
67401
67405
67406
67414
67427
67449
67452
67453
67454
67482
67517
67524
67530
67533
67550
67557
67570
67572
67581
67589
67601
67611
67616
67619
67621
67634
67645
67654
67659
67660
67673
67675
67677
67678
67685
67687
67691
67734
67740
67753
67754
67766
67767
67770
67781
67787
67789
67797
67799
67809
67834
67840
67840
67862
67872
67879
67880
67895
67899
67906
67922
67923
67955
67959
67975
67978
68009
68018
68021
68044
68053
68059
68059
68077
68100
68105
68110
68128
68129
68133
68149
68157
68173
68185
68190
68200
68213
68214
68222
68223
68226
68231
68234
68247
68251
68257
68277
68281
68296
68298
68302
68325
68326
68328
68340
68356
68362
68371
68378
68396
68400
68402
68409
68428
68431
68450
68462
68472
68504
68506
68513
68521
68523
68533
68554
68581
68593
68594
68617
68620
68622
68634
68647
68655
68655
68656
68701
68702
68705
68710
68714
68720
68721
68742
68772
68784
68787
68791
68801
68814
68819
68847
68862
68877
68893
68895
68932
68937
68956
68963
68967
68969
68972
68977
68979
68988
68989
68991
68998
69002
69014
69014
69039
69048
69060
69069
69123
69132
69154
69177
69179
69186
69197
69199
69204
69210
69222
69232
69234
69240
69264
69288
69305
69308
69313
69318
69325
69349
69360
69366
69377
69379
69412
69414
69418
69435
69436
69457
69458
69472
69490
69523
69534
69567
69570
69583
69596
69599
69607
69610
69638
69644
69647
69655
69658
69667
69669
69670
69670
69672
69707
69712
69715
69721
69734
69735
69749
69785
69786
69820
69842
69851
69857
69862
69867
69881
69888
69902
69920
69924
69928
69936
69965
69973
69989
69992
69998
70001
70025
70033
70044
70045
70046
70053
70057
70060
70065
70076
70084
70087
70088
70107
70112
70119
70147
70151
70151
70171
70184
70190
70201
70220
70266
70267
70269
70289
70303
70311
70344
70351
70358
70384
70396
70398
70402
70404
70411
70431
70432
70443
70447
70447
70452
70453
70454
70455
70464
70467
70473
70475
70481
70481
70484
70494
70495
70508
70514
70515
70523
70540
70553
70562
70573
70579
70590
70617
70621
70630
70644
70648
70664
70679
70705
70714
70715
70724
70736
70746
70754
70784
70815
70819
70824
70835
70836
70839
70842
70844
70861
70861
70872
70891
70900
70914
70924
70934
70939
70940
70949
70960
70985
70998
71015
71032
71044
71046
71047
71048
71057
71059
71069
71072
71073
71077
71087
71090
71113
71114
71137
71140
71147
71163
71167
71172
71181
71181
71181
71196
71199
71215
71217
71226
71251
71257
71259
71266
71269
71278
71300
71301
71330
71332
71336
71345
71346
71371
71372
71387
71401
71402
71411
71412
71416
71437
71459
71463
71467
71469
71472
71477
71484
71490
71530
71530
71537
71560
71568
71574
71575
71614
71629
71634
71639
71648
71652
71659
71661
71676
71680
71691
71698
71710
71734
71734
71757
71775
71778
71793
71797
71809
71824
71878
71889
71892
71893
71896
71897
71922
71925
71948
71949
71951
71953
71954
72009
72021
72028
72035
72066
72069
72075
72075
72093
72095
72098
72104
72110
72112
72126
72142
72152
72155
72173
72188
72203
72233
72238
72243
72259
72288
72294
72297
72301
72302
72312
72313
72330
72347
72351
72367
72370
72374
72380
72410
72436
72454
72462
72462
72465
72480
72487
72489
72491
72498
72500
72504
72513
72515
72515
72518
72528
72546
72551
72553
72574
72589
72604
72625
72631
72649
72652
72657
72688
72699
72707
72710
72711
72713
72733
72736
72741
72773
72798
72807
72820
72825
72830
72843
72847
72870
72877
72909
72917
72918
72925
72945
72946
72954
72957
72959
72963
72968
72976
73005
73007
73013
73024
73047
73047
73060
73066
73068
73082
73086
73090
73092
73113
73128
73129
73148
73152
73157
73163
73168
73171
73174
73176
73183
73186
73186
73193
73200
73207
73210
73212
73220
73229
73236
73238
73251
73251
73262
73262
73279
73317
73339
73342
73359
73359
73361
73368
73379
73389
73421
73422
73432
73439
73444
73455
73463
73468
73480
73496
73502
73508
73512
73526
73550
73564
73568
73572
73585
73588
73596
73600
73617
73625
73625
73629
73646
73647
73651
73657
73664
73677
73699
73710
73712
73752
73755
73763
73778
73793
73835
73849
73857
73863
73866
73880
73908
73925
73931
73945
73961
73966
73992
73997
74018
74046
74052
74053
74059
74067
74071
74082
74093
74112
74120
74132
74148
74149
74151
74154
74155
74156
74167
74170
74195
74210
74210
74210
74220
74223
74232
74248
74268
74271
74274
74279
74281
74282
74293
74310
74338
74339
74349
74355
74356
74356
74395
74397
74416
74421
74422
74442
74460
74465
74473
74479
74488
74500
74501
74502
74524
74533
74550
74556
74560
74567
74578
74596
74603
74622
74625
74636
74638
74641
74641
74643
74645
74647
74650
74655
74655
74656
74665
74680
74694
74697
74700
74702
74726
74727
74732
74735
74752
74759
74761
74776
74793
74797
74800
74804
74805
74832
74844
74862
74871
74877
74889
74901
74902
74916
74918
74922
74948
74965
74968
74972
74977
74987
74989
75003
75003
75007
75012
75013
75030
75054
75072
75075
75091
75095
75101
75116
75117
75124
75132
75143
75145
75148
75165
75176
75177
75178
75199
75238
75245
75249
75269
75277
75290
75308
75329
75343
75360
75364
75367
75372
75373
75389
75393
75426
75448
75450
75456
75457
75470
75478
75495
75497
75498
75502
75510
75513
75517
75535
75545
75545
75553
75556
75565
75580
75596
75600
75615
75615
75620
75622
75629
75642
75642
75645
75647
75679
75679
75691
75693
75734
75738
75738
75746
75753
75758
75771
75786
75812
75815
75816
75821
75830
75835
75835
75840
75857
75861
75878
75889
75896
75933
75934
75947
75954
75959
75970
75973
75979
76005
76023
76026
76034
76042
76044
76049
76051
76057
76057
76058
76059
76063
76067
76083
76087
76137
76142
76143
76151
76153
76153
76157
76161
76166
76182
76210
76216
76220
76236
76251
76257
76263
76329
76331
76333
76341
76361
76368
76425
76431
76432
76436
76443
76463
76472
76473
76484
76491
76499
76528
76534
76574
76576
76588
76591
76613
76623
76630
76640
76641
76653
76672
76677
76687
76688
76699
76700
76706
76710
76711
76734
76737
76750
76760
76775
76780
76793
76794
76806
76843
76880
76883
76890
76891
76894
76911
76918
76921
76935
76937
76962
76971
76971
76973
77024
77027
77060
77075
77078
77089
77090
77091
77108
77120
77148
77150
77161
77167
77181
77187
77188
77201
77202
77211
77218
77222
77228
77231
77233
77239
77255
77290
77296
77317
77327
77351
77384
77390
77417
77421
77426
77473
77473
77527
77535
77545
77553
77565
77583
77598
77600
77609
77616
77622
77628
77631
77647
77675
77679
77682
77692
77695
77701
77713
77718
77722
77735
77766
77778
77781
77793
77797
77817
77818
77834
77838
77842
77845
77849
77869
77870
77871
77876
77880
77888
77890
77917
77947
77950
77968
77981
77982
77986
78016
78021
78035
78036
78038
78044
78049
78076
78077
78081
78088
78091
78100
78100
78108
78116
78145
78146
78170
78177
78180
78186
78193
78230
78237
78245
78271
78274
78289
78311
78320
78322
78337
78339
78344
78346
78360
78371
78374
78374
78382
78389
78407
78415
78417
78430
78438
78468
78479
78518
78518
78532
78565
78571
78574
78579
78580
78582
78584
78585
78604
78637
78654
78662
78680
78689
78708
78724
78727
78747
78752
78767
78778
78778
78780
78783
78800
78813
78836
78852
78854
78858
78880
78885
78892
78911
78914
78915
78920
78932
78945
78962
78968
78982
78991
79003
79014
79045
79072
79072
79086
79089
79095
79101
79107
79112
79116
79122
79122
79135
79139
79180
79184
79185
79208
79225
79256
79265
79283
79284
79289
79289
79324
79325
79331
79333
79347
79352
79368
79372
79376
79377
79393
79409
79440
79456
79467
79477
79483
79489
79494
79506
79510
79516
79523
79524
79530
79539
79541
79548
79554
79564
79576
79579
79621
79635
79638
79640
79642
79645
79650
79709
79716
79724
79728
79734
79745
79777
79797
79813
79825
79839
79851
79861
79862
79864
79867
79884
79884
79893
79897
79900
79906
79911
79914
79931
79947
79961
79990
80002
80010
80020
80025
80046
80052
80077
80085
80102
80114
80129
80140
80152
80170
80178
80182
80190
80193
80202
80205
80232
80236
80259
80259
80261
80270
80311
80313
80317
80326
80339
80344
80375
80376
80397
80412
80414
80414
80418
80420
80423
80450
80450
80455
80466
80467
80515
80516
80586
80596
80599
80603
80608
80609
80609
80611
80614
80626
80633
80641
80645
80648
80655
80667
80713
80718
80725
80750
80768
80773
80803
80809
80810
80827
80841
80843
80856
80857
80861
80878
80881
80885
80888
80891
80897
80936
80938
80947
80950
80951
80955
80959
80966
80974
80989
81007
81008
81025
81025
81025
81049
81065
81076
81078
81079
81082
81086
81111
81115
81166
81186
81187
81189
81191
81196
81204
81207
81217
81223
81265
81267
81271
81272
81312
81313
81322
81324
81332
81333
81341
81343
81348
81363
81375
81385
81396
81405
81418
81422
81439
81480
81513
81517
81526
81540
81547
81555
81560
81565
81565
81593
81599
81618
81627
81639
81658
81660
81661
81675
81678
81683
81721
81742
81758
81767
81780
81820
81822
81828
81831
81844
81845
81856
81867
81870
81874
81877
81883
81925
81936
81959
81960
81963
81965
81983
81989
81989
81994
81994
81997
82037
82038
82062
82069
82091
82097
82104
82105
82108
82119
82123
82124
82127
82146
82181
82183
82204
82210
82216
82226
82257
82266
82269
82271
82272
82276
82284
82288
82322
82329
82368
82375
82376
82381
82391
82398
82399
82403
82403
82407
82422
82425
82425
82425
82456
82458
82466
82488
82488
82497
82498
82499
82499
82503
82510
82520
82521
82522
82523
82527
82543
82547
82593
82594
82600
82602
82604
82607
82612
82622
82632
82633
82656
82673
82676
82689
82695
82699
82710
82716
82718
82724
82742
82757
82766
82769
82771
82778
82784
82786
82796
82797
82808
82813
82814
82824
82826
82832
82832
82845
82860
82876
82895
82896
82897
82917
82918
82923
82926
82940
82946
82946
82951
82951
82954
82961
82967
82977
82982
83028
83049
83059
83069
83074
83084
83092
83093
83100
83110
83120
83127
83135
83143
83157
83174
83181
83185
83188
83194
83199
83205
83205
83209
83214
83242
83259
83276
83277
83282
83289
83296
83306
83312
83315
83331
83356
83364
83366
83374
83376
83381
83408
83448
83449
83464
83478
83509
83512
83559
83560
83565
83573
83575
83591
83599
83611
83612
83617
83624
83626
83635
83646
83661
83661
83663
83668
83694
83708
83712
83721
83724
83735
83742
83752
83760
83762
83767
83777
83790
83794
83810
83819
83819
83822
83846
83851
83858
83865
83871
83886
83889
83899
83921
83930
83937
83939
83942
83942
83968
83997
84000
84001
84008
84021
84026
84036
84071
84073
84077
84082
84088
84093
84100
84104
84114
84122
84131
84145
84155
84166
84186
84187
84206
84214
84218
84235
84236
84245
84259
84289
84298
84307
84316
84361
84376
84381
84398
84426
84436
84439
84443
84446
84462
84479
84485
84486
84499
84505
84514
84528
84528
84558
84560
84567
84573
84575
84594
84608
84631
84645
84670
84672
84673
84677
84682
84702
84714
84716
84716
84720
84728
84729
84748
84754
84767
84774
84776
84778
84780
84799
84806
84824
84855
84858
84866
84879
84887
84895
84904
84915
84916
84946
84950
84971
84982
84992
84996
84998
85006
85017
85018
85019
85038
85040
85060
85072
85087
85091
85093
85097
85109
85122
85124
85140
85187
85205
85219
85245
85248
85272
85275
85279
85287
85295
85303
85304
85308
85322
85322
85334
85337
85339
85343
85345
85378
85386
85425
85432
85438
85441
85461
85467
85478
85507
85515
85519
85537
85554
85558
85566
85589
85602
85605
85607
85623
85655
85669
85679
85697
85699
85726
85732
85742
85743
85747
85771
85791
85794
85806
85820
85822
85837
85844
85868
85879
85883
85884
85894
85900
85909
85911
85919
85923
85928
85935
85942
85950
85979
85984
85991
86007
86010
86015
86017
86031
86034
86051
86068
86077
86096
86097
86112
86117
86118
86132
86137
86143
86147
86151
86151
86152
86153
86165
86179
86185
86190
86194
86206
86215
86229
86236
86239
86241
86242
86245
86248
86254
86255
86266
86271
86276
86286
86292
86295
86295
86295
86309
86311
86311
86348
86361
86390
86417
86441
86455
86470
86470
86473
86477
86482
86502
86509
86524
86539
86549
86550
86563
86566
86575
86577
86590
86604
86611
86611
86626
86630
86631
86639
86674
86686
86691
86696
86705
86713
86722
86732
86746
86750
86775
86797
86811
86814
86816
86820
86846
86874
86875
86887
86906
86911
86935
86958
86959
86961
86987
86993
86994
86994
86998
87003
87026
87039
87043
87057
87067
87080
87084
87088
87094
87095
87101
87117
87127
87146
87150
87151
87167
87167
87173
87188
87194
87195
87203
87211
87214
87230
87248
87253
87258
87273
87274
87275
87283
87286
87286
87293
87304
87319
87335
87355
87380
87387
87403
87405
87407
87419
87422
87427
87429
87431
87432
87434
87444
87457
87464
87489
87493
87510
87517
87520
87522
87535
87545
87578
87603
87603
87612
87620
87624
87629
87641
87659
87661
87663
87671
87676
87693
87717
87720
87726
87733
87739
87760
87766
87771
87783
87802
87806
87818
87833
87877
87878
87889
87915
87957
87957
87960
87962
87978
87982
88005
88020
88029
88034
88082
88095
88100
88129
88132
88134
88135
88137
88143
88155
88159
88165
88167
88187
88188
88209
88213
88215
88233
88248
88354
88354
88372
88381
88387
88395
88398
88417
88431
88446
88450
88456
88462
88480
88484
88490
88502
88511
88518
88520
88526
88543
88544
88562
88590
88592
88594
88609
88609
88613
88616
88620
88623
88624
88628
88645
88667
88672
88695
88703
88707
88715
88722
88730
88738
88758
88773
88779
88784
88795
88798
88802
88827
88829
88830
88833
88838
88846
88886
88888
88928
88929
88929
88936
88940
88950
88951
88980
88981
88992
88993
89010
89020
89025
89036
89041
89049
89062
89066
89075
89076
89076
89081
89086
89114
89121
89125
89129
89130
89141
89144
89172
89182
89189
89200
89216
89234
89244
89251
89256
89260
89265
89266
89267
89269
89271
89283
89301
89336
89345
89352
89354
89373
89379
89393
89403
89409
89430
89456
89466
89473
89473
89473
89488
89500
89509
89520
89525
89531
89540
89545
89546
89597
89600
89604
89604
89608
89620
89643
89654
89662
89668
89669
89674
89679
89700
89721
89722
89750
89753
89762
89773
89779
89781
89785
89798
89815
89818
89823
89823
89829
89831
89834
89841
89848
89849
89851
89859
89868
89895
89897
89908
89939
89944
89961
89980
89992
89993
90001
90011
90011
90017
90020
90028
90029
90045
90050
90054
90057
90089
90097
90104
90106
90111
90121
90121
90125
90132
90146
90175
90177
90181
90205
90212
90271
90273
90276
90280
90301
90302
90336
90345
90346
90350
90354
90358
90362
90390
90391
90411
90413
90420
90425
90431
90431
90441
90466
90474
90482
90484
90495
90497
90549
90574
90579
90627
90631
90642
90666
90677
90684
90684
90712
90713
90715
90751
90765
90768
90777
90779
90798
90807
90825
90832
90853
90871
90872
90884
90898
90901
90923
90924
90928
90929
90932
90942
90945
90963
90980
90985
90991
91004
91011
91011
91058
91059
91076
91113
91160
91161
91164
91170
91180
91186
91189
91193
91196
91197
91198
91211
91212
91228
91236
91245
91273
91273
91273
91276
91286
91299
91308
91309
91350
91360
91370
91392
91397
91397
91412
91412
91431
91434
91435
91444
91454
91465
91466
91478
91483
91488
91508
91530
91532
91555
91581
91591
91601
91619
91633
91642
91645
91650
91657
91663
91672
91680
91711
91731
91739
91745
91747
91748
91766
91777
91780
91785
91804
91848
91860
91864
91869
91869
91884
91899
91900
91928
91930
91936
91937
91954
91970
91982
91994
91994
91999
92003
92024
92037
92041
92043
92062
92077
92085
92105
92116
92124
92142
92160
92173
92177
92191
92192
92216
92216
92229
92236
92241
92255
92266
92267
92289
92295
92319
92326
92341
92357
92359
92363
92383
92403
92404
92404
92405
92417
92418
92423
92431
92434
92456
92461
92463
92474
92477
92509
92528
92530
92539
92557
92562
92578
92589
92596
92597
92605
92606
92617
92622
92646
92653
92665
92676
92698
92700
92702
92724
92726
92760
92768
92791
92796
92830
92850
92858
92872
92888
92940
92948
92981
92992
92995
92997
93003
93015
93029
93031
93037
93057
93060
93092
93110
93132
93139
93145
93148
93155
93156
93163
93165
93170
93183
93186
93211
93250
93258
93276
93281
93284
93288
93288
93288
93291
93313
93327
93330
93338
93344
93349
93352
93377
93382
93392
93404
93426
93449
93455
93456
93473
93478
93488
93508
93516
93522
93533
93539
93555
93583
93589
93590
93621
93631
93635
93648
93668
93684
93685
93695
93698
93707
93707
93709
93725
93728
93738
93749
93754
93756
93769
93786
93801
93808
93815
93854
93884
93886
93891
93895
93905
93907
93919
93923
93955
93959
93968
93975
93986
93996
93999
94001
94013
94015
94025
94045
94053
94060
94075
94079
94084
94100
94118
94135
94148
94149
94149
94154
94161
94161
94165
94178
94180
94189
94191
94207
94225
94233
94239
94262
94262
94273
94284
94290
94306
94321
94335
94338
94340
94353
94381
94400
94401
94417
94417
94429
94430
94430
94432
94436
94442
94450
94467
94468
94480
94488
94492
94493
94513
94539
94547
94553
94556
94556
94561
94562
94583
94597
94602
94602
94603
94603
94616
94623
94626
94639
94642
94667
94674
94678
94687
94691
94694
94697
94713
94715
94721
94722
94725
94725
94760
94779
94799
94801
94802
94832
94833
94837
94840
94850
94852
94853
94864
94880
94881
94895
94899
94904
94916
94935
94939
94961
94967
94974
94978
94983
94991
94992
95005
95008
95009
95017
95042
95059
95072
95076
95086
95088
95089
95096
95113
95117
95122
95128
95135
95147
95148
95150
95154
95159
95192
95213
95218
95232
95233
95237
95252
95257
95270
95271
95290
95300
95303
95310
95310
95329
95348
95359
95366
95374
95377
95377
95393
95397
95403
95405
95407
95423
95431
95433
95448
95454
95478
95482
95483
95486
95490
95506
95537
95548
95572
95585
95617
95625
95633
95657
95670
95691
95692
95698
95703
95704
95730
95736
95745
95768
95770
95782
95789
95806
95811
95837
95840
95848
95850
95851
95885
95895
95933
95984
96015
96031
96058
96064
96065
96071
96083
96110
96128
96136
96141
96149
96188
96211
96214
96257
96262
96279
96283
96289
96293
96303
96325
96326
96336
96338
96355
96363
96369
96381
96392
96393
96408
96410
96410
96431
96431
96434
96435
96438
96471
96477
96479
96482
96485
96489
96504
96518
96532
96553
96555
96559
96563
96575
96575
96581
96582
96599
96600
96604
96605
96627
96642
96665
96685
96695
96696
96711
96713
96724
96725
96728
96734
96737
96739
96745
96759
96771
96778
96786
96803
96804
96805
96810
96811
96813
96814
96828
96853
96858
96858
96862
96916
96927
96932
96952
96956
96961
97011
97024
97025
97027
97040
97046
97049
97061
97083
97095
97117
97133
97139
97165
97195
97232
97232
97235
97270
97271
97282
97283
97284
97287
97293
97295
97305
97307
97332
97337
97343
97362
97373
97384
97394
97398
97408
97411
97435
97435
97461
97477
97503
97504
97528
97530
97544
97553
97558
97583
97595
97610
97636
97690
97697
97707
97711
97715
97715
97744
97746
97755
97758
97761
97772
97777
97794
97795
97817
97819
97819
97844
97854
97863
97868
97882
97893
97895
97897
97911
97925
97927
97932
97934
97934
97945
97946
97956
97958
97966
97985
97999
98009
98011
98056
98062
98075
98087
98112
98125
98129
98139
98140
98143
98151
98152
98161
98162
98163
98165
98168
98188
98189
98199
98202
98205
98224
98226
98232
98234
98236
98253
98257
98274
98306
98317
98327
98330
98335
98349
98351
98354
98355
98369
98376
98389
98392
98405
98406
98411
98412
98412
98427
98435
98450
98465
98471
98471
98501
98511
98513
98518
98526
98544
98570
98574
98577
98583
98590
98591
98609
98616
98619
98652
98658
98661
98687
98694
98705
98708
98718
98728
98729
98730
98737
98748
98750
98757
98762
98773
98778
98783
98785
98793
98800
98803
98807
98829
98846
98854
98855
98856
98865
98872
98889
98919
98943
98952
98969
98974
98976
98987
98992
99026
99030
99049
99099
99126
99134
99137
99158
99183
99193
99218
99219
99221
99263
99268
99276
99302
99310
99316
99354
99356
99363
99368
99373
99381
99411
99416
99421
99436
99436
99445
99447
99453
99457
99480
99484
99485
99494
99511
99517
99530
99533
99561
99573
99574
99586
99636
99656
99684
99699
99705
99707
99720
99721
99722
99768
99801
99818
99830
99832
99839
99842
99860
99865
99868
99888
99889
99889
99894
99908
99913
99918
99920
99930
99939
99949
99950
99995
100000
