4631
3523
7230
4945
3925
1050
1634
6865
4084
5622
8776
3546
139
804
4743
420
1404
3520
3545
9595
4460
923
2147
2762
4579
7979
8238
4486
5899
2883
8604
7160
2479
3902
7529
8392
9949
2133
9212
9914
7433
1401
2290
4176
2538
8634
3225
4902
6529
5865
2885
1610
8024
1537
7010
961
3951
3039
3272
4600
6497
7483
4500
2029
2231
2933
8939
9969
3752
237
6612
888
981
2260
5432
7018
3886
5341
1261
2869
1502
2521
6559
7706
3084
4323
3087
3039
2711
1710
5343
4033
2095
8002
4891
9787
967
5193
5384
2203
6823
8155
1589
4664
889
3432
5890
2768
7381
6531
6139
7124
1679
267
5483
9950
5677
6736
9073
1282
2530
7651
3899
3220
9378
8091
8440
4837
6194
2817
4564
6723
433
913
1678
8641
3161
5230
9771
9087
5601
9391
871
5870
4709
8776
5863
87
6591
6350
4352
8788
2791
9797
7710
5435
5645
4975
3805
6127
6127
5403
4895
982
2553
1900
6132
2781
8593
8441
2877
2808
6416
6027
2946
7998
8480
7696
8025
1216
5890
6298
7833
7106
1539
5336
2421
3505
2236
4944
9892
704
9291
6891
6138
5147
8331
8205
6448
6259
8763
5300
8120
5047
4481
3405
119
1928
2162
6766
7900
5894
8620
633
4509
9266
8441
8232
1759
7975
8871
5032
3659
2061
9251
7587
948
8081
8458
3431
1288
4266
3351
6743
8090
1172
3423
1744
6973
6005
4365
9983
9049
2053
9126
6112
5433
1298
8696
1165
2712
1355
3540
5662
6099
7607
6685
3302
4305
9414
2881
7150
7856
4640
9791
6129
8735
8984
5609
5566
7544
8826
3349
2928
8275
9123
9830
4279
4364
7326
3137
5714
770
1109
8649
8677
569
5360
5265
7445
5402
6468
3433
3925
803
573
9633
6700
2863
7485
4250
5534
2001
6078
4536
8057
8109
443
9143
3649
1484
3071
6145
8691
6100
4915
1856
7274
2031
6596
5962
7260
7918
8350
5559
8177
6509
4999
2542
840
4766
18
3130
736
6776
900
5727
3906
6901
2263
3571
8532
80
9885
3419
8144
780
343
5229
8649
8846
7478
4454
1809
9383
5105
3891
6374
512
4999
509
1521
8230
4560
4463
2754
4561
4028
551
9387
5483
345
8118
4806
1228
2162
7116
9537
9819
4899
2899
7621
9111
6577
8203
582
6091
1889
8073
2748
4984
3040
2868
1620
3817
4193
4826
4370
5802
5515
6723
567
1601
7482
6066
3639
7067
9016
5110
4957
3624
5365
3939
2002
2188
4381
9182
3178
6053
4456
537
4053
9891
6316
7689
7313
2564
1845
3798
1279
8316
137
1719
6631
7258
8953
339
4821
4718
4339
3494
5926
8695
9497
7175
739
838
151
6942
9535
1244
6832
6145
7337
9347
4442
1624
8824
9260
1862
4166
7411
7506
2588
6873
1563
6517
1505
3673
5252
8084
7306
2771
6092
2176
9194
330
3879
4751
1131
8925
2475
2472
9192
7122
6858
5511
4665
843
1157
7479
6078
6974
7080
4937
4970
2575
4606
5042
1869
289
2042
3855
6415
454
1607
7069
5078
9977
1619
2705
8024
3327
6943
376
762
773
7538
7125
4745
4301
700
2365
6999
2516
2406
1915
1624
9875
9998
5629
2728
7408
3047
3551
7366
5580
7096
4092
3852
9385
7033
9090
4280
8981
1709
4886
2360
7488
2224
1591
8963
2106
1095
6198
7752
2465
7204
383
309
2286
5484
6276
5191
4643
851
9150
7372
8023
2697
4335
7489
6964
2697
1141
8424
4281
5628
2889
1044
2979
3517
6211
4192
3264
905
9874
152
4056
2951
7632
478
9079
218
1052
8413
9813
1783
631
3906
4451
7334
6121
753
9146
6050
4554
494
6663
3630
4891
592
8744
3003
5668
7781
9683
327
5635
6562
5219
8115
8704
1707
3218
4740
8159
2301
2462
9797
9284
2729
9652
3456
8567
3471
7238
2527
2314
9341
6595
3029
2788
9516
7011
2056
3204
6735
9126
9765
1635
7272
9404
9677
6539
4545
82
3595
1218
2325
9926
2606
2396
1347
4568
5678
9016
4185
9601
891
9816
191
108
3355
6407
694
373
9011
4064
3702
1534
9558
4674
4085
4052
3095
2492
6316
652
579
9736
4741
1385
9895
7385
1798
8834
8973
20
5885
1240
9328
6881
9982
9382
7824
1067
6668
2735
8612
7711
1606
7827
9482
4848
8206
771
6984
7377
5711
2333
3247
9866
2879
6721
5410
1258
1528
6952
3845
9239
4132
9204
6469
5728
9538
1415
3859
8967
2317
3490
2776
5676
5475
1871
3932
4123
7546
9971
967
9732
592
2639
5861
8816
3960
9057
1729
9366
5246
7975
1894
7304
6982
1294
2166
6429
787
4409
1487
9365
5337
4434
9836
9024
6351
9833
6655
7806
918
7141
7262
9891
5787
7524
3744
1354
9505
134
6863
6870
924
4382
5711
7324
4184
2711
9709
311
181
9431
1326
9521
8175
1293
4054
5409
322
9905
410
3068
9164
1924
5287
6396
8463
9119
639
3585
4398
8179
634
4475
9668
5231
4143
1273
6726
3458
6581
7457
968
9589
5365
8674
1853
1428
629
8900
4567
2666
1547
4516
5023
810
8829
9884
236
2134
7791
2997
504
8071
2127
8222
7685
8406
6082
5990
6561
8552
4861
5115
5522
5647
5362
7812
71
4941
7531
9435
5981
4301
6670
2643
6886
9908
1720
2620
1749
5015
7939
5789
1047
2836
7488
978
4023
2181
4650
2046
4981
287
4972
914
7536
8802
7214
7257
9593
6291
2099
5049
5475
63
1510
5580
7814
266
1973
2356
1540
5960
6029
2056
7205
8860
3981
5897
3403
7331
8444
4956
6061
5795
9773
9825
1471
7380
6937
1669
8883
6253
9188
9893
7955
1565
9865
9833
5181
2208
9818
3397
6012
5487
891
7625
763
9360
2754
1991
7292
9595
7501
7609
9156
9394
7499
5115
2859
5397
6569
2514
8960
4611
1902
9027
9260
5364
6703
9529
9746
5290
3547
2400
401
4476
2842
8396
1462
6671
2559
645
3468
833
8219
6626
6938
8780
6944
6830
3326
8640
6411
181
5035
9018
8977
1338
1852
