18110
14403
53249
20729
35087
20135
81007
55627
49481
55343
33531
53258
52550
78108
21962
44580
72110
40076
62889
26838
9546
93621
16645
35942
3097
11922
53422
50391
22186
2717
42039
64985
85187
3127
52322
42713
43153
75758
19516
69881
2887
71416
68893
13277
76576
90391
67687
49518
91309
46732
28137
34468
29652
65241
87603
51409
23857
33996
90677
53236
83573
8149
39276
80418
85272
79539
49923
83762
54843
76971
29069
70447
90273
64851
86241
67058
6209
46233
92405
11951
68937
9663
3403
82466
48742
42768
59137
15825
63805
65353
24431
67840
74641
19939
20352
58910
14956
88993
25133
65429
40329
20189
22987
99354
57116
90779
61170
83742
17134
10264
64923
53389
35678
99920
8160
36384
24759
79467
96058
62576
59413
2790
38737
78322
42139
73617
47595
83767
50337
11810
30448
66406
33991
67229
28931
93276
63214
82876
46761
67789
71077
23206
70171
25929
41152
86112
88544
44672
12221
91645
16079
32684
20146
29703
41166
84114
81189
53709
65042
15748
11095
49173
66430
97946
95548
8899
6882
43255
52862
30101
31986
50425
11046
82808
19051
86696
74120
3793
85919
57357
51954
50189
24946
35579
687
6332
69936
15878
25984
51763
74282
66245
36271
29359
70736
7688
30280
45237
85605
89144
84824
93891
69412
80881
75007
50424
36995
80129
67691
29227
88248
1579
11922
38162
8584
96071
95348
61566
62945
8940
86874
77078
20661
62137
82522
89895
46919
79331
66049
59277
33611
31448
89608
57423
35657
69523
64964
93284
65083
72528
99830
16403
87248
49591
55706
91650
14995
420
51071
83942
13463
4321
96434
73550
4087
19396
8856
89643
44183
9767
57177
62487
17569
94340
67895
31862
79797
39490
37594
69655
86994
79914
83028
91780
63423
18261
42462
52949
79961
24404
79489
44706
91412
77201
3103
49304
39483
34444
14865
66024
17441
33378
63726
71047
35024
43137
81683
67660
49854
58430
1090
37524
26370
96728
18486
35513
82257
88450
65801
96642
32036
28009
58067
91431
73966
24311
71878
48695
69360
74293
31028
10080
58999
86151
24272
20443
83374
60878
45394
12307
92418
60134
13312
84073
11683
65210
4354
17191
46117
40705
87676
10532
71797
82918
99699
97868
59085
48150
50075
22761
57045
75448
84186
727
68521
77233
32416
4071
20515
81565
99316
93392
40202
92858
77986
28453
2550
35136
91982
70815
97746
94225
40341
6923
35918
6717
35938
64944
80261
82786
75308
14275
6108
11045
27034
73210
84982
97046
62845
95233
70514
44903
46674
66581
75896
76161
79861
11726
65721
84645
97945
60858
71167
28429
28945
26839
5381
17069
14398
337
51548
89868
80655
45881
9807
38533
85019
72631
81960
87286
58372
64652
63897
68972
2326
80608
53441
68721
2027
8663
18299
56582
7956
12605
47450
51868
75959
19010
21298
11866
20669
11635
53889
17160
16229
86185
41477
31157
58635
98785
69867
17045
98112
86811
51956
25516
80827
9494
34833
25679
338
44931
78565
49373
94100
73361
88354
37076
87624
98011
75030
54375
48691
67308
14516
73925
48554
45190
58716
97235
30974
93473
70046
31303
16860
19351
56720
51700
2311
27441
70454
82091
83127
83296
94850
49256
93327
42335
5167
35906
17252
1317
14393
55262
68110
5079
26143
42867
23203
13111
62341
63358
73174
10898
72699
5393
65590
28314
91180
86165
35644
26641
4182
79911
70940
26736
65386
34607
3451
13913
11773
54530
94801
41662
27033
86566
33753
50566
44153
65137
26769
51121
12486
8160
86630
79483
66859
1317
57987
71048
54191
79851
29479
65813
61811
94432
94939
34867
99533
88213
29562
30240
79284
91164
48524
97398
63677
750
55088
68129
65903
24202
57550
86254
63667
66895
95122
49001
78880
82923
46606
24817
52643
84505
95088
36693
98987
30182
46563
74442
78360
2038
45816
47121
12031
37488
85109
25117
15653
37177
26731
73186
65717
15711
35901
15049
54563
356
83205
69749
38952
44009
79122
4549
82695
55051
17443
40847
13864
68371
66069
94616
8183
4671
9169
17229
35092
66059
89260
28933
88929
15419
4292
37407
67787
77609
23312
13467
9830
46925
36013
24342
77108
31675
95486
58792
58357
6197
12036
99721
71954
34246
76623
67014
15438
96355
28701
82656
43107
53146
94149
53768
41358
48256
44939
38644
68533
55899
69177
10622
67530
11061
52334
55648
29859
35826
88928
37257
87733
2701
35159
18860
38915
36049
12170
64915
1492
72301
32448
6801
68257
30561
39441
15283
70998
80596
65291
40460
2064
18411
63734
22992
77888
73060
75148
44361
34652
45606
60679
40267
92142
31023
65777
93907
57526
19181
65994
84716
40507
77421
93923
93808
87188
67517
48946
8351
44644
22710
60472
70107
93786
96369
78945
34982
4417
93754
30037
50954
64294
44627
9992
65165
30245
43609
8013
36297
26544
27003
33632
56710
51680
37418
39071
3375
75165
49017
1269
56503
67550
54558
61096
30793
77027
70579
67177
8073
36091
79014
50471
50279
36831
24941
58790
2115
89662
50328
3485
6397
23628
38250
19430
76044
82716
73835
91236
63627
1330
90715
67754
39527
65700
13180
52434
72203
54208
56459
46394
45946
14401
43357
4239
41417
35816
94840
22570
28979
4277
90346
59203
90146
31945
50441
43403
572
6369
99268
99889
45348
64435
63259
95448
11535
17047
18081
14274
76143
77089
4279
31183
29836
33764
35112
30150
24613
761
73444
52405
34528
94429
18142
1315
34915
75290
90807
95848
51100
30967
2595
65678
84916
58343
41965
48203
94207
26625
44008
11264
89597
24937
47785
81267
58810
3113
44604
55089
20818
42402
64584
53524
75933
35988
60845
25438
93291
45544
70269
38427
85507
58558
79897
97819
75497
74948
39378
18279
3420
3605
16977
83724
94713
12485
60420
51375
74797
7436
39230
10857
19559
5758
54679
4758
3619
66206
91869
90825
45164
87405
72946
82940
50041
94430
40981
58619
1126
88484
12482
66601
59157
87620
29893
60912
85820
76042
99586
15114
98718
17724
74533
76891
15928
58670
71775
94597
16991
1452
53003
13478
42456
58351
96065
51453
64755
5159
35276
14002
92461
23070
6560
33354
23790
9720
75835
99950
21489
40176
91994
62043
84673
74502
33560
81385
84866
52204
97819
77797
59144
7086
69264
11347
1715
67454
50226
30736
77255
71330
72112
32313
92267
20553
75199
53071
40652
14335
43244
72313
77842
63814
20919
59443
24479
75645
43881
21676
86455
67358
42701
35756
61259
74149
83712
22246
64948
89944
43749
33600
12970
49701
44877
56689
10183
26779
73113
25546
42237
79265
56537
99768
63934
2369
23111
98355
78036
3571
4516
74167
65615
94135
20461
26352
68895
26398
94084
6839
65223
91478
35835
84767
19663
38413
64457
31980
3906
37211
45773
80339
47393
28789
83661
98189
80077
98330
77838
58441
56138
21540
34803
12041
99949
12246
34975
48218
72625
56
5294
35547
37093
834
88667
83356
60512
38604
23035
27362
81997
3510
43171
5370
96724
70033
9775
28524
35816
19623
9695
68402
89076
50128
20443
85697
12670
30478
59267
15641
51773
64294
2527
38895
94400
63540
22151
10543
66684
89500
78271
68223
31594
96393
58490
24187
4815
79530
10090
71949
73339
45013
87195
5563
6194
96381
83366
10353
36389
76528
64519
32005
82503
64471
85679
50324
14974
27832
75457
50207
95768
49452
24148
65946
79516
36323
92646
6681
89256
69154
31639
34546
95397
43514
44386
61859
18005
53911
50452
51163
29827
6920
57195
1234
47350
17399
75878
53643
99218
89081
44835
79893
10233
10715
3488
2518
81959
35001
7188
15419
88738
66955
54105
99373
82604
67906
71530
32535
26678
77327
29508
63999
74248
76331
58626
34089
79
49457
29022
98351
23609
16078
2818
38123
34500
16535
78854
28887
55031
36361
11807
76613
94864
61280
59843
19293
28895
38278
57070
89781
44179
84915
22039
77231
44037
44109
41337
36824
69318
79548
9829
11440
72877
29496
86051
91848
8085
74046
54185
59553
47246
64428
17193
90181
73512
47046
4699
39695
82896
84100
21040
56077
3734
22339
36547
97337
11193
13303
36894
6773
64906
28284
7363
58557
55025
10907
79409
90020
96336
46939
42048
17306
67222
19942
8013
56920
28371
35630
28272
90924
5135
95377
37466
89848
79734
58765
60883
95490
69721
34979
57419
59371
49976
8430
56504
9603
59858
33159
91483
31087
84486
17566
74310
41380
16058
59221
14852
87659
49782
87286
70311
55153
58241
64975
42714
79709
93455
80259
35901
16955
30014
91936
52741
26152
60452
51525
66901
3275
54191
11545
6209
3703
88707
73857
85425
41607
17656
19242
45187
62198
47152
37761
61675
75095
52284
98919
50012
21808
20313
85726
22501
94001
40897
98405
67734
4851
62081
29367
94687
63381
45769
98730
61328
36154
33685
16134
54137
63034
40849
65672
94273
94978
68044
33239
21743
34121
11222
48100
29231
22572
72773
97715
90054
5404
13558
85515
15968
47353
23854
42359
94715
88187
18601
49379
20532
3554
29141
81678
88100
82216
97287
75367
25341
12673
51755
77417
56141
73236
5599
88936
83093
62514
43563
45167
92530
7285
50302
88715
86153
92474
35860
72711
10370
39134
16066
64574
70754
24464
50041
93015
58311
59477
90125
14040
91392
54977
90712
75629
1526
62205
33915
35939
2303
24508
66123
25507
97595
52736
97095
38847
76432
69199
29566
13844
95159
46694
47245
96582
51624
34499
19098
61833
95377
12736
39469
19211
87671
12899
77679
24100
43197
51952
60513
54963
94623
14219
85554
5574
29642
11508
21984
30591
75101
94556
78382
28341
64145
32517
40733
93404
21404
20417
60337
90932
40002
71181
38062
64356
57932
26911
78407
32399
42960
57238
56191
11752
4065
75013
18217
44883
55878
80002
24
71809
45434
17698
90627
46125
13890
63002
37715
37408
71490
36661
9473
52180
90029
91273
17177
47678
84672
90928
16474
25706
89049
31831
45153
14653
98807
98205
46762
41697
97025
31197
30257
90028
59535
15169
43870
22482
43613
40650
45556
285
78237
85124
43687
28788
47113
21149
50681
39058
84887
56715
11845
43672
75954
1588
443
1575
79456
69707
31110
20775
38726
26506
34761
13229
8539
32556
91488
92463
18569
67353
65401
20455
59642
97794
19281
82108
30788
35455
49476
2864
93488
11334
83942
85566
37193
81196
21956
53274
19449
2171
83721
36556
10359
92177
96737
58643
49556
79086
36274
89076
87419
78858
84436
43108
51419
32515
47961
32658
61783
28175
60313
63388
67371
74922
95703
82845
85979
93698
22982
75277
25872
86190
46511
94916
2148
90106
31592
81675
39191
50112
25704
2464
22379
35195
78245
34547
50378
87117
48266
56302
92850
21054
64673
71463
32620
18340
62034
72707
14939
1958
5924
20562
70411
38072
27716
98526
5813
98889
16954
80102
74643
12860
94837
61494
51157
34812
15308
7026
85669
4028
46316
75426
79884
39855
33196
70540
71680
64356
96392
98412
21556
94895
2932
23093
96605
85287
50877
82895
41450
58486
21842
78088
22237
43450
46282
63118
30471
38253
80857
62921
48599
4314
69435
23584
88620
85771
42042
93555
16055
39789
25522
96961
73588
6162
97772
17758
80645
83069
60204
27568
96739
66620
2925
24621
36248
21750
66533
5239
32849
19894
22623
2125
14709
1093
81820
44384
86875
47253
48826
11574
96338
51902
50805
7777
28260
43122
58249
64207
35123
99561
62099
64007
99722
98389
19043
35139
75072
62596
73342
53324
74059
31995
70664
96786
65467
75857
28188
62739
76737
95984
32894
40891
1086
405
60683
99818
94060
9384
61085
38878
61813
7441
96482
84677
42596
37181
43908
32501
13964
56845
61225
43250
12407
42438
84895
71057
29056
78800
18720
38549
61026
65047
81418
29470
35008
6903
36850
8725
55339
44180
28299
60584
49691
49013
70053
72553
82403
3419
31187
72589
74832
55486
94602
8298
48843
36548
46662
38114
79107
64066
76641
68326
87545
89251
22725
43763
95431
55220
24555
87726
51624
64750
36181
16895
796
52800
54288
7290
18659
4511
54038
38785
71484
94556
9113
78767
38278
51384
83846
47235
2414
7302
86239
25557
61716
17478
69567
6595
94417
69670
99720
30671
98694
31198
88431
29349
1545
47954
3335
6854
12500
44284
87806
45486
124
83939
82771
41063
32156
68862
37555
19348
74082
12250
15899
97011
60835
55126
17116
66224
81547
73625
47775
66538
9781
91508
20073
56671
23684
58035
6038
16410
69820
11858
39441
31438
28926
20659
76057
46487
13537
36450
40906
36052
34331
96431
68504
20488
29263
52332
70190
64005
42728
5788
82376
17766
15814
42844
39885
65166
69222
128
16078
45960
67207
23219
26000
34705
11503
25485
88846
14167
95310
40476
20485
19016
764
52935
79180
47972
9175
76699
45925
71172
28678
94161
82673
82407
84259
32238
59987
13605
9972
6405
85337
86248
61100
67978
7841
56276
17361
22490
25558
87760
33072
25191
4994
49025
89234
6223
40978
24095
81025
83865
79825
58884
100000
51798
49706
59145
7017
69179
89271
50049
59340
44950
4553
48111
62897
86118
76034
97083
40268
86286
13876
29900
50852
16392
82425
86906
20578
68251
5302
96303
68977
55280
10147
40260
42456
37005
15626
89200
62760
56486
44307
10670
25381
80202
44364
33506
23587
17051
17885
46386
27576
76710
22068
67862
50582
44847
26027
58194
18492
14809
4580
69123
96489
63712
31108
51565
12119
9001
92417
22354
43031
27024
54487
1949
78518
9821
16591
17022
69414
52093
98129
4807
8688
73677
30327
73129
32491
12312
64898
42154
62427
34755
82210
70746
93139
53853
38594
45314
50152
23125
55080
11856
24541
8163
35167
84806
19806
8918
23955
15389
99453
67253
82594
35023
84670
90751
95403
18371
21837
40585
70553
20941
67675
30371
569
3712
87275
82488
38238
41427
30489
51161
76760
61696
79225
16130
4677
26174
13127
46226
20443
32234
30148
29915
17652
4486
73007
39174
12968
40805
61545
21539
14850
72095
39399
71345
57983
10874
64904
74735
77228
10094
3154
13399
23983
65591
1407
57344
10224
65858
95670
23584
99889
51256
25170
28543
13277
55729
22267
9442
95089
28363
57523
66602
80603
45321
39785
13271
49815
127
44636
37501
61515
98139
42620
60508
72917
53914
54452
80955
80020
99416
57280
56631
88543
40843
12547
84729
33890
90798
16546
44517
92363
14509
71953
20298
92266
2733
94417
86271
43788
46011
99530
23066
54639
57208
90050
75364
10816
7244
79072
11208
37841
11218
39677
46217
39189
82375
51408
15873
43981
40200
62925
29231
52780
54535
9218
8811
10204
1569
62064
47316
12656
5339
37058
20284
7288
3650
30987
49505
85868
84206
64345
17082
70836
85991
97195
40631
40938
53607
43579
54403
49758
92622
83661
87510
33069
26695
41219
77631
93211
1499
88703
58317
28895
62494
90991
63311
80856
87203
249
88798
43425
2199
52956
47419
81599
55705
89654
11263
51679
17428
73455
62276
11130
73148
74680
53803
41083
46080
2352
71734
76236
51532
3063
29436
21828
16894
82832
51836
40213
26018
36565
2475
62699
71301
23295
69998
9863
77296
72976
26301
46604
47651
72957
31474
24856
69989
47469
83185
23567
17276
9634
38778
54674
55797
1747
60810
76499
57156
36560
22768
76210
25126
59329
42226
62099
21091
69472
78044
12553
93449
50971
2342
68932
50723
53498
41715
93905
41409
26682
41743
36938
53856
9288
80974
71710
14027
8117
19412
62463
89993
82633
1295
15784
56975
61347
19498
81767
73047
72518
83794
94488
44692
46615
31181
63586
8965
27470
37213
29890
60067
1715
81332
21973
7478
39838
15569
73502
84071
74567
68149
94674
22858
14158
560
25092
14291
95154
67313
5051
84754
90466
2122
15048
689
86750
95252
94562
4015
8480
98168
47131
89473
46593
1778
65374
18307
33742
88830
38481
23489
88354
54510
74556
52189
46565
70453
34345
51592
22048
25577
89779
45128
94553
29828
83752
25306
98306
25412
40001
49579
21882
48001
70844
9256
77890
31023
3215
2009
78813
23754
62416
76472
94450
68450
5693
21702
98800
89679
37415
80326
9365
42005
5291
60331
80317
25527
281
73866
14095
60879
62049
89525
92037
86477
529
31711
9003
58059
15988
68277
13991
4401
98009
47025
24531
41760
83810
33682
93165
70044
67261
82824
65190
30764
81983
51488
56172
64347
18936
39304
65236
167
26935
57654
73359
83188
40678
14304
716
88387
73657
3679
64998
15118
25010
52612
71137
3243
78146
55645
33787
75372
78727
69851
55211
79122
18004
80170
41054
94430
11186
3949
27847
74889
27949
39386
44383
61398
65130
39434
29571
71114
74279
22910
75973
13715
3065
74656
46730
50395
40449
37976
25198
10200
96813
57080
85884
34250
20057
39378
31469
54868
31589
90301
28872
52896
2916
69928
29073
10059
45118
12119
74339
16480
99939
95290
53685
96627
92404
31511
36401
71574
8325
76463
37459
14044
85205
28627
11434
94045
58531
7869
90642
29460
47636
40784
63580
19467
54088
58121
19795
5806
13071
73317
98062
22018
69669
94667
30353
35433
45313
71217
40013
11269
58242
60554
34166
6463
92255
91197
66175
24487
96695
82600
7384
39972
19880
46683
46964
65395
36259
5559
39997
76026
87603
33399
56348
6448
4694
3890
76251
52616
69313
73778
68742
81874
17814
35130
82897
14819
61256
68100
27688
90390
8585
80586
8868
84381
56701
35750
72142
77161
3694
69288
74500
62773
24774
3098
85909
10704
66891
52111
54957
60059
41710
8072
24803
84289
86713
27173
6341
42530
62993
91189
50159
23617
81822
33568
84155
62910
82742
12177
91011
33346
7948
54426
57690
33587
78604
40352
58731
89961
43402
76151
40867
63135
28636
56108
55398
24691
71163
4815
59574
3458
7351
27308
79289
41353
34990
79642
97985
3443
99158
44519
83448
84682
83968
21679
72454
49773
79645
55665
19918
5384
20872
21306
97966
97373
4126
41108
76640
87878
93707
11496
82403
72238
24862
8783
73793
4817
46220
19915
23230
47688
56817
32977
39679
57275
50345
20736
84218
4448
65660
9404
19707
62224
31188
47258
10281
502
97284
89336
46028
95076
79541
35958
71401
49372
79112
22533
43036
20078
1272
70590
84778
5532
31148
55237
45774
20715
87802
30448
76329
91899
55340
56672
12351
40848
70303
98729
24288
32578
60091
94760
60927
65896
92423
87173
73183
58106
1394
45751
36638
73193
54378
13895
75249
62377
87387
24944
77583
68231
78177
12775
39392
89075
93996
58167
16240
49066
55919
81115
51452
32181
44257
42651
14313
10185
27175
13267
36733
58653
80950
10227
18251
2441
6769
64987
68298
34835
68784
7911
82543
60520
92698
82123
19396
73279
66409
52721
77968
64202
75786
32909
79494
61306
4677
88695
93999
30402
35509
25467
19766
44839
39796
97544
4391
12803
11317
89403
17621
50783
5334
63693
76059
1313
71046
84594
18234
94880
24213
97232
87771
32164
53106
46027
66746
34169
93955
39874
28621
49064
63856
61206
40740
6127
62067
83289
48393
43068
42218
19690
53192
69457
58611
59017
13313
27106
8344
86152
94148
6241
3405
57170
77718
98406
27218
2646
11485
83575
22432
43905
64958
4098
49585
59060
4146
36414
79524
38738
10932
57297
73421
29147
61890
81207
3842
78430
14068
17852
92085
89473
24864
53086
31313
29900
40014
93975
876
2023
21584
95885
44599
53359
31962
58452
2312
247
64786
30309
27757
61968
22718
5457
91276
32881
10850
83509
60156
29831
86563
96518
5489
20090
30397
74793
34793
17599
85017
16083
99263
74271
61117
54517
68431
83157
15119
47997
16017
59700
43828
42202
46730
52110
71199
72410
55038
39265
55178
61803
56055
94015
34193
57976
86539
90354
39326
25782
35540
883
93709
43325
4592
22740
51862
47945
18527
28897
89010
30015
19761
33308
21323
21163
79256
76058
12163
47222
60998
52264
97394
39501
84716
10499
74636
23113
83242
17335
55319
79635
71757
78968
29640
76431
46982
48917
97795
88462
90121
93522
13174
76182
43608
37280
60109
80803
10310
68554
35198
78752
43666
94725
41567
6715
23878
17889
80885
43613
26655
65887
49689
76794
13957
3819
69992
60927
98450
3218
35632
80626
887
52950
60954
72925
86206
85303
90089
70861
41918
40765
67879
45603
31031
22848
95837
37043
85140
57749
39088
19512
36526
49787
88209
62891
66666
52447
59468
95745
76973
40714
88981
55816
8546
88456
56026
63266
39524
46823
65142
9591
94603
82757
65938
69534
2682
66490
37642
71698
98976
66493
16222
43925
54452
62853
74195
75517
81265
74655
40504
55914
62358
47867
57937
19780
92992
1745
56439
69048
5896
40374
43150
5889
34169
61996
38966
85018
63786
11036
28260
13606
10751
46405
14538
9296
72918
60028
8172
87127
15289
15983
28603
80025
46657
59603
18392
64654
56390
56290
39509
6627
29117
42886
67401
15021
39775
8031
66769
20700
53969
78962
24903
39130
24190
26533
87783
11296
64215
43034
18176
95850
87101
59236
18550
47400
98161
78479
83611
18712
1526
64000
3384
92791
84000
67799
4367
66918
59989
89129
35811
42598
88722
6942
3088
37029
3662
72075
53443
49895
19796
83277
78100
44189
37633
82778
70494
30595
97882
98778
12771
7255
72963
27039
63081
36085
4435
91245
10496
85295
95789
2904
48350
5945
24436
21446
8025
14303
23054
75693
87403
55769
87211
48512
97530
9172
52670
14242
20217
25015
57947
14102
77218
15769
14301
23794
55831
83899
65063
31973
28807
39877
81191
30369
98471
92724
82105
25803
50257
60948
81405
32128
76341
42422
23455
71181
83074
43501
45612
17283
28732
2848
98435
56708
9000
21594
87080
74268
24781
3
62486
79724
13561
51510
44648
7711
34624
93382
73463
36212
35915
61512
66376
51614
720
37668
30571
87407
14891
36075
90684
68772
30492
60243
90350
82127
17921
6272
83559
60802
15503
67781
42665
49041
67797
25705
1734
97934
72820
9801
21867
43697
94513
48311
51717
66048
42871
29638
87818
89604
24192
36692
62714
74759
80641
38498
40102
82602
48413
45675
59600
42222
86846
16308
70266
85791
29594
31806
71691
55639
54560
2655
92024
85935
28801
1510
8636
57605
43609
66500
40175
6203
14283
78076
48296
7530
56431
2995
49039
23058
89750
62283
17694
18649
63088
65855
23882
72104
81845
45391
94262
93968
4802
83565
45211
82104
36668
90011
83084
18679
16257
23047
86470
52901
79862
20982
29219
58075
60778
60717
78180
14744
78145
98257
75647
7903
95113
62089
97283
65646
17156
38528
12097
82982
3181
89114
1649
56728
23700
4028
68513
50866
77735
79864
40793
35945
55681
14009
74918
89473
30830
67281
33470
68059
34557
99888
31071
87431
63238
86509
69014
97232
95192
61958
53420
54751
23556
72155
3099
33576
38381
54883
263
96952
90853
17572
52094
38899
63907
34049
67659
63936
45586
29991
77390
81856
65489
63805
22554
9758
5960
22945
70842
73629
41554
42405
38552
31019
98143
73200
46988
51611
49624
27311
20164
94442
55569
32151
29674
15223
59172
59645
5041
45440
98087
842
70267
53407
26005
38907
31602
85343
96293
19272
40305
38914
92003
63447
44428
33756
4282
2829
79510
79347
94118
93344
21691
91804
81963
75620
6050
70431
74727
41196
23481
54655
74641
69570
68710
59371
33864
45612
6516
58824
51871
6852
80750
86215
89066
40624
1600
96438
19493
29768
30974
92403
82226
22263
75679
60831
93060
80515
76734
66116
83889
30725
85607
76630
14150
92477
28752
78724
16265
64595
68234
54001
57746
64265
26197
2902
2514
47723
98162
10515
60917
96257
75812
99656
70432
24283
27390
59773
64190
625
92617
93132
16866
87380
80193
12248
30704
99193
52922
266
91672
21943
82062
96711
91193
25192
23253
73712
42401
20221
5670
7967
86143
92796
84998
31064
59338
42318
55714
57526
71459
233
37213
84443
67414
33642
27608
46167
33686
46303
70147
15125
79900
79650
45485
10822
89172
2439
59491
11264
1714
29444
5564
98943
42393
2679
44043
34227
47067
22293
53785
65649
31279
97958
96532
96214
16392
31667
52400
18065
62990
81780
40200
21331
19480
40001
67770
92940
63977
4367
84145
31948
11087
3231
38229
31711
24748
70481
52756
56806
68378
45791
31897
3214
340
5540
4009
66562
87889
87335
72465
64305
48974
3573
98188
58581
2747
838
95840
34588
68989
2128
97758
13506
33416
46130
44700
49651
39667
34374
74053
46598
81375
74416
73600
93635
19975
65908
5919
45305
87978
97558
25601
62834
88833
79208
44775
26506
54876
18734
17956
76137
11170
7816
97553
41729
29755
6230
15003
98854
94467
21194
97844
99356
9406
80667
95405
87663
3048
71266
13670
39025
41060
28731
23103
48557
61504
1229
60172
9677
87535
914
83209
52850
80085
79289
77090
22549
74726
59882
10620
33825
57601
49795
71889
46535
54125
65331
8472
94492
4855
67872
63413
1554
8349
56302
72736
97435
82523
34821
54551
35789
55130
11040
11320
32305
32976
50227
90832
94468
8946
25165
46952
16998
55598
73229
53397
19986
81079
48133
95128
93037
65204
44209
9827
61593
60684
64860
83760
53181
298
46834
75478
84776
60589
55420
28253
30662
19849
43663
98513
48382
49110
98056
91869
24080
19153
40767
73092
21550
42159
18793
21254
38993
62938
22696
95691
71147
17897
41097
52110
86686
81661
47411
21686
7896
49510
60908
64109
49717
6505
54745
58392
81560
49450
40813
58978
44758
88034
97707
20493
80947
97895
41837
52120
32479
95213
56508
79324
27571
42576
7753
74694
32723
6706
80966
38654
3773
19689
84093
54339
61759
67654
48531
11464
81166
74210
44087
49298
62079
86034
6533
73262
86639
92434
31542
55446
1466
11
34355
18586
63179
98226
8689
24158
28119
90579
39576
56497
37918
19639
34407
70644
80455
41549
91198
77793
23887
24022
39324
24129
26074
47513
86959
2548
2717
53043
35477
52250
99436
6620
42554
37431
35031
43465
7727
34700
87253
75771
46313
51814
18886
51854
14758
68157
94189
40611
65812
62264
54519
46660
54965
73755
47044
77876
68581
92665
21674
49487
3942
30784
70447
42925
41195
66264
14226
26598
18029
89466
85219
77060
74093
35452
13672
32896
13837
22327
77222
18329
58765
8401
66510
4339
39796
23153
18176
72069
96575
89020
33671
16604
24544
97384
77870
19548
27926
15828
88511
25419
86998
74647
10910
55689
34939
47956
30726
6570
8522
2046
69039
2474
72374
55209
86887
61875
32566
9876
76591
50030
70351
92229
86631
79839
13058
15283
91466
5736
69920
5671
21551
30662
45924
61164
63696
63286
57616
7989
17901
55507
64641
1258
63699
76706
98163
36677
55394
76688
55732
59985
95895
62306
70060
39282
82520
42179
25890
72462
65831
26697
85794
59730
96188
80313
75738
57626
30995
27434
97715
95657
585
17506
92041
8747
95237
9263
27715
62564
26525
68647
90017
21744
17264
3429
65870
84316
87641
2510
82422
36378
76067
91360
83668
62827
41068
618
45131
74989
85467
4558
93029
94899
39243
71824
59019
41772
5597
82796
95009
83259
14183
21355
85322
84077
88137
45112
85322
12544
24649
27521
7129
38863
93590
87489
76918
92383
76935
46507
4148
7895
98335
8638
88623
81217
4370
39508
8744
56336
28441
62078
51219
17465
64359
45689
79095
72968
59877
10877
88029
90482
56734
82527
19197
63720
47362
64099
28375
35531
12082
67453
54481
26846
88502
9922
61928
99049
38414
56110
5923
89722
43187
82954
51887
98737
62905
84036
91435
45212
17611
95393
97165
1158
15014
17281
17816
58336
44513
71537
62775
66482
73176
65774
40321
59281
37754
80897
46882
48667
53617
7980
41961
65463
91864
44399
42579
5803
17511
89393
25999
36123
85308
5861
93426
62588
15265
11737
89266
81333
25561
62825
84026
65046
97777
78637
45856
9862
25999
55684
6886
20982
42784
96279
49194
19039
42435
92948
80010
53991
76333
32830
95359
38835
82826
82271
99868
2083
16082
67427
4902
31122
37322
31248
15674
52138
3947
29803
25912
59705
48078
83312
36131
35315
76443
31215
96110
16905
94436
65043
12975
82381
82951
53662
5577
20389
41123
42988
12965
7545
4655
92509
44729
40047
88215
90097
9740
8057
15676
13027
49483
48173
47201
9039
74349
87612
12796
22248
38360
28077
89354
53094
38015
10807
18959
88490
88005
72188
63770
3970
52820
40227
93258
37838
13714
70714
3219
92357
11775
82322
58202
58339
87057
14204
23016
65943
84088
2430
28566
42212
8046
24263
39027
13985
39769
84122
50441
64877
80397
77722
7210
96828
39172
15643
2691
40172
87520
28194
36017
31629
92077
74071
78274
81844
62593
1120
54802
23904
85378
18453
58032
85900
11494
98471
18536
98140
83408
56576
27164
49426
19887
35172
11262
79116
72909
39210
88802
97271
86604
57331
48762
96136
38454
10155
13447
78571
38743
98750
2687
22956
8473
98427
21138
82926
49048
75245
8643
11940
81936
5028
43877
6168
73262
16825
83777
38307
657
91211
50488
891
78574
96211
28992
13622
89456
54195
69186
47577
61776
1328
66358
42138
51763
3137
34606
72604
70467
16782
92605
77675
88758
76880
46879
9309
29689
26550
1722
46975
22857
17714
33852
63811
40046
65820
3359
61527
84575
87693
53053
16154
66072
23439
27275
204
6495
7964
43915
26109
99381
45602
72098
19420
54762
39283
21324
40198
29998
61411
19189
93478
80841
40124
34601
61127
45066
63573
37980
48673
90497
98708
29468
43773
91739
30902
36983
5676
79884
75734
85923
70404
77871
39318
72825
52507
88888
57978
28158
84426
62930
46060
24947
9438
67248
11352
84376
43134
60464
49136
90901
49282
71371
85245
52774
4674
36163
66960
5911
21906
56060
79393
21483
65546
8348
39863
34012
3038
44916
38650
352
53440
69240
37182
18817
10032
79325
81555
16603
57416
19779
75622
21543
96803
94852
38556
57135
61652
11027
69715
33966
22059
13070
18104
6748
96064
20552
99894
14702
52348
11412
92578
48360
57276
21519
80412
89244
77527
41813
39204
63681
34127
21807
74655
3617
43698
97332
39364
72843
81049
71676
79003
7900
83624
35998
40692
30929
34314
35697
45312
87957
36701
44845
52461
25150
38332
35612
13658
40315
83199
95478
75513
43743
89823
81480
96431
11757
42934
273
76883
61354
20720
85478
26401
25332
8531
28513
40915
61948
42184
45284
98619
74210
87355
84560
85911
70515
15028
42848
64936
65039
77950
92236
24202
37411
6169
89283
92562
65411
35608
54333
56497
42531
2577
46414
1812
16408
71259
7311
63915
50738
34045
68967
87739
87026
27916
42512
483
35634
62323
29610
39279
113
29040
99411
18108
46064
6782
2272
57948
22430
75889
93170
33235
33198
66874
18833
85844
98728
1371
15946
69325
3568
26278
42818
999
98232
57879
92216
67363
54348
41797
77148
88082
91954
41735
93288
6473
21278
91642
44709
52395
26176
61283
46155
84166
40626
75116
6512
47485
13364
72330
13530
9153
38976
54935
89265
70872
60010
33518
14028
44643
9117
70715
14357
21322
42768
9222
11339
14147
97027
87304
96015
42876
91412
62326
89992
64471
93456
68296
12449
4297
85894
29503
42436
26158
43998
77600
76677
96665
92105
78374
66659
63471
73763
9571
18133
6649
56685
69965
73220
13425
57127
7732
2285
13651
54938
8386
56540
80420
73908
49333
25102
16531
31246
57864
25421
12322
3712
58244
71575
73082
24738
25192
23801
32888
7688
89859
64492
82204
47307
16704
85304
181
36737
21276
71181
45253
61699
46988
33250
94025
72259
82547
77024
41925
41179
98570
8423
31731
86473
52545
25776
60587
59682
61711
84904
43984
23421
51513
197
85040
95150
82607
63614
40337
92981
22875
50547
116
93031
92191
82181
28501
65945
70705
13185
71892
21398
28264
63579
8073
69232
89301
28382
72347
65166
32946
2591
90420
78116
82832
34941
42231
26207
83612
5434
9262
11812
29880
28822
54868
92557
91884
9447
96471
92289
46109
20487
96853
20198
904
91011
60080
47371
19417
718
69658
18916
47330
19648
33562
34154
83858
42777
17949
73646
37606
16766
16786
68400
11493
46226
5717
99494
82946
49189
50098
38243
16110
98846
54862
7804
55457
56507
12575
27366
35739
53496
67678
24745
40539
46147
71568
32401
79867
78991
6355
25775
73005
21566
31570
89849
94691
28810
77290
63242
57806
42582
83626
26100
8608
33566
56967
81658
75565
93352
347
38935
44529
50723
19297
43846
37727
5537
80232
54926
21860
37190
59032
5270
27294
874
91766
3550
21704
22769
15349
91350
58582
52606
62657
57081
52823
81065
37043
24956
43025
67834
86017
59827
56597
40425
91680
1006
85461
26076
29585
46629
54210
50148
51017
79184
203
37769
72954
9511
98661
3483
60701
55138
86147
20580
24211
16595
87766
7704
16519
98803
35993
46107
140
70621
34673
79990
93631
92160
30113
90631
31868
70057
244
39910
72297
28420
77880
70508
7435
44979
29777
40294
89831
90104
59960
52639
89980
5830
62875
15186
16988
16122
35282
74901
70464
34257
86068
50125
67922
92596
67184
75596
39684
57361
14217
91170
21356
38863
63542
1786
98872
80713
72741
89897
36570
51992
96326
74156
69069
4377
22706
65304
52873
79777
48120
25686
67570
58456
1755
39343
60446
97956
25962
18382
53373
52185
43709
96581
30271
62784
42605
75679
39523
56720
35866
80843
42498
31061
18612
67524
54428
74488
15902
68214
63037
86151
27037
7125
79716
71614
58138
83174
44400
13663
57261
834
53637
39196
42449
11568
89700
94233
86816
897
74460
93684
88233
37953
71469
41884
7248
18450
27410
96858
79045
3666
48330
82368
91530
53054
1842
33639
19713
33798
67923
36238
59206
60367
78438
3916
30960
74902
47847
39659
15373
6107
45414
4416
82797
39151
93685
54145
71402
27503
55296
74862
2718
18355
18968
24581
10366
29387
94626
98773
76473
21630
5856
22714
72504
46316
97636
43838
78780
76361
95148
37553
14503
22806
60491
58755
44758
27767
46073
55605
45849
45696
50186
67809
81348
39098
68222
81396
35140
98591
91937
39981
13429
49053
21731
75545
13321
87720
41137
19987
15299
45804
97583
97690
60298
23112
14463
48446
37666
41628
91161
58476
68801
30462
81994
75947
11364
56633
49672
56178
37798
66467
66025
75815
40023
83997
1840
21674
76263
94881
11049
18144
9584
74465
64019
9547
64364
30174
58088
34246
4859
35827
10144
67304
31508
26367
36477
52956
54289
49150
47678
16180
67959
78836
13377
56035
23023
8605
87146
889
46384
16249
65045
39331
7771
27664
61181
26112
85537
70220
7607
82946
99908
14565
59680
50601
1926
84992
83092
1196
54002
6566
458
44700
86229
4642
83110
29838
16372
30030
14368
81111
15815
55776
22910
6638
8176
21
32859
10356
98952
62268
95633
56612
3825
40341
61465
3117
48341
94722
80936
73251
53031
12844
71346
7478
47741
83921
49570
20264
11791
28607
85699
9752
52984
63607
84298
48823
10481
10166
83591
57908
87088
15642
78100
56204
72489
62927
21229
48445
24715
80046
42261
21694
17674
63726
6336
49397
18714
22958
97435
96479
3920
92192
26927
19139
32451
63863
68021
52739
75970
30133
10015
83599
53352
94401
29811
84858
15085
20561
39921
52715
40849
8855
71278
80376
48750
44130
25629
12664
29452
75830
53636
15812
28630
2658
86674
29330
24717
97999
14602
99517
68655
45942
18429
98075
49602
55468
5343
14248
82276
93884
88155
80718
52957
54342
3165
67452
45480
72126
74968
35919
59272
75177
3333
11919
78680
293
81867
21239
98411
6230
4972
64018
68409
5837
983
68620
8157
16385
12192
88951
15612
28565
58236
95423
98865
26595
12025
89121
1314
66392
21864
11742
26560
2296
27840
65088
43952
76087
13672
93895
95117
81343
4048
49172
10005
30372
4680
93959
5400
12716
31095
1448
87517
2905
8838
15138
70934
87833
41984
62179
55390
94191
54097
46409
40002
5203
8645
9721
78518
98583
73212
48672
48730
31021
7383
68593
88628
95005
78049
41080
63704
75003
54657
58530
60185
38264
9560
16159
25750
55169
45380
26675
76971
85087
60758
70819
40931
24780
59070
68702
83937
17161
11695
61008
9296
77120
21076
8141
43172
11421
56409
4242
54256
47462
80466
85438
55723
43951
61332
97711
12497
51075
15972
79506
29442
38341
80190
74625
37791
2124
22474
53984
51105
86611
12591
17035
10589
8408
98856
24188
73647
25691
87319
37647
56302
97295
39269
45979
29497
51170
25417
78035
78892
88381
45127
7136
73961
65117
96128
13784
18849
7160
96289
22868
11719
79333
65980
11992
32651
56924
11170
10931
30127
32367
91286
24543
69002
23830
60035
1746
39559
72830
9868
73480
90276
70402
276
93589
73171
18632
25183
75545
90057
9484
62786
938
28976
56194
63627
90666
60896
72066
69902
1613
54828
88372
45718
12897
68328
71015
8325
29759
23495
11435
68173
94161
21094
2223
83282
76484
48179
95811
30400
23745
22409
67880
86348
28843
78911
15017
51233
46774
23422
19778
61598
88526
36092
94642
76962
74596
64359
65868
54531
9547
12381
32933
28868
91454
75393
31564
35994
5597
70617
88095
86691
55691
86814
68009
55190
77695
22410
5149
55203
17125
12787
74603
37574
9609
90474
69366
83306
24954
49454
46507
66792
31363
90872
18305
53605
86958
77849
19103
59075
55525
71073
30831
49203
80951
86295
65766
2799
33381
90111
64375
79564
57669
67137
66040
57219
53946
80152
79072
20526
24928
18166
74132
8156
80414
85655
94602
58280
95008
5596
26602
81758
72515
37967
94547
32770
63250
77181
65839
34673
74650
73752
4740
27889
62
6317
70452
39546
36030
84728
50947
72652
41893
72093
68362
72462
68340
31936
83464
66215
94799
3775
9083
64641
39857
74338
48355
76436
14292
16843
836
56112
59469
68133
1969
74356
2795
73379
7479
69607
25036
31686
76687
99801
77781
71251
534
95086
34106
55530
17138
34823
49753
64332
46230
75642
24031
89269
96725
62990
84855
47634
69842
82951
94178
21840
54020
84573
26649
18482
17912
11430
54527
24399
32282
40033
13399
7862
87274
14833
99705
33371
17268
9175
5225
75178
27182
14683
21939
64109
83049
15295
56498
33564
56114
62595
62925
27413
65170
54700
22388
22755
43864
84499
44691
85091
16365
43878
70475
304
37554
18242
50126
69583
51083
26350
28301
2781
73699
36575
92539
32151
38997
14298
29533
72515
97755
63623
98234
72491
48600
59371
12632
97133
26476
22991
73931
82718
50903
3198
58481
81639
45611
94961
95585
99574
47984
1270
36219
52199
53856
68847
75979
65421
50957
56388
36493
28461
47403
46663
41668
34036
9169
46802
89785
54914
16682
85339
16049
11968
49906
37678
89182
70679
55952
90302
19817
37996
76793
32578
13570
31954
12360
24516
20020
89509
74223
35261
85837
6923
9366
54750
90929
88829
23556
76672
41321
32985
70839
27006
28799
95851
67042
57317
37963
4774
97911
95537
63689
95271
33680
82124
9360
99860
62501
6134
75470
50528
89829
4600
18035
30854
85743
91308
49173
76780
11031
39494
72513
7775
32452
29835
66108
71226
14799
60542
86132
98855
11114
7079
10702
25970
16706
75373
51233
7360
14050
66257
62746
71140
30877
31839
28778
1442
26034
54528
59242
3456
55418
74871
1227
94306
63364
60950
71467
67061
51758
9115
59304
99276
49418
3015
91059
75502
65452
57287
69647
47396
70960
68105
29014
70523
60238
48913
47256
25463
92702
24691
80810
38208
38071
53214
67766
11142
59072
78346
23793
91999
61978
6934
11477
81363
25061
40249
19942
96927
81322
13417
81540
5394
39114
34188
88784
28163
26929
8644
14058
41671
30112
81593
12197
11251
23565
87429
30723
94290
74281
13360
13398
62095
36342
21674
49565
48854
38221
4502
62591
81994
86722
2950
52856
52851
8608
14803
94983
52112
389
93539
68396
86292
80052
90425
74018
61985
20766
13334
30588
38251
24493
13956
40320
87273
71477
91748
67164
89818
18071
76063
12939
41794
33390
57616
34200
96363
37230
32841
9976
36841
86482
62004
69132
78289
2666
6155
66934
51565
44040
7214
30148
87464
56087
43066
97343
13704
15319
79621
31328
32878
60132
22814
83851
96685
87043
96262
83135
77834
21893
95135
71560
51081
13633
6150
47583
34471
70939
48490
74965
75816
56478
43744
73359
37779
25519
21693
83059
60404
5907
53812
6809
77817
89430
81223
16127
98224
10844
15791
61031
56308
33597
57850
21003
8592
31786
42769
60087
27508
47111
33224
30458
2926
89189
17463
1205
96858
48124
34008
15980
41734
59814
5119
63796
27744
9700
37331
4057
19507
66663
48790
72870
98658
69436
31102
82622
71661
87422
4432
81204
61839
84187
10647
64218
41171
57566
87095
66631
94904
16124
28772
31705
9329
53848
2299
60596
66727
18605
21905
70289
84514
90777
54921
87434
29955
30244
25297
74700
75835
72436
54801
56895
57328
8749
25491
48657
32210
70151
92124
20734
49030
39162
88480
26032
93749
81008
82284
28468
72574
67685
63591
30040
92173
16430
56610
95147
95482
77692
64551
10471
9463
40189
48248
35834
68356
78532
94480
90684
50970
20454
63561
67634
69349
86295
49769
35397
23180
9740
1143
43701
49563
6955
570
86502
20635
41790
97863
1153
57209
75615
33236
68979
88609
57090
34329
95407
11206
47137
7047
41639
77426
47971
43018
35285
33234
77545
22856
74397
29253
61705
739
64907
80773
98501
36458
26146
34234
55334
84104
36010
39382
37955
67621
35897
51840
72009
16679
81989
28574
24677
7464
33480
39361
91928
46602
2611
36825
38787
70784
10654
69973
55713
28404
80648
66998
27526
47064
89762
88838
76153
63219
40310
11668
91930
91591
96477
87578
66225
27824
68991
87982
36317
91663
51314
86911
81517
86987
46363
11378
77473
48289
74977
27182
73086
12092
42349
21516
99636
6135
89815
74155
3507
76216
62586
96814
41703
11225
76711
80989
2206
4406
59327
55424
32635
92241
69596
33582
91745
34539
94149
88020
59564
77150
82391
6643
15800
91994
44245
86007
62480
43949
27834
48740
32093
63218
9838
52146
39121
95303
65908
6418
54636
71044
16941
71925
20063
3367
33500
24975
90121
52261
27725
94967
17943
18884
96575
91058
18214
22887
39366
39124
94262
56942
68226
68634
44326
9342
17302
34325
10299
54001
30695
81877
5105
94678
99480
12587
74877
46858
364
17997
86096
9299
67152
93003
98687
53850
63824
99134
97061
37851
19572
34801
92597
439
41320
84008
10829
55787
93250
16247
90549
22074
56727
89130
93728
44159
80450
66868
14706
38568
51594
5465
86575
99310
36346
10644
32303
91657
92359
47778
35422
54780
54134
39346
27503
76937
694
69857
44812
19109
1218
48998
26697
34764
96563
80809
82456
81082
19785
43737
92997
60402
46679
42148
22591
67557
28334
36260
17654
8785
77647
43163
49513
94321
92760
43728
82710
67740
66156
97408
31039
40131
91633
75821
49171
75360
247
18956
10925
49169
74805
35338
31888
48032
76806
30558
95017
63946
40964
16036
78579
40547
86097
24271
86236
67406
85747
93756
22649
87522
83694
35464
85006
59497
40884
21063
52714
7593
9363
11206
17900
26441
93695
98165
88827
96504
38277
8029
2173
73710
36612
47297
41572
73992
50179
13674
55824
37064
74395
79101
31147
89036
24614
13444
96604
10331
11720
93163
34168
44568
76775
35061
59771
91970
1036
21124
9306
10610
40785
52799
27020
53132
78914
18578
84780
51179
38292
86732
91196
66581
75495
95232
2754
64015
48460
73207
51107
79931
39899
17415
82398
90484
45229
21920
37229
42025
16684
70900
54522
69458
50531
3219
25790
20818
53151
53226
76491
31183
66812
56710
13515
94180
18112
80178
93707
25779
66108
13101
69888
68472
31734
18965
77553
3500
88929
25921
3319
63619
7649
14752
45779
59027
80375
88624
88992
39249
12154
94353
93288
96031
54947
62254
39170
60124
83331
83364
96696
88132
45939
38490
20867
11716
96599
11925
48063
35285
80938
24150
82037
34209
33416
57654
64545
82521
9264
68200
22816
39735
77628
46373
99363
76911
74067
27572
43865
35073
12791
49569
5542
81272
1666
4540
31671
83143
10721
26032
52694
25673
22248
19327
83663
52020
32871
15332
7583
38068
37742
48710
16071
87283
62216
522
1767
68814
52430
86194
9508
72657
91273
26493
4248
88165
16718
78081
65788
22226
44560
41799
38731
73047
34987
20483
97932
62810
78662
93886
67581
64870
17944
38964
15425
25817
92700
78708
40155
53229
77351
6953
73585
71387
93313
91299
93533
35193
4770
88143
33646
41903
79139
53181
71411
26302
7875
46729
40498
30518
71951
37084
787
85558
91273
80467
16860
52581
48529
50757
3616
54925
3882
72798
35732
91777
941
60348
1814
11518
95736
82146
57618
82488
97139
24301
53761
8537
3486
95692
25529
10492
8921
71893
54286
87151
83512
89669
43221
88613
22809
91444
53888
61084
56006
95770
3238
58057
46617
67611
46099
5687
44742
17995
98793
75738
48470
66890
98762
34450
48506
57956
15851
33511
96805
60997
44642
51373
90358
73066
82860
93349
80891
25799
14872
2614
98317
9150
73238
97461
54345
49903
88134
3398
46038
88730
77535
38304
64078
89373
18188
94284
96410
42478
78580
63134
41751
93156
82977
23526
70914
63613
73422
27266
25253
13483
55269
90212
36459
31350
74170
39580
20753
77917
25945
62709
83635
50637
64485
10679
84567
4310
82699
58152
50638
5684
64322
85928
7797
72380
78778
326
99183
10048
89125
8074
76653
39449
8391
57765
39095
98152
57278
73186
19251
75143
16107
6241
92676
58119
35068
55677
51146
16655
56715
62953
46962
56500
60837
15120
36307
62508
42809
97925
15016
26536
96408
94694
4463
95617
26456
60060
20140
35811
5212
52282
40567
99842
85060
36160
98392
32196
95782
58253
13847
67072
65413
16467
14241
8297
11282
69197
32742
60678
28658
44565
18260
19911
17593
59156
90898
3625
50122
85248
6721
34569
6655
4386
64677
14674
54888
87457
2215
76057
26522
84307
43943
14708
8627
13493
44955
39706
49923
55279
74987
39587
52454
56118
5066
21818
15058
28087
50230
75054
39193
73152
40024
92295
50772
55217
99026
11181
98369
74550
11550
89545
25799
19192
40654
83930
83120
90884
90768
65632
31771
56642
8729
79813
56670
96810
75012
27103
45638
32340
24732
41574
75600
9237
83886
22877
51973
30231
63487
47418
90001
29435
88592
80414
77202
82288
39003
51536
40802
81078
63627
14149
63726
18477
58327
9480
22320
65360
79523
32577
34828
17583
70076
2900
58944
2118
43308
45860
71652
63818
87293
13894
20873
99137
80450
12082
51194
11735
53882
54571
41240
95059
53416
40624
50517
60733
99421
11105
80633
25238
20662
9043
60774
67022
64268
97040
98376
68963
26383
69734
64446
76051
37857
30166
22
72233
294
36882
89851
7636
61552
68190
84996
18716
10663
51294
2639
51073
72075
74560
37405
41947
7609
57845
83181
5444
76921
72312
10161
30872
45037
32695
17902
6029
58965
65375
64091
29930
88773
38404
72807
29090
89939
21389
44054
41187
73468
55095
11576
86276
39671
41187
63226
5189
93583
1938
27966
1647
59498
36392
3795
29946
90441
20510
77869
39282
48820
93815
65176
11195
82499
82119
56871
94561
70045
11020
50999
76166
48932
56872
25577
50176
94603
81513
83617
27460
65100
67533
47947
87094
1757
9218
24039
25544
34630
56326
64156
12783
11670
51746
15267
50350
63583
86245
91004
67338
27782
11771
17565
35620
15151
91397
43667
80725
45991
35103
67616
68018
3571
41710
47415
35847
47312
33379
44729
43069
21657
80878
1665
98748
90271
77239
39501
71072
19731
4515
14467
12449
59480
38580
14569
71196
12572
23767
64710
22179
61969
68281
73496
74761
31146
97117
31066
22634
40601
79554
8383
25794
39053
86961
72294
21414
38715
39675
25944
84236
11770
77317
70648
46358
28040
70481
33537
59145
5479
50533
24572
5642
56612
16216
67082
5276
98412
71269
62127
26670
4021
76890
77981
7366
52072
14534
86390
15732
48388
65319
39736
99221
45129
31348
26082
73389
78193
91731
32742
40292
63423
87444
22363
58652
64061
95933
47519
34469
50750
92830
37269
39570
698
71530
99485
55057
67449
68594
14133
41632
302
97893
86470
89834
40005
93057
26440
98705
44967
64095
27053
95806
53500
65502
94381
30967
11606
10870
71897
41181
9135
82499
86179
21247
52721
85345
97854
31837
56658
6405
61338
77818
40160
32865
4676
18162
94992
23735
89620
78778
46251
75840
86295
20616
34869
41934
41987
33184
90045
15142
54826
8227
59786
97927
43387
19373
60799
52667
28496
44559
88886
59152
62138
32523
78374
36282
86746
66535
44755
34850
63190
40790
49655
1680
10075
29746
15419
92528
90413
38868
96083
73068
62556
5981
27631
19924
36514
61191
44525
60856
73863
47626
81618
70891
25652
50062
98327
62681
21915
16788
26644
9459
52478
42207
13561
23208
14384
13863
4166
39385
79368
69599
29297
4180
56788
74752
36023
83315
28620
97411
23301
39806
30308
81186
84001
96916
84398
84631
48956
90431
62733
62047
2789
31226
66441
93330
31943
8970
62649
4152
79906
87167
12800
14955
70087
80611
89674
97282
56405
81965
1954
55346
78584
48729
63923
28824
6637
71215
55345
63824
10579
91785
12678
68185
19618
41780
6245
93281
46632
16205
98349
61783
21010
1428
72351
71059
27042
42393
38013
70112
68077
95483
16719
64987
38355
17817
49765
50790
68622
47177
6168
40295
83819
87003
15863
85432
13973
62917
31616
96600
45263
60918
7542
67645
26255
32001
84439
8853
48790
9355
86797
52640
99839
55437
29506
36440
93092
1341
89267
8097
63288
45665
2257
12520
16002
867
24876
15781
93668
97934
25090
85441
18779
22312
13893
51571
37307
67673
6822
11982
8175
31364
5667
48919
651
4889
53995
66347
57600
10244
56272
9538
38257
94335
73251
4502
29574
19515
92726
46507
67273
1605
89753
2295
95374
75553
75269
69418
59822
36306
69667
29724
50547
80423
18608
2146
59953
68969
12544
63803
34306
37695
49351
20497
59237
83708
77616
23005
88159
4962
16594
49323
75124
9376
94697
49593
54617
16006
27602
9570
6766
98609
61946
38072
50915
46624
74578
91532
71
19335
90495
60849
30973
44278
68462
30944
16660
683
65636
17017
21393
46442
5855
37056
71634
70001
77845
86626
95506
84235
43437
62872
55790
71948
4785
17506
7161
94493
71437
11679
10509
44368
63919
41755
41222
13036
38049
6848
56249
94239
21432
18845
4887
99030
2952
20926
23813
20879
87432
70088
34958
32393
33502
93919
98199
27770
90985
31766
96713
35902
39358
77701
25261
72302
74422
65113
45986
68059
90177
55389
26602
83790
40016
82689
42487
25251
91711
19281
4249
6398
88520
45530
78654
34644
17221
90963
61823
44438
6533
49859
37436
53934
46411
6507
69786
76843
94832
72035
80344
73880
89773
96553
840
72367
24600
24459
45953
91747
85122
15096
95310
412
79947
84528
544
9018
37949
63036
96745
37543
85732
55163
4075
98829
99918
50295
49882
46233
25396
15350
27875
47463
84462
19486
90942
68705
15108
32969
74355
86255
3858
29470
38729
40453
65930
6820
78747
57166
94338
396
34390
31914
55271
54915
99865
86935
12462
38673
44127
39033
4479
12738
98574
206
94974
20334
60286
73368
56597
50414
98253
91555
54456
48929
98465
21568
68701
58876
557
329
15913
74274
46018
48075
17125
46931
90411
38395
41879
79135
53597
2564
76083
35278
44049
36906
53843
16940
34635
32426
39057
39510
58650
60962
8196
84214
58170
30416
29728
70562
56550
28334
37699
15118
19733
8367
29074
71629
56062
41290
65124
47795
16408
25665
71372
20992
64371
90336
64756
82813
78339
13136
89025
74972
49432
19284
43497
20606
25535
65780
2255
74148
67955
12287
43150
75934
69712
62650
60907
65530
65101
88518
87230
30074
74804
40976
4836
66860
80959
30968
83646
58519
19261
58860
10362
54038
9113
23411
2878
67143
53994
47721
89488
3758
95366
17521
16827
90175
10426
75238
57472
34129
22917
35667
37068
79576
68213
3110
12107
92872
27158
2379
89352
67677
32904
66603
17379
13996
51389
88795
52777
6453
89141
32178
15436
37199
17587
14156
31804
5925
91601
67144
7572
92062
32273
60091
48753
73651
26592
66152
21857
81831
39235
80311
44811
32102
10361
62435
71648
97293
52528
83822
67899
75132
18111
62690
37234
63559
6381
21318
32687
93288
25678
98354
95300
20877
73849
43746
31987
63602
46196
69644
73664
20096
42795
18002
13541
45588
66832
33121
60158
43938
78021
14194
4470
2335
36307
7305
47455
36096
44012
20991
48148
11247
84702
38771
37435
98974
19723
1525
92116
78077
48121
27092
41375
80888
77384
88188
23811
53508
9082
35221
76023
26726
936
38210
61436
11036
57270
36529
49379
10395
6346
44144
51279
69735
38527
61371
88594
63274
95218
45732
84879
56962
31758
81627
23096
87493
77091
87877
15666
33143
62725
28376
61697
45861
98202
74665
96932
84446
31544
45991
70455
60813
12676
51589
42235
48753
64087
7483
45985
43745
84361
93186
8790
57409
34888
97897
73013
1786
92995
15722
69234
46320
23510
74052
89531
38889
65336
93145
62565
46502
2435
69670
19278
40791
37035
48741
62126
98616
55660
74844
34517
99913
49706
74702
22221
38074
2194
96149
23098
57403
24932
95625
33288
70630
8584
82814
74800
45246
26042
70495
87957
88398
47058
34785
57557
95704
59419
17686
30105
12217
8143
92326
87915
33620
16684
36062
19259
87629
12696
99368
92456
99302
17069
89216
2680
42871
1698
98757
35789
44056
71639
84528
28883
86994
5225
99445
8333
66274
37416
88395
93648
78415
96771
77565
16924
1203
86820
91076
36453
48569
12102
98518
17333
81721
7590
2933
49726
63369
10722
42483
20178
24640
35511
88940
68617
5728
43559
73625
80861
52824
34863
81076
70025
88645
85519
57727
34762
68428
47683
95433
81025
69638
78389
61797
64661
60214
79745
12667
36665
87258
53319
56193
99684
54371
24439
5074
32789
21805
60829
3795
20834
85589
82497
91370
36726
48397
26724
16410
11038
82038
21099
60822
76220
5362
67589
71069
4789
21527
12383
84
70473
90280
13478
62636
8868
27509
22907
34534
24634
35075
72551
42888
96734
78337
14546
94165
43233
11764
46062
73157
40444
17550
37400
24447
12301
60919
1057
44173
22538
34206
44300
1677
68956
54972
5559
52961
77682
66223
57154
47555
40945
35328
9766
36944
26147
80609
62522
17940
40612
81828
40261
97817
38344
7939
67190
75556
64943
18805
75580
75753
73432
79283
97477
81312
68819
69210
70861
20663
92319
78016
45451
14390
11245
35181
81989
10306
19018
88672
31980
3467
49089
85742
39909
56315
8877
33413
148
67572
74638
91160
46473
23358
31487
5061
38539
91186
69305
7983
59863
21093
86117
93183
72021
42152
45811
57101
25114
54685
41069
37662
32251
57278
88446
4451
23157
10139
19901
66904
91397
17018
37655
58924
47945
63620
44165
8467
56287
28931
29678
48193
13962
12117
2659
94935
1292
66086
21491
80614
78915
90871
20212
39464
13091
60995
56712
49261
14699
34561
79477
37239
33879
83100
65834
88950
45334
77473
35123
76368
24620
94853
21585
51460
31380
32631
45956
75389
46249
87661
43473
82425
22931
53370
84799
76153
41294
60124
35815
62171
73090
50327
37495
13036
50793
45072
13986
20264
74697
96325
28712
89604
37786
27879
31229
27063
24708
86311
74220
69785
49809
84479
29396
79372
37183
57475
81439
45161
72370
26898
13713
15092
64155
57361
99573
90574
62345
27397
54288
96283
6522
54777
3596
83449
71896
10807
10511
67482
18087
77713
1145
97697
42984
31916
4059
32797
32150
4429
27561
90713
61360
82769
34244
60881
43773
56532
93508
8829
9485
80236
6176
90132
31848
82593
74524
1216
84021
39480
32568
4999
79376
3732
16552
97305
28255
69610
53027
19608
81341
25915
98652
36181
63021
53872
92606
40066
65500
84774
78783
21064
475
46533
49900
27272
89345
6844
12584
18657
88779
51653
10982
24368
53832
79579
3336
70398
28221
64364
89409
71778
70484
73945
15052
67975
71300
34026
42126
33630
45722
40229
61176
85984
7423
9468
20034
17729
24931
29576
45571
75091
93801
13114
98969
72288
76142
90431
19944
69862
19088
30455
54734
88616
74154
67316
11622
15143
49052
51694
74501
81313
83214
66407
31252
11384
83381
99099
62693
161
90945
5747
21005
55402
19264
92589
94833
92341
94725
99930
32666
3757
99436
60341
94779
56816
70065
18292
39447
9983
78417
4695
12314
68988
4968
73596
69308
86590
61700
56194
15888
59347
25958
15437
94802
27041
44194
35755
15871
75003
62446
64397
86077
52111
78344
26372
86137
24955
88609
58783
48220
93148
96559
18376
86361
13954
38497
16342
38657
86550
89841
21839
31880
34494
53304
64089
85942
54518
20089
32401
58684
56281
89086
13648
22394
70396
4408
6805
65252
93769
72500
58195
40559
70201
52604
61653
30366
20405
52432
38071
37790
83819
75329
72487
36863
31572
26302
37181
18509
67161
83871
34098
98151
29955
30423
31813
11303
86015
85806
15319
49852
21377
61798
11295
43989
6927
89540
64005
51758
16329
58837
84608
69924
28838
93338
86010
22404
767
45612
57905
17570
36721
36382
12660
24092
57582
31261
4080
89668
23543
15136
77622
5322
41434
73439
78982
46292
30425
3637
85097
16983
13543
1772
81422
82961
64609
83560
59280
70573
70084
97528
18288
9796
4942
23249
26482
4879
82498
18693
45496
49569
34289
63219
4427
75861
21708
68302
90345
99511
60602
52044
22560
97744
32368
98511
60115
18049
48701
10326
38732
20095
26864
16469
66347
97270
56754
91860
90765
95329
76534
77778
36690
71412
36245
76894
27962
85072
63401
82784
59386
70985
39656
14095
3793
27806
671
75176
56993
55372
33693
19738
72649
73508
87960
48308
74151
64184
15145
97049
26589
3665
78170
16149
96956
96435
96141
80768
62559
36159
41278
62128
4566
39543
68720
33753
43511
67840
51262
50065
49058
64233
27091
5967
13538
72152
39207
31057
70358
59789
34855
89908
78091
28248
8247
51938
19214
56402
38943
59639
64896
17731
49686
68656
74732
38643
73997
75145
77947
8303
38204
17760
55153
54909
78932
70384
98236
68506
63254
72959
25719
38255
18408
63261
67322
37116
12117
50802
82069
205
73568
76425
80516
30743
59827
50728
99219
58662
34445
84714
25242
13492
85275
59929
92768
85602
86549
33997
14423
96804
49116
36559
32916
16073
16135
22134
26353
20338
35326
13668
53774
56832
65659
94075
63395
13770
38156
86311
83478
90980
1351
71032
74210
91900
42998
34820
87717
45941
1683
41810
66698
37349
85623
9560
42956
18308
31609
95096
13862
12187
77211
65528
83376
29339
50665
80599
65058
56800
21933
38512
52141
61500
7517
98125
58275
10356
56611
21773
33834
78585
71336
8980
2242
34686
60661
16581
45790
74916
37295
46330
95572
64244
85279
54442
248
10069
95270
82967
89379
13683
65533
3389
14533
97503
51830
52138
15471
72733
72243
51191
2481
84245
82724
81870
8236
43331
69014
79185
43935
38302
91212
38636
41014
69672
78920
59326
24045
58581
82510
80609
81526
17091
31211
51601
45748
95698
33208
43609
38716
58692
66978
50371
50365
71659
32609
40496
32845
1255
52165
22197
48179
77167
28199
63438
78582
3593
17238
29178
25791
36550
57627
22833
51960
52013
97610
37957
25361
57861
67767
70835
49060
88590
66360
56410
69490
86524
85883
56086
83194
68247
76005
44442
62827
39972
32472
89546
68787
75535
44101
92653
84558
25499
72710
26940
41448
32788
86577
85038
89823
17691
54979
43205
10204
73572
8867
99457
82272
74232
85093
55671
50054
34481
31512
45431
32174
63681
24191
35287
68523
55
5024
83205
25096
76257
452
46831
8127
95042
62397
94583
49346
78311
53943
12074
57430
55520
54818
54123
81660
75075
222
14424
26361
42369
61319
60218
51862
37680
62476
20764
67405
65538
77187
63866
29174
62769
63019
70443
12189
78186
68998
16503
30369
78885
88135
66616
3304
55603
76588
51541
26068
79728
15065
77982
91228
86705
71257
82917
60996
7332
14917
82458
20580
91434
87962
49145
57866
43608
8640
29892
14754
84971
63478
73163
98992
66044
45805
14089
59609
60377
68791
94539
85334
25663
31855
28670
29126
47987
9550
36524
4617
52282
18353
60710
81271
89600
92216
88129
63039
52426
22157
39046
5290
40357
23437
30383
33837
81925
66911
10375
6514
54663
66267
26658
97504
63241
67024
96778
62849
7933
71922
2964
52464
29273
58342
82183
12366
38145
10199
54601
2862
81025
60076
57528
2015
27873
53383
56606
53145
96410
94639
75642
52413
2641
20227
22961
55571
96485
26911
29212
32029
81742
79089
54037
9281
52452
12309
53514
60769
71090
41051
73128
58358
35828
44551
72480
80270
90205
48711
18539
41215
18370
68877
69060
85879
4326
5896
53160
72546
93377
60052
61922
58912
89798
11420
22226
49572
92404
74479
10307
46281
17019
47189
67601
8586
17777
34621
66901
74421
19803
82097
81883
43782
5937
93110
949
73168
3299
42996
24584
8008
44915
21726
64957
81565
98274
223
36729
78852
27473
3113
23065
40626
38293
71734
1587
54723
28555
37376
95072
83276
97307
3081
90923
41753
81187
51016
34344
50161
57419
60180
73024
79638
45975
26027
12882
5202
62692
21217
8910
27950
49535
65220
65524
33593
5352
35737
59054
56039
30918
53051
3458
55018
75343
25532
31024
29352
97024
12466
67024
79377
71793
65489
14374
79640
65385
9800
39800
95730
30650
83735
12941
81324
22989
64432
42181
34727
65754
20296
25656
16039
56317
27223
41295
66339
47408
15538
40814
73526
4730
26804
27808
41179
77075
8327
89062
71472
5254
31056
13120
34913
24775
2207
9193
16575
8300
93986
96555
98577
93854
14662
78038
44859
23652
12526
248
78230
23591
76750
28826
16645
19789
60686
32937
70151
66463
96862
58654
22721
2112
44650
1814
57450
86309
87167
13600
72498
69377
80114
48341
85386
21150
31882
45053
2963
87427
63490
99126
22994
90362
96811
61121
31421
52459
39895
62633
70824
2335
14272
64681
74112
9334
64105
91113
93738
15093
66618
21977
62617
91581
93516
75498
1935
38718
13963
48323
94013
47330
66625
63172
98544
68655
67149
99484
25347
16960
95454
92043
94079
64639
972
28407
2435
15269
3669
62042
97761
29095
21167
11903
10871
60063
92888
33006
16847
65091
72713
46517
53483
38160
64947
75450
13443
62134
6612
59278
75615
3547
52335
88167
39009
45695
89520
45618
81086
43787
6415
23455
62505
86266
42007
6180
74645
70724
72847
75117
10702
8374
24684
52922
11773
6386
90011
7473
5156
18548
96759
99447
18836
65540
82425
132
65814
23013
42620
43540
99707
64788
4203
37490
14970
63387
86242
59219
5335
36138
22007
94721
40056
74622
25566
82269
12930
38843
32828
26343
69379
8814
31723
14215
86993
1152
80259
36860
76049
42595
50937
71332
78371
7099
31685
44857
17385
52053
97362
77766
65065
45669
5961
75456
65413
7448
44037
65851
17521
25334
42841
66362
80205
49660
19854
46397
75746
58812
66486
86441
16086
44797
52284
94053
50832
42878
82632
34642
14123
55965
4909
29503
66150
99832
41195
20353
1125
80182
56983
14212
6742
31404
82399
60535
12398
82329
23385
98590
5364
51972
10611
70924
60279
16437
91465
86775
18440
40728
61727
15778
11412
89721
5432
78320
40627
72173
94991
50993
62745
37009
87194
38557
7427
31974
62306
40962
84946
16865
67299
65878
30501
17690
45238
25789
44587
21577
78468
44812
44571
5650
44104
28710
76157
26246
72028
31469
19302
304
70344
18296
52825
27034
28840
40770
84131
3142
49441
29354
44589
31999
50060
5121
77188
61134
67619
99995
49607
33524
32164
72945
62694
72688
6603
93155
95257
70119
63967
16699
3408
91619
35345
3513
92431
68325
20060
71113
16792
52441
88980
10397
67753
64195
76700
23804
53909
10333
51160
4580
10762
36616
68128
70949
50530
24346
61801
3282
82676
69204
38094
13057
86417
57710
87150
51679
14514
32302
12105
54118
68053
9638
57961
44965
26798
15258
88562
80140
35771
8670
75691
59257
87039
82766
33943
62304
88417
76574
34401
78689
34451
87067
21506
85822
86031
84950
7562
74356
47880
79440
4162
57042
37816
48772
85950
86611
84082
19321
79352
6479
30127
74473
16878
51396
11686
50285
56702
9815
98783
31936
82612
8441
22296
39871
10308
82266
48467
46480
57083
32021
77598
40419
32091
3805
7264
21670
87214
54646
15315
84720
50066
84485
24974
94154
84748
75510
68714
31792
62986
1312
74776
71087
24143
67161
11627
93725
73564
53284
89041
24547
5568
10767
70184
13732
67213
22473
87084
