9715
6505
8598
2322
4191
8124
977
3307
3434
3124
4548
5947
9240
9846
9079
8743
5614
2082
4028
9070
7455
4570
7813
7381
4470
5753
3550
7729
3756
2073
1255
7741
2400
6872
9683
2395
3633
864
9760
8783
665
2128
7827
9485
8402
5846
6141
2857
515
5934
3286
9784
9939
5614
7101
2756
6327
3942
348
3075
4680
2467
6553
5037
9794
4009
4794
7947
9731
504
4553
8125
2994
213
8016
3737
3047
7747
6540
7206
6073
3991
2677
943
393
1986
2036
1821
5153
8127
8253
9937
2286
3096
6423
1561
9220
7948
503
1944
3717
2271
5902
5299
8810
3184
7047
1386
5724
4294
6527
7093
9181
552
5230
8717
5633
2517
8007
2668
5980
2529
2333
7409
1192
4470
952
5975
3326
241
830
9653
7403
4892
1330
5719
3727
9359
9311
2291
3860
6619
5217
8050
7798
1195
1347
7641
5603
2898
3941
4580
8338
9262
2244
9313
9293
9024
6172
8436
7326
8895
9768
3252
9269
5746
8348
1915
2821
1334
3334
4560
9803
8014
7088
6056
3173
1562
2649
5499
1058
4614
9525
7595
6695
8689
7041
576
6801
8350
9186
2509
5512
5583
4244
2823
4134
58
1739
3421
7724
4473
1471
5479
6867
5344
4229
1149
4741
6679
4621
5461
7910
587
7573
4086
3697
5747
3703
2701
6481
7037
9982
5738
311
4910
5773
7081
6198
7039
9603
7588
7781
3759
993
1796
1784
2585
8089
5309
5128
8272
5993
6862
9597
4000
5851
8584
6362
2300
9997
9650
1464
5603
6564
311
1458
2918
245
7372
4030
9142
3845
9824
9577
7896
314
3197
5907
168
4256
3392
5288
7358
8468
6144
6473
8193
656
243
2420
934
2173
76
3049
3209
9807
9893
2992
540
4355
9827
8578
8147
4835
6323
4727
7045
2077
4693
422
4974
4038
3471
8408
3991
9703
9013
2891
5590
7821
3204
3137
9661
6776
9163
2932
8820
4346
2122
4829
8989
7135
3347
8723
9605
8882
8296
6774
6246
6982
5776
6450
6940
2280
2002
75
8464
4631
4980
8844
9633
1841
2584
8987
5422
5012
699
9479
5379
4815
2970
8288
8074
3047
5693
5902
6554
367
6624
8418
2004
7998
7785
2113
9874
9941
8840
8468
1405
5151
758
1845
8756
2672
6990
6740
3461
6836
1044
2864
4811
401
4880
227
4132
3716
14
8226
5675
9043
6740
4076
5751
2203
4018
263
540
7978
7092
4185
8234
4028
6399
2252
162
2570
8879
3713
8903
2751
1929
5079
239
5396
6499
2753
2868
5867
9844
3859
2530
6689
2054
332
5440
6603
9220
8011
6077
732
9016
5109
8778
4136
3659
9412
4784
4467
5071
6369
1294
765
2759
1225
9745
534
9231
2789
337
75
3815
1374
8431
8228
2769
5132
8477
2691
430
2681
9694
7569
5861
5919
4559
2734
7164
3569
4185
2494
9092
9675
2375
5939
8972
3637
6306
5633
2350
3304
2342
9697
758
891
2839
3308
6508
588
6218
367
5479
5971
5702
9631
818
9602
349
7328
5913
2442
8048
4505
8698
92
1046
9756
675
697
8309
9168
1894
3822
134
4766
3807
9624
7637
7882
7481
1067
6979
9285
3912
8704
2913
2474
1094
8446
7104
9460
8384
9211
6209
7239
8503
7570
7800
9060
8116
5439
3357
8586
2387
2596
309
5485
7119
4882
1674
1473
1561
4218
6661
9656
7557
419
2817
2231
7979
608
2250
7240
2963
1580
7965
2735
4183
5602
2490
2600
3187
1477
2401
8873
6848
69
8359
5180
5486
1136
3985
4984
8759
5108
7945
5634
5587
335
902
5718
4283
2759
3730
1317
2699
2169
5448
7176
5752
313
7725
6661
7256
9946
9447
557
9666
1994
2319
9706
1721
8350
3835
8904
8721
131
6992
4675
1538
9858
2579
2230
1646
7088
9954
3011
1646
7090
5114
3279
4596
585
4271
1736
8418
2338
2343
3139
8583
3188
6869
3117
8804
9454
4482
8370
4540
7710
4972
626
5243
3743
5011
3998
9467
3001
3814
3230
8785
7425
1004
5354
2444
5302
7301
8591
9985
9120
5845
8319
2505
9901
4290
99
1062
6696
7411
448
7740
7896
5340
2814
3512
1369
2108
5508
3295
1038
1949
4496
5110
727
8470
2270
3827
7945
396
6550
3966
3342
1423
609
4700
1444
3594
4883
6177
7210
9512
5047
813
9327
4501
6204
7504
1677
1353
9628
2067
1959
2078
7501
9609
5217
4499
1627
1152
5454
7082
3221
9809
6270
8301
250
246
2537
4857
7394
7742
2688
2426
7981
1268
252
31
1770
3084
2540
3665
9623
8816
7638
1546
2584
3091
4112
5240
6906
2052
2497
1503
996
5614
9149
1085
9340
7501
9954
5721
5537
2674
3615
375
5537
9049
3746
2945
1977
1722
2760
736
9307
4398
2169
5161
8689
9674
5018
9821
3645
5213
2043
7131
1508
9650
4005
6505
8165
1742
6749
1741
6664
662
1111
9273
7047
2156
3024
1753
5825
2155
2828
7146
3590
4459
4725
1866
1748
1025
8145
28
3972
6968
9713
8504
7232
3379
3335
8114
8670
9377
245
4070
6784
2277
5711
2790
926
4769
7235
7890
4208
9837
6727
1770
360
3067
6634
282
9624
8648
1871
3662
499
2376
6711
1944
8573
9397
7753
7007
805
8255
3942
7055
5021
1999
7383
9266
9715
3674
3228
8035
7382
108
7735
5388
9652
1744
5355
6
4884
2465
3750
907
7959
4051
9405
5558
5321
6053
5592
517
9959
4155
4717
4338
8480
8503
1444
6766
7215
9371
7398
1168
9862
1773
6008
2483
935
5186
6100
2793
7168
6453
2878
8084
3953
1352
6139
2544
6826
2231
5219
5550
6069
6489
7398
4988
2477
4833
4634
9662
7633
2245
8981
8729
8739
1902
5075
5174
9320
5431
893
8090
6397
2414
312
6044
4511
7647
1198
6167
6343
9855
5624
3846
5543
5042
9153
9249
6644
8078
1691
6978
4793
9806
8545
5805
3943
9936
3032
6565
2578
7592
341
6246
3962
1332
943
2208
4488
3041
7936
1600
3658
7240
2635
2428
3340
7989
5868
3117
3592
1738
9871
6772
4206
3041
