89046
43346
12590
43229
66537
53800
78089
46744
48199
33717
98065
80560
15297
68178
83642
58042
21257
7404
95769
41546
32370
4872
94798
61971
94584
91023
54430
78692
88915
90940
29866
81347
8859
67963
45515
86820
95217
25699
10712
33455
37620
68913
25055
469
97888
40335
66887
66484
35544
21512
35333
76327
99792
29634
34945
7123
47782
44744
46871
90961
33953
34226
96177
43436
89520
40599
16762
91145
72108
30265
96294
99208
69300
69706
50872
78136
7791
56600
49100
47190
74890
36767
62130
87460
36577
46315
773
37027
62596
19191
31303
60045
845
64532
18490
45956
31161
1648
54266
91198
70894
78562
70390
7296
44206
98012
43596
24588
13048
53366
7170
28466
17141
65049
19770
43458
73233
5373
367
36517
7885
46546
94512
19657
94938
85155
21219
87419
99336
17587
99918
37399
42015
78304
8026
53986
91929
51857
44496
87058
88250
31218
90358
84408
71522
72583
58853
87894
46930
23430
58610
95403
53127
27063
40253
95381
59993
84083
57856
5803
40763
49557
15163
96557
68553
60135
36760
40800
88549
34425
51553
94051
49877
4657
87297
84058
14179
18612
84366
90946
37835
95178
86639
89677
85161
41676
35079
60154
60283
47354
94722
14157
29477
16707
96490
26558
53758
7711
58101
49368
4498
91245
65549
38059
96699
85382
92899
30826
88102
6964
24270
48203
99617
11003
9215
57772
92266
33039
97092
93746
28092
34799
4791
52625
13084
85284
16980
99378
14312
34849
59781
23735
22740
41467
21418
25713
98502
45469
21497
8011
2811
98558
1249
49992
67201
16214
69041
95074
77797
7458
76461
99012
37105
37835
79773
52620
21421
5187
73284
31216
10284
87714
7849
59514
33616
46105
73482
41607
74847
67295
93517
77523
29097
53861
40225
40781
8278
57390
4057
40169
8978
51064
10746
26718
39317
80781
9341
50413
36253
21686
523
97134
8316
27154
72391
16614
58057
96805
7618
83816
62340
1541
78636
67899
25707
45121
18005
80130
54459
72656
36776
80164
93431
66705
56218
66797
51035
13401
53487
33026
76364
40723
3458
81616
675
116
49424
20341
38799
71623
48191
2070
98067
2418
75722
89177
87983
76358
14075
40085
18986
29409
71246
97027
81574
19541
62633
59898
44155
56925
62338
42862
27712
31568
86631
54616
70182
35910
61253
88455
46212
81867
34696
21381
77449
16201
8105
813
23237
18597
30414
11257
55693
91295
54342
97872
29727
70973
30496
51044
23699
30874
85518
5659
42690
32521
91138
72845
97462
78744
16898
46031
70549
69783
17754
80276
39391
48853
92628
97592
46931
38624
94753
11012
16650
75384
91355
81145
56564
35016
10456
97954
55941
86505
6025
54473
98268
48395
86967
89182
88173
20029
51445
9046
6104
59062
26968
57532
25655
56368
28822
27622
85834
51000
26069
37051
31501
51190
92805
92454
68350
98741
24026
64073
94794
55776
32448
63185
82340
24534
68428
5017
66159
81008
99121
37304
8148
19648
9786
62426
12872
80200
93321
269
6872
63967
72658
4390
25073
91445
73688
41187
97845
85322
28022
32338
63490
97082
4945
38205
21557
66276
43604
82978
32211
89922
47324
42711
89445
13321
10990
60208
28103
83092
1573
33905
38973
19557
433
63914
19091
77301
54518
2919
3680
66568
91898
64926
86553
22343
25282
39680
91836
28456
19655
39529
88140
61988
58439
18745
62519
31782
73724
27949
2782
34234
25293
51498
35422
74707
85238
7252
12334
40663
12510
87355
45334
80168
10098
77762
71386
74191
41117
77508
44582
65067
13955
39454
13218
3280
37355
74474
53994
41784
13733
71447
34556
33939
65032
29951
47657
25606
41773
43494
67258
61863
3060
14030
43280
55053
18492
39263
19645
11691
63133
91602
45130
1293
65995
1326
76254
53133
82660
69799
83145
90956
20384
20117
75195
55241
59008
33803
57741
68742
32386
69413
47620
8658
35927
81833
98759
27888
8602
60633
68313
21097
87643
98436
8051
88661
52381
3704
73290
15895
66663
43368
8353
76200
16899
86684
87571
90402
96954
28030
88803
56389
72613
43621
6679
11510
82113
32400
65134
64252
15479
85691
95455
40663
17579
43902
52954
25633
95254
97304
23826
88420
53386
68589
91463
85256
65588
72683
86024
82960
608
45020
17517
88739
83672
40979
29977
62047
83328
4466
96460
91419
70665
67647
50804
54919
98253
75638
9765
33348
54097
12325
71752
81097
25458
11669
40406
52342
97412
39314
24027
94428
57914
81110
35541
17408
40037
39182
97400
47444
3384
87722
80518
79497
75169
88378
17900
658
87560
4946
82334
5468
4239
38552
92916
46388
31071
9728
22599
92409
37522
36982
74515
49633
82910
84887
8095
53891
79034
6824
51481
54174
57550
2576
70708
20892
66835
73926
74823
46361
43861
69636
29662
54880
2752
7157
91882
59631
40385
24135
51984
75634
17748
66451
34144
85017
60770
34863
36658
18860
57852
14351
13639
43029
14971
30751
15240
21881
79757
43288
89965
27792
94433
49039
12335
79893
75386
30358
34038
19038
27417
49649
60832
55540
64929
60478
26131
53022
88088
36775
10174
99253
65111
14722
12051
36684
48443
76561
52467
22663
10817
47179
46752
5512
55920
35199
86544
77528
95293
65711
76424
74492
20178
87510
88620
47648
9618
6043
78213
43227
80266
7351
72445
6264
78881
81101
81531
30800
40948
45430
5139
28044
60431
61402
50860
81495
96160
84225
95731
74343
61740
34156
84714
93676
29496
271
69521
42473
43310
37037
68693
14613
46123
28532
90233
33694
72587
92277
39776
30253
18013
16482
72253
73921
44913
99676
18713
58738
85015
69053
96138
72185
62087
45014
26618
18665
12689
33084
23578
62004
80089
55669
82928
91124
71919
21969
19800
57668
42981
62970
54579
63967
51014
80055
90387
44984
37883
23928
99217
99646
39208
48353
16327
59704
95578
92888
43348
57253
44843
87770
68504
28105
69079
6071
77047
74630
19630
70998
129
53068
99697
21805
3912
95011
50128
69796
13302
84002
23307
25625
42409
60794
73887
89602
61885
39770
12341
18669
69490
36533
8113
43657
82914
35024
28335
2226
60392
1276
83349
36955
19236
80207
17804
4820
59993
49863
99684
29898
71632
80255
21450
41881
11333
95902
46762
16849
66083
26786
73775
92788
30018
30996
25666
63215
50010
60648
92361
12263
234
52494
29963
55268
48166
21510
2968
63463
84221
61457
13282
75811
99489
71539
23975
53931
76690
5177
27435
45298
5200
31858
53967
9123
14064
57351
23440
66527
66634
23708
67346
6327
19796
14889
9858
29524
53061
72988
97771
83810
79128
37368
26200
47169
95508
68596
44276
63332
3253
92106
84146
27692
4425
8681
72228
60692
88616
58291
83181
29096
74739
38537
50113
27552
61277
39814
15240
85225
52876
32464
47481
68010
14872
65945
86713
82804
62052
843
57478
46663
66537
74786
95541
77337
32750
9855
42124
73344
83870
78083
558
16375
36130
52258
46934
12919
213
89949
89094
99977
80989
97950
94772
71687
2541
58561
31773
55585
36329
94156
47334
37134
27748
94052
27472
94097
80117
37617
1092
69951
53220
45948
93303
83852
49456
78624
56342
75564
46466
4411
49616
56592
71561
14200
84658
39239
16661
63628
33287
23458
14499
50766
76577
95207
44193
56863
32652
48262
41277
16079
82266
4753
64918
96687
74675
85901
40272
6520
45877
1068
26719
41300
43747
70652
65925
65588
80683
63524
63107
45277
79390
51253
65759
54094
50448
21041
96592
15230
2881
39326
4932
18697
24837
90808
92010
53577
81687
26675
21054
61975
88051
68948
87665
96132
67291
16433
80449
17360
44760
15919
88269
48919
88593
63362
57468
77571
69279
78342
76356
31744
39806
88601
28494
4491
8253
18820
12659
74547
18453
93517
97886
9401
37786
61332
14770
57269
9629
1292
68197
94873
49682
55492
51566
11894
77704
50591
45844
39024
5207
87808
2896
19584
91942
97188
72702
7606
79926
97421
26490
88966
74343
84047
93850
19821
10873
51621
78730
97514
28877
80183
37644
47675
34323
12861
73977
573
34001
72308
74019
7075
62789
41961
47814
29104
86365
81597
59720
97587
32356
41055
91954
40275
75445
4757
13330
93112
29493
79154
61277
8454
8311
46503
68846
88602
99706
43170
69858
70654
7160
97812
41805
80566
87150
52281
65485
82329
10501
31375
58529
13099
27111
75610
7485
86303
99588
79851
28570
79503
89838
20376
79679
41693
72854
17830
54486
74796
48347
45674
45876
82648
60337
5861
23340
49864
65074
44006
47094
33831
2273
1396
24509
23630
28993
87377
24990
21026
97546
20073
41487
94805
18484
18825
90404
17412
87169
9518
11204
47665
45279
35835
48959
86613
99893
84032
40456
9029
5887
97123
8643
98459
77072
69102
6769
73761
96428
26759
98094
91070
92179
28675
22910
64862
73797
5713
12513
70642
23596
81698
2495
79525
56300
20293
95922
91243
76855
39908
1595
13877
90296
17926
20557
23422
77636
33349
58807
24243
2241
67501
35028
607
37802
4634
94078
8677
73931
57157
32895
60401
50532
23463
25474
43253
74075
17350
77468
2920
34483
71451
74276
15783
24944
61291
90058
14684
93788
59221
2711
59227
58513
19538
45062
30406
39328
48117
29426
24930
95194
789
5424
27191
15215
26875
71491
48232
80943
49527
24555
16619
70151
44981
64286
45003
97577
68328
50972
97197
97590
73753
70752
25073
90991
28117
62028
82300
53307
42886
42362
67184
89251
28673
20375
26151
43134
62501
51863
29879
21420
17775
69933
30007
27066
9279
1145
57990
64178
28618
90824
65084
60392
78555
66481
73787
42211
69963
68298
78345
79320
85053
33460
35098
96739
63086
49059
19544
43007
47574
83129
971
23985
26489
18929
86516
89284
55037
35503
58634
90620
37277
33753
48102
64885
36506
3019
7466
75260
27573
67696
5584
50966
33430
73252
95314
19290
24184
33965
98510
25158
65531
86073
81546
8518
40866
93424
4740
30711
68110
4541
14313
38817
20964
85596
20649
34784
41021
8339
73349
84744
93151
54422
74176
74492
87454
26863
19900
33955
21836
39125
91805
6997
40445
28745
59636
28281
79373
1219
36715
87805
57387
61750
98828
8972
7464
42394
93887
76650
2949
96849
67544
87450
38426
82767
79969
47641
77366
56229
65087
82241
91481
95401
9698
39796
33198
63780
55498
5825
23222
30578
96792
73640
53024
68062
75909
28910
87150
2943
74686
10335
55018
18862
42198
76021
47528
61751
6826
70627
45367
96500
16758
63699
60624
11052
71445
29739
96739
38984
7979
71100
95713
15792
51018
62011
79352
81540
18116
10642
33221
10866
27925
10669
47870
23471
5698
59644
66632
35363
41089
31639
91569
6475
48512
66967
21233
53391
7098
77478
22090
48284
46766
55928
98847
26955
7534
67814
32461
83447
30462
10969
47876
93103
887
10391
29
24360
5183
73987
18178
89123
61622
50257
96279
58948
41506
55182
13977
10638
63187
74654
12686
24591
48813
84309
70010
36798
26094
55901
86703
13196
35352
31458
9129
91842
65738
79095
59894
88981
74286
67908
30965
12424
56102
40460
24512
59531
47202
57827
86983
23406
39844
96437
99136
57145
4444
49993
83521
60362
3477
1126
13173
53037
16468
53951
56271
98982
81604
94546
85356
31958
34674
45268
59723
39121
29761
17480
22628
2892
74013
41688
97622
55165
61626
57445
9657
12360
13948
91817
68045
95602
36339
77103
61721
33699
32751
17253
33596
77393
37283
82976
39392
8997
6729
21948
40639
99954
85281
87280
72412
70890
24711
42035
95057
97401
72402
26711
63585
67616
9974
75009
72122
24101
77497
42768
88427
65012
24444
66068
53915
79360
18617
4488
73131
64642
3511
17597
7958
52115
72967
14403
27
77397
7710
37608
79072
34444
71560
44009
64558
97694
40010
24918
18327
3015
66124
76459
19114
97130
54532
41992
85378
44488
57407
39184
16238
5230
96859
31455
41405
94480
9958
13441
59057
13436
74795
46943
44209
72739
17279
7597
23916
79706
46011
97108
29353
17689
4440
8109
60882
26199
76511
79386
47299
71921
47034
59738
92665
99995
32509
13852
99852
49407
73180
47288
82065
12581
26976
42765
93875
46885
25677
82666
33015
87900
29843
81210
44373
89540
88939
16519
99621
31029
9638
24709
24983
20126
15035
63994
31374
14802
49999
79775
37016
61132
95321
18894
32679
11027
30201
60619
19193
22021
66533
2226
4302
70360
1321
95374
27824
39772
4376
23314
71331
87942
43016
95863
14868
20148
70227
78739
68788
94883
49226
88631
25474
72011
45265
85063
44035
94306
94791
36343
74603
96666
93148
96447
69753
30150
15472
55773
94233
40143
50058
78592
99709
9386
80847
19392
29822
81250
93374
70063
15555
47665
18456
48306
12942
78147
32585
70576
86307
95742
1351
20230
20119
36447
98988
60364
98859
45712
18722
73988
57398
19598
46013
63114
56343
73455
50955
66388
21457
65036
87266
51783
45424
74047
31460
34657
35364
1390
72634
62921
74914
14921
41175
36029
26316
32963
24418
24148
48758
8470
86343
43322
58941
64243
32734
14636
12892
76741
73689
95332
49401
87130
81159
67574
98566
37164
9539
95300
21647
37408
25877
24738
77130
87590
10569
52073
1138
22774
153
65151
30607
65132
59265
15606
1384
37180
94519
48966
10506
71668
47761
92333
46689
35655
89979
2600
25416
20169
62838
64268
43879
59826
57840
16717
14521
96930
60655
75294
71059
83460
560
9474
78623
70647
90488
5966
72978
79533
45750
87291
988
53552
6315
27924
22283
80194
76367
57133
27395
52905
49347
33313
72412
80496
74177
48200
70208
63804
24063
63190
33197
61513
1351
88870
21796
77794
61662
59859
68204
79728
92067
44426
50689
86116
19974
20296
81199
23172
55204
46109
43836
495
17159
10284
68621
12780
2383
33087
17299
37363
64008
53450
90966
67206
38633
70793
84380
22753
70018
64863
73755
22556
80814
69905
25564
14851
39330
51104
24230
48258
90267
56278
70212
10167
41403
25567
46887
62841
87455
234
77180
99192
28372
38024
69853
79381
97096
78671
39131
1560
4331
82606
49940
56761
31710
91322
50815
63707
45829
16198
31573
83777
59501
2409
10821
89617
60959
48486
53551
28944
38681
82450
12593
97592
32615
98627
76664
14077
12319
82514
56349
93837
79166
88042
12946
95437
59791
30601
25029
97109
10958
74326
86905
88999
97841
71329
61935
31607
71661
1
61603
15138
47447
35631
31723
69811
2873
30338
96962
80241
4470
84663
85579
49697
49014
79585
73729
23995
30707
5481
80415
9107
2780
76194
62649
11909
69733
28553
4081
31170
20305
85253
66769
12065
36433
81511
59523
45132
72377
88996
72891
25090
65505
15587
64998
60519
8147
53973
19480
75346
67059
31584
27475
6858
12556
60419
67674
67979
89315
96512
63689
48192
49650
10031
84624
47939
29187
30397
44693
83119
86669
83397
60809
35163
44539
11549
68440
32477
92253
39828
86933
25965
18995
37733
20758
57766
83215
28088
85761
7508
93690
31822
29354
24670
15184
35438
97426
82762
30766
35155
18180
79631
67598
12400
4694
41694
94160
8979
81203
99279
13986
69117
84067
96727
51188
6711
81803
53313
26454
8101
14627
91089
11369
60401
12388
33822
62258
22402
17671
78893
28294
23539
14867
92868
4009
29794
80596
90350
12669
6202
39446
6816
3524
66217
63314
33773
37440
47217
14851
22207
77253
64231
34093
665
30693
59486
42676
38445
12198
25356
86387
82691
84317
94816
37111
82753
61352
92851
93573
6257
34653
24290
80004
95392
24082
24511
57419
65430
55687
91832
85018
11300
52064
56075
12072
81841
25262
68315
97334
15885
92646
93519
44608
94029
91655
67720
5792
98366
48360
24991
36106
1157
61743
24320
59701
32173
55332
20817
70229
1778
63210
27409
91764
87601
17930
68855
21696
43305
74353
38857
24285
67067
78228
92275
4931
17914
89234
76330
52803
2520
76169
43945
93109
52441
93466
30304
83952
93892
43120
84462
24672
85055
61263
40559
19060
25174
94264
4657
99035
62301
38406
42750
10271
114
4556
92145
87852
42047
16842
36746
4581
47335
76532
57906
16092
81149
54310
4480
79832
78888
59927
28796
62811
81240
29249
40710
59358
35535
40743
51672
19565
36903
35693
19507
11212
69254
91553
28890
52605
77462
63072
83055
87448
27101
36284
75676
91614
7744
26504
95318
91843
32455
13473
83637
50767
18569
4145
56232
67670
30131
59762
79254
80523
82383
29731
64373
58043
9774
31347
60742
30479
57012
49688
4030
48089
30812
46337
96104
68682
56260
30358
96823
33834
66576
11072
57606
48049
64467
79673
94117
4951
64000
9178
97761
21684
63082
74639
36059
80383
27578
71103
95601
23900
55092
97796
78273
74067
49373
85292
72649
57187
47818
74630
11983
50553
44027
67673
5108
23618
40495
32159
5541
88174
98226
75604
83217
50501
64869
57959
30268
59431
21961
82791
44492
76188
20564
14186
82241
51162
54674
10556
3078
87521
75640
50633
56527
37467
23159
67067
76841
66818
76999
34386
95826
82648
91147
33723
81779
47569
93432
30394
6877
99545
51437
84519
9876
96340
12694
69002
20894
21511
51541
23379
97454
15657
3876
59805
14364
37901
19019
19660
89672
34815
23390
83819
13203
60134
99145
75735
88588
6441
2287
22562
77455
62419
26219
7713
95673
12188
98418
28598
60920
48971
87639
63086
2107
63583
14339
19312
59990
18631
59486
67921
4179
77474
41234
73489
69091
7348
43515
92143
17100
99571
19017
85160
69678
66037
95927
42182
87569
35689
82291
77372
45139
52394
88566
33380
98512
57954
74904
86363
12294
18217
27055
82860
55503
38330
28738
85840
41312
3525
60593
19091
6294
63648
27581
36344
19368
67140
49783
2617
33126
65655
75478
82920
34347
5560
18352
57332
62327
5669
44227
5532
56991
11798
6234
9926
71639
80848
65921
19848
7097
54990
62962
6201
44418
37265
14364
64177
33018
69982
63987
16376
36461
10294
65794
81167
32592
33402
55036
59985
774
63928
64314
52544
99794
99632
7080
56186
69021
40758
12426
52701
52811
23887
54377
79784
77532
77581
51037
97676
1765
65289
30832
65895
78486
3713
41058
10095
27769
39757
53690
13700
78431
76761
96381
46336
949
86585
80675
79617
82834
50441
72694
17585
43782
30514
7323
41955
58263
82795
5544
67805
65364
85663
1486
2905
38754
40258
51049
35206
18345
56728
79277
44485
52954
66622
53608
96898
16986
1245
18694
46701
24002
13374
9546
34643
89168
54269
36214
67146
65333
85683
68900
4301
47689
47722
85222
24303
12604
54861
76829
21210
74353
56454
83074
73838
30228
17027
17086
43330
36437
35227
92739
46651
44691
71709
6342
53955
36770
3550
67720
65491
38479
97768
24927
97897
81058
59594
95531
19283
22736
3102
140
77856
6097
61415
53915
33974
8557
35697
88682
45098
66599
95078
53976
73064
63896
44428
15735
40157
17110
28435
83108
92624
84395
47832
18615
37040
70816
59543
95228
31049
28337
25333
83366
30070
61651
93298
18130
39404
3061
16359
66359
99661
92799
92825
21231
74525
77307
52098
21952
85784
35499
57371
93160
16161
76023
70623
83750
47315
84361
62709
21776
78442
8893
9623
84138
55825
8316
50896
26419
59988
31325
77463
73612
73688
2952
39645
27100
98247
44481
66136
12947
36147
85312
99460
54356
42937
94200
77881
18072
5596
65689
80908
66342
13367
63802
48974
70875
53049
84523
7051
23714
5610
71520
76293
28740
10916
51410
94444
10121
94166
22035
62341
22080
32224
82212
1615
51720
76450
44980
63151
67205
993
31868
84262
32283
54804
19651
59468
35663
92772
28171
92937
56990
88143
35185
48064
16523
16367
30606
17602
79630
43989
97363
67292
13881
31393
52884
45213
97042
53849
48679
3994
61868
11715
92259
75512
51490
74753
75037
19816
465
17920
21586
62641
13955
8501
95286
35688
91172
68408
27187
89604
60122
52821
81272
69582
56773
49262
97096
74055
85246
19279
88538
9257
36224
80644
77604
11852
3966
17038
41687
16854
42232
43918
78136
84930
24541
49926
94497
7993
61289
55171
86984
58237
48800
52540
46211
6886
47607
26534
21132
6163
86612
65190
3267
80505
66500
67729
64358
89947
96773
44342
12104
13737
13271
54055
79762
40467
11481
66177
65610
88102
62346
63188
97687
68732
7924
24482
33566
49018
51062
19998
98887
57176
13812
56136
62519
67914
55953
65225
55548
39709
76072
40573
68202
46004
43373
88910
32309
84456
37755
8776
34773
24543
75547
57191
49745
56388
42970
67928
45970
66490
35466
76094
98594
76771
57943
7472
92589
6666
64778
14221
54463
67071
84187
79099
72049
60964
16758
90345
26946
88531
49537
77031
1627
73593
53581
80391
22143
331
82604
24655
51572
8780
33409
8673
2014
33193
46763
16240
72859
16653
15367
70569
94469
34104
45996
57673
69000
28493
71609
73521
73509
96463
54305
86399
82990
68763
48779
22913
40009
74095
85722
7147
70832
62922
37315
64631
15934
63630
59908
73584
74488
99250
67054
46296
65778
57383
52483
94129
89714
98523
74516
20945
34803
21562
98786
20982
62108
91216
79822
48353
46387
53233
40770
89325
16102
33136
42845
47701
28472
52371
83290
9209
1188
71272
25343
70829
24916
70005
54221
6710
49402
33554
87007
64581
46859
24675
19516
68261
83091
23157
62405
86383
10667
8020
564
43657
6801
65671
5626
84935
74712
46863
83084
62299
94196
50344
19205
87693
62977
98280
57549
28567
99404
53764
65617
37156
21045
82929
11561
23215
12344
91585
27123
29686
60406
21952
50662
25819
74006
98486
53437
5714
33187
72552
95025
76876
21325
33937
72809
69729
11952
14935
29827
30948
16970
21092
91688
13689
97486
41578
3017
16067
27923
17420
9634
50423
95888
16460
16579
32491
30260
71686
18429
22746
52277
88484
78646
60792
36084
64600
33208
13983
60084
17873
4688
92531
87663
54420
30700
77946
20765
28195
60609
90297
10416
26884
23886
24649
31136
66094
13490
93444
7539
3246
8378
15272
46554
95126
21535
8715
71220
46332
94379
81791
70658
96869
20396
6213
96867
99668
5051
52108
69843
10277
88070
61564
51093
11910
87154
22579
71800
29284
29151
63424
24705
30637
78667
91804
65741
79729
90337
51121
26172
12173
39009
96118
52016
7795
73694
79049
68833
61547
77032
67975
91607
25617
95275
3835
39514
27158
19034
86561
585
79225
34758
20290
43674
69778
9160
79089
49992
36345
49935
30690
89218
29616
6234
22054
44406
87201
71591
74490
99308
57156
68371
93570
48461
92251
98871
32616
69677
40002
38891
79413
41663
2623
43348
73224
60037
49761
74203
29911
21360
22626
58025
22694
88438
30215
50606
67101
806
80736
83204
24561
83289
68800
96575
34843
64748
25527
29475
78759
24190
72063
44462
15950
78579
33109
57688
46715
41561
32844
19998
80600
21475
35096
97048
58437
45381
7313
42547
15686
11582
58115
5365
77864
3194
99006
26914
78057
28520
18740
13545
84254
46835
40515
2525
12489
70431
86647
43413
81019
80441
96168
36066
13778
76304
62199
19826
36375
96400
79210
81481
12596
83287
10901
66297
27475
75147
57593
50155
97481
62378
69270
26468
83062
12246
88251
89614
91603
30835
81179
67968
85675
76557
16350
58701
96969
45715
12741
43337
78863
52359
26115
3278
77668
16376
63500
51793
14835
53591
37830
61736
3424
17701
26988
68750
92480
79286
93443
11880
88954
36112
57662
3296
13663
81515
52198
99389
55420
42758
66024
98120
5025
19669
77789
84936
38623
77052
743
8879
39835
99525
95370
76186
76763
33219
37451
46268
62884
91319
25358
60541
75597
57018
8662
64248
35421
53950
23796
8137
9363
62984
49349
95380
8626
50642
83051
69422
25404
25411
45703
41739
4681
78800
79694
66300
22144
39337
90682
44514
73032
25969
47538
4475
122
48894
64828
2353
88417
8351
95574
74118
55257
90475
3825
47742
74248
64184
69354
9234
8388
61790
37221
48849
8405
78039
13719
761
52064
1881
98511
26451
15835
79347
73811
37093
82011
58846
22648
78562
50597
90142
60304
83280
33123
61367
79302
12037
20564
58722
60229
3150
31176
28476
11791
93825
11063
82843
82085
51365
71124
79441
46833
27410
66899
3214
38025
60522
10073
59127
78661
25228
65044
13460
94629
15256
52202
43471
28170
70669
34365
67843
27873
58993
51844
51814
7809
77264
11956
10689
49833
51353
21752
94186
27181
70129
85339
98067
88300
25721
15939
71800
41208
4860
67852
53468
50442
44527
53765
49907
34723
25118
46052
45931
12873
13248
76147
79616
75596
10027
50989
39527
16274
82881
59290
53641
46316
34480
65666
99741
24500
11355
6235
26530
51588
37684
66721
69447
70211
20420
11086
9355
92674
71715
21878
33262
66081
69573
97000
58216
83567
87884
30426
35680
29648
20169
46922
59449
83097
28174
46828
65127
60206
18046
99339
28610
95933
63359
17370
310
94499
96600
80767
17990
71301
47741
53912
12195
71940
39376
84155
37222
52499
3895
22625
89819
49878
75114
8229
3481
15419
88707
45333
73119
60824
23766
76991
95091
76344
22641
83766
58546
21282
64154
55205
62183
3921
41001
22493
76677
28909
48102
10899
4182
57014
930
96244
35136
36881
21614
40589
48736
58930
97588
51915
73639
18421
76780
78051
50862
96022
84259
56951
71742
7230
98140
32715
32208
5488
66237
36402
61494
32071
1046
28665
45949
12655
60320
39945
26111
90540
13975
30428
88281
2027
9547
5111
86843
49748
76637
91984
47350
32132
36148
11157
45213
81248
90865
12216
44530
67204
49091
33176
21775
67216
81870
58315
95500
2388
7127
86802
48474
88844
8656
83055
70941
76646
74002
60975
60291
29437
5496
99932
7132
77268
62729
91379
96775
71339
24257
57632
81457
7235
38750
69791
99273
81458
29231
78862
26363
68277
75464
91103
84722
27341
89433
22260
73949
32268
76266
85243
93459
99568
64777
86747
92315
46182
66088
2520
94257
35177
20238
20722
59996
64441
62755
40987
12583
16897
31830
7712
50127
49321
27414
52566
39991
15504
18529
19909
67076
56666
71599
45718
62971
8480
97056
29339
41433
63093
18169
47513
26281
85305
4188
23492
30996
64859
65522
92411
2783
23452
17757
20965
52982
72998
93858
46070
76225
36919
13452
88910
4511
81356
2787
31720
89516
88110
15852
13768
74512
55604
46290
39556
84406
43652
91026
63121
57037
73032
73821
96446
16995
52965
7213
41855
25481
91971
2262
77910
9386
16265
83830
56847
11430
53835
15036
38263
62248
24366
27964
81448
19342
44885
86704
56429
35340
9661
69733
69196
44368
23095
99434
60409
47588
74769
80073
92589
27655
34860
8589
71281
12689
83822
4802
13620
78355
13015
34764
5898
66466
48104
73536
64925
94004
82062
11420
45056
61669
89883
21721
76888
85754
9283
83587
21237
1985
86536
64105
31327
8183
54752
90686
77017
34946
18714
50564
8962
10325
69835
26195
17538
91251
41558
59993
67037
18622
40528
3270
36841
83820
73666
93381
9420
9758
10556
19496
70327
58125
64031
8285
66710
4023
98237
27030
86051
81464
29799
82024
72450
74643
32174
60706
45392
65967
29441
86136
96622
52775
89707
95510
83087
53202
16368
37536
47203
79528
70165
927
76083
15355
87412
84079
84260
97124
1169
85120
40065
97264
13364
75936
79892
66340
19043
45516
5795
33564
69219
17842
39218
50693
54794
48775
98991
61567
33153
24605
20828
76717
40635
96015
12237
56954
68121
39942
84629
21935
14205
25011
91251
72091
58602
75553
77365
89559
31048
47976
76250
19099
84987
78847
92964
40603
35996
92504
61423
34357
62702
5153
20680
99043
42644
20977
44585
92797
93313
79416
98775
69528
24804
78241
79023
19368
15632
75586
34864
99759
8693
86076
86719
22874
51315
85429
87000
83299
40313
74503
7977
6673
57225
58518
16691
77552
50589
39576
18406
30174
36488
34300
76632
25413
66353
54820
5126
40039
35075
9550
11882
11091
27089
61094
90312
56116
42170
62182
56006
35842
96391
71269
31962
97206
28045
43478
75782
23573
36267
57956
9162
41170
45461
53270
37935
81665
73404
51636
6198
92815
58839
95571
46128
86047
19074
81289
89105
20212
39561
50225
53428
86476
15861
28214
8775
30441
11353
58891
12968
35269
12674
14264
92723
94423
55680
19052
33078
52569
12405
3122
4728
95161
60564
19386
64008
20458
43169
92606
64050
30104
36162
49342
24900
55258
24143
42166
5440
72286
67847
49338
42018
72347
67569
33457
15690
2121
29627
48595
14405
20532
14429
20322
80433
60740
71612
39589
64925
65545
23140
37606
18634
27169
97812
53157
6631
55681
79841
65259
33592
70266
97257
29463
74948
78136
62936
34242
15204
6153
70401
87759
99185
63501
16106
34142
99733
26756
2215
45552
37604
10456
95514
31722
11903
92145
58012
81188
19479
34325
79501
39977
71432
26693
65449
35930
53196
67567
88743
56913
13983
97572
1071
67550
4849
125
37721
89568
27518
94602
53501
7779
41733
69727
46427
7917
28653
86963
62289
36886
3098
57478
34346
82230
37999
72937
47218
27859
86737
39012
96584
53721
46591
85503
46345
22808
59809
50046
98555
58675
82153
52663
83775
4535
58537
28476
78000
61565
58212
60504
70083
57138
95219
95017
92897
50774
38826
76706
63391
6604
68686
26959
97793
28841
37966
65677
57102
50717
7559
65802
1479
1039
64547
57017
82540
19052
47281
32661
88290
15985
91391
81826
10817
60913
18637
78861
51568
42800
57686
63569
60595
58766
64445
64378
7113
13280
91062
4757
65022
47848
811
98309
47030
37772
41604
29986
85858
94074
77702
45780
35489
24971
81754
93130
92014
17234
7871
2991
79957
24202
47009
96869
88770
45432
27986
16951
79454
71824
11929
6092
90798
77818
71667
92061
51990
19262
17081
72065
80400
36809
18250
94558
26354
42913
21259
92692
6162
29435
73397
43795
15974
30261
84615
57303
81388
26053
32353
37239
50813
85113
11868
47086
47283
94507
19843
24252
6872
86931
165
63913
20742
73328
81934
30633
70962
99609
3375
88731
94170
65041
45234
34406
67025
15480
6741
42844
9565
54909
71423
180
59443
13017
3996
96696
18452
7752
67865
99504
61466
81019
40351
65619
90515
56322
75966
65002
66227
56139
18626
12240
19728
33736
19630
56656
40136
21517
67384
68713
90515
47367
41512
98787
2030
29866
19812
85257
77449
64463
9227
41213
42707
53484
96890
71193
35735
76524
54252
13176
8552
66940
84414
11085
95037
30984
20140
61325
15711
35307
45751
37795
72295
35868
81011
66286
69400
69940
72009
15585
14318
64769
14531
84717
45390
25706
54806
56947
73849
93861
21215
70903
94898
39811
34245
56013
1750
83518
24452
59156
84314
74075
46150
40783
99654
72168
82725
86372
96364
58220
69765
84203
23948
72294
32284
14624
5617
65400
47115
59015
20427
34030
1271
8796
45571
56215
35545
83346
1771
92449
96878
87837
19987
99147
85535
56088
18052
80898
51330
62563
19368
90973
89893
81855
72464
58911
11988
72072
10697
90774
98650
25245
41314
63139
92572
72400
89027
25765
28070
24398
62067
23713
59426
92765
50089
54460
75374
19818
76421
17096
1176
22429
83474
19588
94499
92606
16533
17000
61642
60456
24315
59120
27091
25947
48406
99532
37852
1159
96967
14837
28407
72677
10250
85
46328
76300
92775
51515
3125
80112
24125
20983
44063
13407
45242
73357
63990
68431
28081
28063
22268
33712
66090
60100
39530
25138
59133
93403
34223
11731
34103
60724
14262
25906
21357
58018
42176
2398
63619
29227
5666
90235
49369
29778
71017
40592
42354
17877
57237
20556
69665
6211
12683
74636
48847
19896
49833
44500
27515
81775
4965
25034
15458
12707
7579
64234
55886
2127
82677
77448
62302
56221
1588
73574
78522
1624
30662
249
69173
78477
90533
87922
68272
48285
40612
49687
5455
126
19911
80809
78601
54860
66192
90778
32780
16547
92189
62912
41681
66863
44449
45269
50823
37037
44173
59595
71104
58929
65393
69321
14448
48019
8463
76706
31494
28419
70087
48815
97997
1842
17241
47384
81048
87110
44883
45252
55338
61149
72408
61504
14689
96467
85619
39515
86122
7720
39369
55553
23130
67696
89669
93567
72319
18972
5559
10393
4387
16873
77940
80916
75721
59977
1178
33251
7445
50055
47918
19692
38691
2392
67007
73081
4694
13863
72006
88378
69333
24156
16118
80608
49460
1678
10477
22519
99705
45323
61130
81388
81770
49508
27675
34823
77651
84258
95679
53364
71150
45130
1407
12485
71983
28695
65763
20893
54838
69877
39626
73400
62024
24138
81978
60561
65944
4993
92268
49929
36728
25294
42807
89398
63638
4752
56436
50725
6910
59069
34542
55182
75909
51023
82238
6984
92104
67734
84494
6411
61131
96894
66127
30959
73114
64120
94554
4121
49619
64582
81308
47333
11718
39443
71312
17362
84510
57579
60603
43902
5915
83966
58523
3615
28634
22701
55639
92545
87982
21838
35175
99474
76703
61876
83834
54938
12761
4426
64847
17187
96203
97088
86495
91231
37193
33739
99582
61333
96707
61724
1024
56819
93887
41563
58781
54354
95217
78507
13665
14507
40882
21902
25717
73019
93165
95197
45548
53119
50959
8018
24526
1433
76433
6898
44518
31551
16741
99272
87884
66387
22872
66169
48308
82374
2984
88563
92715
86594
42315
12510
92852
83560
63614
45018
94369
77640
86295
70353
92195
62197
25120
69101
5105
33768
5256
27397
20187
59327
1216
68157
9742
6695
17356
5277
2583
28797
84685
40385
17286
23017
72091
53767
68180
64621
73020
31749
53460
44935
95251
85318
17294
52268
87436
30114
40648
78972
9134
83173
16975
92718
56594
54629
25729
29531
99605
2975
24808
66790
39595
76106
30154
19096
93947
72553
98506
87323
63197
86049
77009
64779
89336
53833
97599
32146
23403
41194
53321
46487
54590
8375
96003
44137
92698
87023
47015
23725
87046
89272
55060
44616
77819
29372
16566
66172
59493
20758
33194
41136
59784
68166
84502
22320
20333
20494
29102
11502
57947
39887
56340
64923
69933
51815
92036
77212
5897
55412
63036
2813
38727
682
3268
88528
32145
79750
2963
76097
13581
58208
69256
36376
31468
53673
56220
9898
60378
45806
88326
1578
25075
42693
69788
28577
47753
46326
88498
92395
46848
87009
20424
27103
24130
71377
19650
38197
39264
64341
47054
92124
94400
1965
62201
33650
45148
1629
96773
68985
67380
89618
30544
76062
11543
54710
2668
12645
2581
56905
39752
59962
96490
61324
99630
95972
34228
6268
98717
18071
63542
60261
81042
33237
20299
38491
24669
28490
13071
39554
4862
50187
95615
44644
41932
8411
73086
13112
21742
25635
26799
93427
62374
69832
90893
62986
60596
16579
57555
96605
90689
48442
32660
93095
72709
62047
22102
4469
571
69167
13171
96765
29022
49809
81280
25503
19644
11375
9941
30605
41666
99151
10477
37039
7699
36619
16927
23289
57532
95918
58887
95342
86596
47585
5549
51658
55256
38964
52103
96686
42594
71429
31986
44408
8479
29256
97339
94883
99801
48753
56797
11121
27309
18306
95653
15043
39650
32454
18419
81692
93468
74578
71941
22710
22402
54217
88691
54035
27559
79443
43846
23810
26506
64535
96133
81943
66057
1670
75637
33362
42832
33312
92679
38532
88001
38636
35843
96981
73375
59995
48314
42548
21045
63727
17478
38040
32715
82784
96182
83845
88721
30204
29397
42563
78916
18342
3553
28794
40178
99124
33520
70288
92482
12729
70936
51115
12833
46383
8802
56290
57247
97341
54369
94019
10657
73335
20330
90793
71101
54425
85717
68201
84284
98839
72999
18303
71219
77411
47827
70863
33978
47235
59107
72575
29352
88450
79252
87401
49423
57595
36035
69095
14671
43264
50875
27700
1048
49866
91181
42376
43755
34837
77645
61887
41120
97600
89644
89643
37367
37208
58332
69987
14383
28316
28672
62257
16250
67645
54591
1703
70059
34770
98385
55542
71500
7705
63086
29844
3200
83589
13031
84688
43035
87227
45291
67457
8192
83571
6074
91381
79404
75031
96969
10021
53957
96538
39830
28756
10635
60846
83096
96389
46769
28495
17738
7393
60013
71922
79070
7300
5764
57035
87451
78652
42923
12574
99278
48980
29362
50203
42320
88831
17580
42341
49276
29536
73050
28348
29636
62046
66386
76656
41131
63097
50272
32555
67123
28345
93894
24085
59526
43105
83026
67590
91043
62603
9961
7638
63783
30919
54515
75951
34697
20437
49001
7797
81320
97139
85311
92902
60829
67912
69981
87876
6272
25667
53351
62331
12668
5926
41608
63192
3995
67042
88138
37578
28872
67739
98308
94330
68624
88827
99125
3852
77260
11986
9658
90814
43270
19147
90
67424
70160
98303
35297
47828
56185
41922
16648
86118
59385
11175
4782
96095
11988
69111
90862
18456
57260
94349
31892
4660
89152
61703
77888
6927
31826
95544
92018
54734
98101
92469
36390
75053
16433
81780
25533
57717
91557
46771
47852
15976
42490
43166
12433
75675
89713
92381
11065
8397
68053
26046
48256
97230
76197
90008
17507
94415
52470
97905
78061
16470
82994
25462
80701
83114
90799
52120
44011
12539
53001
9489
74378
55304
46179
78053
95123
69068
69609
24817
58767
66495
78305
59967
62741
47745
69449
66253
63943
46132
89998
19886
58840
37585
64
55403
56671
60681
12593
517
12293
5463
92223
77378
8827
60438
52614
53960
65440
61827
603
32879
49626
84400
88292
49018
44110
43756
78496
78905
79107
42776
13618
15986
38897
18806
35455
75715
90644
27937
73814
31341
64491
70596
32186
76578
73921
41341
99421
44130
16726
30264
64386
36474
75655
20823
58785
67980
93586
31181
92635
982
36881
92007
96138
23177
20312
95110
94122
72719
19415
40029
30226
27195
78134
94974
54034
73618
48241
70258
25116
59962
82036
24513
25176
80789
48441
94534
68995
99954
47192
13062
15223
57691
15673
91956
36519
69810
77394
7096
73608
30020
49266
54049
95478
72019
55088
33603
98458
48881
4299
5451
68163
62836
35682
16876
88493
88503
90957
38227
71563
19146
42503
52949
97282
92331
4785
94506
71005
10022
30135
41755
65245
82908
34240
69761
18052
38665
26858
28909
35817
86624
5947
94748
28610
41384
92680
21224
94047
10903
13397
68078
96898
83091
79839
62461
17698
84009
12181
69698
50835
27435
65242
62287
55231
70091
10686
86413
91139
38431
89479
77720
13783
51182
12013
42823
3844
43855
48735
28233
64226
77190
34234
16239
88731
28183
94447
68719
89275
34
46387
82708
85873
63661
63223
75772
299
46221
69210
66239
63526
47306
38251
18397
43359
25001
69053
48256
25229
76606
85967
56011
9762
54824
94969
76247
91918
41473
56886
33403
97783
66185
11942
37640
82889
35102
88271
80991
84366
85982
19270
7079
1828
60948
31209
42301
4532
81394
26523
52794
38730
42111
80655
63467
91148
68704
28624
77068
85485
42523
11529
91442
90229
18335
27350
58300
32058
75679
89751
42174
88910
53020
87980
33561
93433
7048
71332
44505
78125
77313
35835
78792
57438
53640
38234
37461
46598
32724
20823
40649
6964
9080
93119
35835
47488
70225
42594
28719
90855
11112
1614
89141
84489
29063
58314
66457
65167
97929
67390
54003
92197
19067
19339
38511
44587
32689
91174
82513
43589
71160
54202
39293
69377
38212
16401
75260
72451
10465
92259
44318
3498
23467
18705
58706
18982
80488
16297
82020
34111
91608
42156
14887
48595
46636
69472
1008
86387
75309
83036
11267
90507
23010
91790
28674
10871
74643
72917
62410
70543
26445
34161
68822
32026
25132
91561
97536
74985
95706
33729
97614
76355
13543
8862
77930
95351
26021
87905
44172
10911
62113
33870
76212
72837
9368
64754
39328
80132
62932
84274
33230
77824
17059
28574
32192
80614
33870
64184
8977
22055
22008
2772
67438
92954
46009
55388
96703
88651
84768
64029
14594
96480
82866
22991
20877
58715
5399
81362
34600
15261
29975
81131
66639
56494
97966
14029
98379
19402
84003
11253
92107
3924
42228
14469
76436
47845
72410
80195
36854
44181
78172
34778
45269
23194
41546
79105
9758
3391
61178
28241
6581
82653
85048
92723
54854
77847
45067
65143
79749
97437
41947
36081
13095
38102
84486
17732
48071
81400
82242
52007
17126
84236
28267
80555
98667
55276
42049
22078
18554
84631
2315
61775
35203
64465
23986
66825
3794
39105
97488
41499
44099
64828
68124
58484
73368
16773
94731
28068
39953
13971
86205
59656
14964
70668
90009
41668
7800
319
17957
17104
91656
6304
3837
3323
74901
73276
38190
65064
84608
66962
20138
38534
4877
56411
48025
32472
76130
92864
36025
50817
24174
99003
57581
13308
69304
72432
52037
32785
61288
80455
50717
34456
12519
4662
58120
68373
62453
7870
21723
87689
44694
76101
92818
63109
6443
75787
51804
79345
66843
73169
28102
98319
64509
71860
25494
39506
61582
33194
3548
50180
71423
74583
30383
10275
82931
44746
32755
60005
16949
20970
31482
69832
58960
89567
69609
70307
42114
47126
58389
74356
27225
62478
72964
85877
49191
74516
43979
15741
24087
11692
51242
44571
70277
54096
36616
19105
59442
20590
42575
57409
87698
23164
26024
46578
77443
1974
2813
63340
81775
43770
59647
74902
82782
83677
78063
17500
17123
12328
41532
43515
7878
43474
69926
39607
83254
48611
82321
67406
70639
98814
80642
18974
59124
76275
62121
93394
22344
29696
70287
93848
42083
95545
65779
20741
78269
63132
1890
44552
62808
84994
25474
44603
5159
51329
67085
61619
24941
14685
79244
67605
85029
4276
32068
81611
87929
30698
49579
96959
47481
67418
18257
45077
41121
88030
73292
10664
32793
47977
41064
18639
39513
70184
48387
58332
15094
92952
31929
14327
82798
58166
90095
94632
85864
34456
8891
36739
67499
40695
36029
64343
31520
90319
74821
5783
91375
60718
52198
56464
83826
65654
76922
98187
47473
75271
33252
36744
23092
50634
57956
25495
77754
11704
66232
24211
16397
5471
23109
32085
78060
8841
64282
17070
65751
1296
57512
70496
75944
68419
22084
6849
62594
96978
76917
21510
83282
8158
76160
46519
80499
61555
9667
66590
96752
87200
81468
11583
32858
81922
76106
91603
21166
52666
74105
1955
22536
57409
71865
37895
26498
7557
84908
93968
65940
24620
79406
17028
7562
51282
44302
88326
33513
42796
32368
18600
44604
84860
48854
64622
74654
98035
37779
32578
35256
43408
56915
55417
37386
61204
2736
50073
77250
48302
92695
21398
5373
60242
28869
60724
54912
64939
45677
44780
26026
34377
82933
60620
66727
434
56236
1377
45987
99389
7881
26071
66234
75359
64371
88992
96021
57277
82035
71393
68738
48241
23506
64948
93405
87542
7381
88133
87799
29808
93930
51590
5914
30942
48451
74636
70784
92349
91945
28599
61016
13880
10936
63273
54252
43465
93196
50891
286
38797
23876
53092
27354
2350
11784
32279
26675
74899
62070
9245
56420
20712
36442
33740
52363
18274
56915
92132
98379
97668
3268
34960
61969
68329
34446
63519
36102
71824
1357
6120
15241
81008
38384
22181
2374
36255
6046
44409
57178
54184
85032
63176
71245
8674
60160
71701
81176
17289
1232
4954
66233
71426
54587
93572
20855
90413
6626
11852
71704
73808
82672
37800
13970
28823
23176
1305
49359
26077
8326
88203
81358
2225
78843
29940
8195
23818
25704
4555
49434
33011
48738
97884
71534
99758
15106
39449
33570
93293
92019
4341
74078
64794
9540
55540
33028
21497
89025
29385
36693
85323
66458
57120
66728
74133
41028
31996
20639
10606
87228
30524
70377
94046
64847
59711
21109
712
34920
82552
93774
75601
86207
33141
3365
52370
24461
60648
29155
34819
84749
11683
42511
16093
86273
94630
64892
45226
71780
77353
5935
35735
51803
79100
24274
85127
87243
21895
64195
59362
53364
9865
20411
97287
45907
21695
77850
50068
80059
31450
29416
42005
14476
44762
93261
95320
96024
13243
71796
15817
32463
42258
75135
40030
70864
35185
2388
77424
64632
42661
5376
74598
21090
37204
86315
84719
9903
72533
76622
14340
69267
36081
80975
93138
46681
89337
39466
99434
34656
15475
7021
54323
45812
50318
58107
88244
17378
87677
77209
88825
40381
75553
25098
95994
64190
6122
80513
30839
84801
40297
69024
46257
30986
35022
98302
19996
63065
91212
80354
86729
958
60086
46211
68727
97984
16183
8138
71692
97103
61179
32040
32095
70630
96510
58297
81222
54114
91063
44672
14468
91895
96410
41234
66645
17591
52618
88861
39948
81975
95381
99739
81391
10520
14605
27236
55310
87487
13072
83359
62337
17946
95712
35202
66789
8015
35073
3453
91249
67064
24550
1338
90025
78459
65385
70790
23838
86841
91769
24819
74948
35616
1848
77252
87019
37445
58792
89565
44087
89618
84179
30626
37614
9857
5994
30590
73682
56668
90572
84959
27409
6390
62730
20767
12771
25531
61276
80663
70215
24295
34330
89579
54282
13515
47632
51953
68663
56269
77072
60380
11914
57152
29149
49080
39916
79790
31241
61624
1468
99099
76366
83753
57108
95517
1700
38212
22800
41387
27379
20090
16398
7138
26930
4391
36366
43944
67104
45301
82432
23116
7272
76544
71212
93432
72893
22797
92781
58557
74172
67583
91906
88945
21715
4866
45283
32942
5026
46449
18291
15744
22557
27063
69671
89291
97131
4587
87315
40951
25239
28210
80348
55433
37162
23089
26690
99983
81082
88276
37338
53229
80101
43233
34520
25167
94036
47302
84486
10685
25863
17031
91139
75540
27160
33980
48891
6951
7011
38935
28389
34949
16867
38620
93920
23955
71546
58
7503
3793
85132
96856
21380
9726
21287
32621
52838
76103
97244
83021
71395
73454
41553
61241
90703
17664
82556
34463
5568
99648
2081
94595
25326
94932
15499
32205
51636
35543
58156
44764
61105
15675
44893
83132
59350
85454
99496
47450
7996
48104
67465
19463
23256
12786
59726
20155
30533
62925
6993
88991
90418
29519
61178
19867
27104
3788
32073
55261
74810
77213
78601
23480
27351
27179
96650
49562
35086
72103
31020
6708
73977
89721
35545
35051
16193
13352
79875
88126
50302
68444
39757
83430
26231
81358
3496
88825
87433
32257
62454
19354
37433
39782
73625
62560
68127
14629
14783
49503
60084
12846
49576
54231
56570
49950
21906
82154
86034
87142
65423
48112
2037
35467
17463
74209
13753
21235
52320
26181
35485
3302
45533
11869
32137
36373
98473
41426
87562
68130
1339
96644
25893
75549
81357
86827
77854
82627
31960
2639
49902
39083
42632
90761
75786
9916
10630
40649
37193
7756
95750
32538
76421
72790
28070
41960
90294
78290
65695
9783
1329
10107
59867
36829
38567
12649
58963
86745
59111
59583
68107
29021
13050
79552
18311
4328
24149
58594
91935
21679
2076
62697
12286
52342
65492
2622
79883
88823
9380
84771
50529
9743
18290
16535
64455
99183
73230
20981
39650
94273
84445
14582
30807
97088
91285
10679
71535
84556
1915
91712
93957
50748
99842
48975
79974
11294
90522
81796
20944
45687
85858
11959
54669
51142
40719
94485
28599
18017
10490
52639
73373
97195
20633
67076
49656
75930
15383
95664
32612
20561
7598
85954
65527
48780
97441
17027
76446
42446
97462
72125
16751
38045
5637
28050
13766
1559
56331
91867
35837
67430
98407
1626
57566
2517
66149
35882
96868
77750
22466
39264
47818
83970
36244
90667
39405
48627
63805
43322
35764
53290
78819
97542
8496
16138
94589
96757
27531
7513
30383
6032
99675
59845
74903
67185
62222
37455
7542
60048
64618
91893
46204
40536
17354
88899
20618
57493
61796
26869
39976
90533
96796
87186
15593
74783
15426
74786
6761
36698
12117
27210
25516
71873
92683
76497
18407
26416
43905
69312
53689
27693
29931
18822
72112
57162
91929
9915
43680
76551
26819
90913
54224
87894
99189
92019
81255
32138
21060
38001
86575
26930
83425
75543
81054
68294
87659
960
25168
41526
47838
38438
21818
13982
17252
82124
80479
69301
35627
35299
28074
35629
26467
64024
37073
44585
26227
24329
83080
49666
35212
36520
14979
10120
56595
66065
30695
18616
11774
70617
67579
49757
38171
50522
30369
66572
27897
43654
43412
86492
91906
5577
95680
25982
35821
90505
99367
93159
23679
87489
18985
84564
63730
70271
4906
46853
59863
70125
28701
58445
8511
10899
42536
99710
35669
77888
20119
77411
17165
3265
85923
93593
15865
72988
30672
82718
19344
66508
16338
23864
24970
37128
83677
25750
97295
65416
63374
58040
58910
21896
39874
36030
91801
32720
74493
93214
29044
72033
72001
43613
97576
88344
24247
51980
25934
57118
86073
35107
46423
34615
44360
326
45257
57955
11466
23129
8734
93286
40363
88836
92664
56128
74886
78695
44842
77737
64684
5259
34135
80766
51322
40424
50789
11971
44115
9214
73363
40644
18892
86839
9170
42851
20960
69787
41278
28948
8635
69755
95502
10385
1044
90040
11396
20613
41650
49184
15658
85036
12976
35572
81198
24960
15845
18761
14088
32231
36535
70965
98137
77543
33750
15643
77177
2707
78290
54318
42052
85257
81974
11654
79613
93336
57110
65063
16792
67869
9019
62458
85746
39509
97520
27233
69459
7809
1481
34277
99497
87750
72928
82922
59235
30042
96597
10738
41855
11510
24218
73696
61352
55421
84228
52122
39224
25048
59095
66646
84602
71408
47389
87237
31809
95404
33977
70782
51950
33350
41066
43106
86191
86500
10032
75945
30881
90709
64663
53849
8363
93047
59760
27035
17512
27006
94522
76778
45502
61027
56605
99884
79104
89065
8996
59558
72204
6440
79812
27832
73973
85639
1656
29582
68192
53251
30903
45823
28054
69135
74219
90910
92516
7290
77841
96092
9065
82686
86674
10979
72359
80328
19004
3588
42789
12399
81287
54991
44357
37960
73747
54936
50614
2393
4950
60076
40653
48664
83967
97421
63701
74730
37552
67314
47187
70777
44171
46253
17542
47593
4872
3189
60054
34785
7573
67598
71965
18189
75899
75153
10808
98728
34862
80150
40090
89651
74165
47975
91151
85599
84719
53059
85165
79261
65191
62654
62098
20014
21012
44430
85853
96617
31250
41213
51169
34533
45203
1574
11472
38844
71112
44746
85711
51612
31051
96333
76298
88472
5762
4983
24961
27116
14723
2419
27706
2219
74152
95989
4356
85312
66772
87150
35017
39487
93712
32381
72925
58966
93808
17474
18055
5057
98299
74003
86522
77589
95140
69567
20476
3553
76907
17255
24817
94232
27493
44211
49229
15647
34659
44886
5718
57335
97679
8725
70319
36353
33262
45921
77701
35990
27616
31264
51874
81608
85805
3845
66218
3422
25016
73122
66659
60208
39596
7196
50854
81549
93803
39247
8675
42561
879
33434
46212
26483
90325
23273
84616
70343
84321
35472
78511
22289
53447
95398
60017
88842
51641
56217
4939
76976
17101
87090
97360
69234
31208
31036
52281
56909
44939
62506
25344
41689
92556
69559
24902
37784
23969
4718
16236
49626
9999
57374
60459
27298
68765
3114
8388
12218
40568
17718
43583
67747
92814
56468
16602
73453
44733
83298
11620
50044
53234
11674
89692
96417
29687
13024
55262
25719
30671
10377
4352
98890
69869
46579
32455
85302
23502
11310
39055
31463
90028
33681
90274
87473
71807
31036
52475
51251
62008
4230
40063
57260
52313
2923
98209
54820
36704
18526
84636
30153
71762
17099
23798
54932
32915
65707
71646
33308
73625
82794
11007
82735
39769
80862
57148
68410
77021
31790
59166
51739
34238
89248
40464
60767
49224
49468
6219
40956
32701
46475
17486
54369
65003
70502
6280
63140
8336
47979
7519
44307
93085
49943
87734
47571
19809
8993
24479
49798
55898
22189
86733
70973
63968
13227
582
80400
2303
53607
19929
79315
81507
64630
88978
93254
21519
26506
63067
44626
52626
34490
58928
20911
31994
73260
56787
65188
85615
78653
48269
58902
78818
97869
81555
67689
24273
80095
34011
39032
74055
28220
61056
78873
86761
39953
19520
53079
90385
87761
88406
44289
68207
56156
95226
3507
25404
56806
89409
98032
85495
71750
23124
68321
3807
33358
4613
67616
76907
98035
43767
28987
90605
58775
61696
95990
40636
47252
56064
69578
98135
35847
98648
58533
47553
17100
88115
24622
92655
49610
50036
11431
57298
3436
88076
78061
7648
15400
97424
88564
68966
79945
67861
39945
26456
59457
17009
35439
42910
51265
46921
49049
96434
40460
42845
16523
96434
55755
22304
65507
60917
44626
94836
98734
48132
52270
72169
89008
64340
30350
36558
28075
24095
67445
62
82562
73540
58690
34294
43317
56771
11729
62119
78714
72610
44833
23115
52201
66660
20255
91541
67873
82679
46095
32708
25307
49389
59067
95187
65247
71261
1077
36069
89937
53545
57977
28461
90660
82737
21100
75992
1069
95977
49087
8957
61826
82181
89991
17385
50394
975
31741
19029
81645
23637
88409
99289
99463
52646
25710
42481
64101
44400
6949
79986
61602
50159
71060
33410
32398
35413
98637
15477
37659
98425
79894
9803
54175
44313
11660
81648
6636
47267
63034
60130
64042
60270
6619
76126
8787
43571
86019
79932
28267
49560
62316
20127
54495
70991
60001
87953
13879
28621
30170
62399
3800
80540
2420
48381
53961
76969
26238
755
933
24558
65498
29750
68380
48503
70932
22556
78540
56953
29243
18875
45320
33239
20258
10195
61933
15071
493
62425
8880
69499
96176
44873
23856
7140
10357
56636
92146
9053
43431
42370
73260
7843
74605
67051
20252
25589
37678
88294
61736
22118
164
51804
77643
11403
21895
64148
47787
13390
81354
21258
38983
76348
93903
49991
11220
62446
42564
69706
35666
21881
93726
69936
81077
22968
85845
37903
18976
86673
57304
32119
40507
11850
27458
5718
52768
53320
8112
83144
4999
7585
20373
66494
63119
59817
52967
38675
25228
38799
92472
26966
45097
24700
7315
56741
67612
191
11334
394
70771
57431
68735
42118
65023
83010
34200
46447
47707
16826
76034
9577
55528
33284
94493
95445
3538
9373
65751
40290
54392
43652
40336
13500
24628
65875
86698
49913
38330
12051
19526
16284
57729
15067
83908
15373
88604
48190
71727
16898
77672
97520
2554
59295
12847
73487
32168
84693
34914
41669
78998
39517
71581
25970
35762
37610
46608
99481
6625
42529
73001
60912
47614
54855
26331
44501
66441
23832
84354
31390
89529
34451
20759
17318
79044
53463
17670
65686
47904
42031
74195
66054
14118
20804
48012
71602
37372
11571
27115
17192
99303
9353
78969
97554
32810
36216
50515
85494
6678
14263
87533
44012
524
41320
65254
91032
75328
1598
29520
53439
31596
16183
85572
12040
90207
442
76149
24323
61237
4570
10142
9121
41658
13147
28904
72892
30101
51662
16065
2171
94707
64786
60890
26104
61084
61876
12800
45429
89609
46935
88877
78819
62611
56506
58281
3185
86438
73515
30816
20092
31917
62238
67639
30639
22920
19459
25802
90675
17989
70677
98047
57984
95956
16702
60634
52097
30049
11385
78572
76700
94081
8662
78870
20655
51663
21024
53164
53168
49000
74298
55332
35958
83420
19546
75440
30369
79702
32278
98766
70119
21960
24449
5470
83979
37211
67786
93199
61038
1564
7278
9267
14803
3410
36867
11806
90590
87938
83452
15822
28181
40479
10836
31207
47283
31527
58422
79310
96417
40130
18528
45665
30343
8874
67387
22082
25201
47900
79215
67600
34135
50263
53391
74762
5888
9268
60516
5699
34348
60401
30364
76789
90322
78144
33189
50538
86427
17563
19245
77740
43193
34109
76708
15003
95682
20316
13387
90566
58393
95621
77825
8674
5971
14628
11484
91571
47233
96542
28823
51162
74816
72365
63669
47233
69279
64663
28005
87991
24852
94793
88652
54125
58423
98899
7038
15444
44231
50509
66246
23530
60949
98731
69616
37258
4871
57915
77319
63128
20958
37639
9560
3391
92846
22098
54557
20855
80157
56712
72856
29907
39035
71698
27678
6142
62656
14793
11910
44420
91867
92114
14627
93115
38205
69361
18480
9993
35039
12731
83490
22409
81298
80165
11172
25716
91079
82815
154
24803
6517
67345
20436
51857
65199
60069
33180
38457
47357
9731
14337
85629
89612
85367
93712
47446
85669
37131
99654
27584
20155
15188
7324
14753
23197
27331
31137
80970
15181
69118
72599
61299
2913
34776
95709
88886
74662
9509
64594
7621
47795
27020
33001
70592
69308
70329
35397
32237
95235
43809
81816
50211
53922
26853
90825
69878
41830
32989
21417
11908
54971
36661
66842
17331
94149
97230
90586
16249
34827
47722
11012
24416
91868
88627
86549
47441
19580
56602
56614
63216
15444
7488
70761
25292
81966
62930
24494
80761
79253
29687
5963
34736
73619
12554
7119
26674
48246
21267
10817
78160
27432
58433
68585
25872
24324
22725
62839
29953
70329
40039
40891
89609
99195
42864
95092
42733
60307
37107
20633
47391
44112
30878
40491
73255
10624
97660
63574
68866
18397
89798
86648
54930
47319
26321
82816
79952
64057
21106
6360
5333
21718
40119
61152
39870
44802
3250
10029
85198
54121
67901
89957
93341
45945
86463
51791
930
28946
54547
62976
63565
52534
36757
96573
78037
13634
28184
66038
38061
85994
16762
48299
54210
38837
50883
16039
50210
41806
43501
23406
25730
35060
63456
51349
14453
85776
83301
75972
24486
32176
69128
91312
48240
52562
18819
44893
10218
27724
11062
6023
27041
19103
44365
39807
47806
29155
81197
9524
43370
12837
98819
78237
10515
79825
47096
66840
89362
69994
5785
19804
65483
53526
73908
76550
68474
98696
21983
59616
80467
97333
286
70663
69541
18713
58050
48858
20631
65425
51240
47770
68058
215
85767
22936
95453
89645
2713
8645
29071
70172
28113
84222
755
52893
41011
29925
54076
87456
62012
72411
86104
52388
87772
85129
15539
37511
54949
26823
5721
50031
82161
22997
58242
21845
32385
82016
19760
5377
98212
22974
39810
43667
87814
86586
5373
41795
36361
29396
29433
60568
17036
20011
29940
89216
79454
70105
18928
87453
23952
39972
58518
16978
3217
10725
39805
43457
37539
16342
9661
59138
34549
24961
42797
69995
30486
83266
79553
97370
3622
71290
71595
24828
10149
56295
45623
85351
34252
89215
68215
12151
49703
389
93261
84134
96383
8324
56623
96484
74619
87186
83701
18278
19221
82816
64904
90884
22197
39325
95412
25218
5683
76990
25086
7953
43294
27634
80006
93100
32511
38497
91326
68876
33472
33205
54084
87771
86799
24272
20072
96962
16403
40764
29795
87188
36378
5210
31061
35234
24138
81292
82050
81642
61700
85115
25178
9134
83270
33574
71252
10404
15686
15600
56807
91791
94686
41258
30783
32609
58037
75486
50871
49936
16876
3666
88295
16858
47200
76361
80527
24004
72818
82499
15297
68013
70789
43976
54138
34229
27399
7554
24267
80996
79051
56827
22433
35503
81960
13196
88542
85804
69764
21683
57527
44359
77366
7224
60024
5589
86275
63184
67846
50832
42148
54077
73638
53431
13779
18357
33870
40797
26047
18047
75242
90933
15617
22078
48204
79331
71624
43049
90887
43226
41508
35031
22906
8818
22208
42450
54723
34192
84877
89299
82359
74709
23281
60592
14609
67613
19004
93319
64008
56153
98220
22071
39945
99066
97715
81718
49487
77251
69131
1194
59927
4054
55207
18945
11314
27059
21575
31492
69890
68412
87807
38667
77313
84620
39515
71716
30378
60628
71535
75786
41
5888
1865
53841
73448
92018
99752
41573
42919
82889
37698
8476
31550
89057
38355
30259
97304
92801
36216
60842
58219
88235
38282
85491
93631
7584
85907
41808
75748
30820
33107
12352
47826
92894
36465
1960
52030
53602
65767
63483
58564
81403
81778
46380
55793
35731
1720
61910
67996
3802
55267
73980
73758
16531
86199
78917
38910
52787
29583
27416
69899
89491
78034
3833
61726
37356
44428
32828
91538
52169
25726
13458
65255
16805
27477
11435
28048
74934
59945
31154
45990
46651
75850
25027
39722
2404
57408
2224
23443
16965
63900
18918
46827
70476
59211
63337
69848
50429
207
47893
19696
31987
15735
43291
6068
42507
74471
85598
33687
95660
48278
24905
88648
44830
94687
80694
84126
89380
20302
55082
80453
20595
90718
61681
97210
98326
9180
3064
39013
90033
69353
29823
205
85157
20684
68232
67070
10363
37677
61766
71938
50832
2493
49080
58413
18483
9916
64348
10493
36853
52975
8341
82603
67118
7964
54659
52345
32567
41363
42801
97133
62251
4469
1341
64665
83403
21164
27267
50544
24913
9219
25933
85277
67990
24137
11133
36766
78017
24459
40770
2248
23526
82908
63557
89939
8373
14919
11758
99301
65766
42594
53713
44677
94716
47480
33502
28500
76970
52374
79180
34743
23362
68281
77465
61027
76615
82067
95078
4924
54684
35129
54142
49131
88846
61557
39825
78160
67549
52166
15989
68367
40759
88111
39146
50570
79265
36337
38372
4600
25974
84083
41211
58934
54777
15135
42753
5324
66383
6330
11360
21852
37861
37587
26335
16307
41182
64010
45818
79648
28885
41891
45819
21326
14436
29758
62003
63776
60365
50455
92282
85548
16206
1761
3886
75853
55730
54090
85356
66283
51370
71352
15437
7143
42784
41584
4105
87598
34470
7262
77659
16361
26410
68245
27220
87835
58784
45309
8917
39858
21353
83948
73826
280
60776
81969
28331
74364
75526
33409
35499
91496
52024
91731
74254
62386
92011
38644
51209
27508
99357
47659
10287
70934
62140
5480
99765
59624
61504
69029
20159
18756
78895
21376
89949
52752
39541
17506
47841
86496
90578
93140
61107
52159
18709
3132
28396
29847
56725
58139
26626
9527
69318
64931
91291
73489
42084
12538
80316
36460
89910
7081
27658
5103
60640
27121
48668
86905
72442
72203
95931
88121
51029
11606
92005
65706
96955
21489
7791
74828
7980
96512
80618
73442
3936
96543
64801
60009
70209
76203
71979
31222
13006
71839
68729
18991
66604
46929
15051
55970
69385
54813
65792
34762
12351
58506
55784
22612
39836
18239
70236
23430
9637
18011
3774
88181
68044
57200
21015
91530
862
20136
57197
3443
89310
99524
91
54744
16023
89234
58341
75027
58118
5258
64460
26435
33646
16625
18210
12097
76384
13601
97425
97365
24909
3446
44300
50037
14614
23516
73096
86240
36439
16185
36324
55648
75289
6034
41450
62298
60139
43808
13391
60232
85962
89269
33920
8986
72526
76184
48180
86449
73152
25799
83323
8580
93154
51089
40736
75362
96549
71189
12791
1293
68264
80002
19083
29796
77633
2910
67301
61507
87860
25228
99152
21259
51093
97287
56566
79020
13446
32110
63618
72002
71305
91631
78448
94090
66938
94141
11971
40061
9678
33678
62674
78356
22078
31466
24062
89397
5809
44515
54378
29266
15351
11135
84287
38728
81559
44963
65744
16928
50671
457
98946
85814
42344
7454
5876
4528
86121
37235
27267
82182
54844
45912
11100
88085
97901
80889
53599
35577
70801
10548
21898
74811
61200
7965
90028
73558
68101
5679
37775
9256
43311
63401
26891
89505
86596
39700
96689
81642
15402
3668
19449
60399
45048
94611
34100
33674
81643
41869
25175
67453
15699
68731
62789
68184
55020
14315
20773
43744
9232
3106
904
88047
3463
36152
10546
24020
35298
11757
60520
98505
84391
12707
20952
59052
33445
56363
29155
75042
28968
60968
44379
36996
86397
32541
92761
27913
43428
54147
36374
63373
85543
35658
88748
75369
34066
10803
9400
38107
3243
55570
81299
96292
54276
10785
52773
32602
33786
5192
59432
16298
6082
77209
13242
64099
47078
30147
39198
94725
16211
81655
3549
23726
24440
26219
51728
90641
82294
53470
2971
86275
62729
13568
11928
45515
22847
30024
73126
19355
97882
79007
65891
70656
17911
57158
96829
90644
71441
27034
52755
53015
59392
90910
51198
7688
38429
73692
94567
23472
76750
31142
71850
42564
18684
27395
21781
52256
52520
8782
51471
6916
36803
35573
9838
34514
15207
57781
80063
94829
57486
52855
6496
50977
57265
25565
85790
70235
19929
62813
24297
54837
3498
53647
45652
85115
80234
76787
40659
64880
62481
76608
97015
69724
10583
22081
92202
301
68220
2864
63615
60160
36126
68157
71928
74038
88610
44964
71164
88551
11385
96377
48453
81514
14095
11869
71228
61347
84103
76894
2027
67562
97438
7522
88851
65167
47300
29898
58253
1284
27921
19789
12870
11163
59319
25172
26634
9593
62810
16601
75810
9776
8398
74303
61924
55248
81037
11186
17323
61197
80367
40557
95360
51140
85127
69595
77524
63905
99969
97850
25794
79802
40168
9116
74190
71680
59110
47202
26886
17953
54852
21715
4618
41016
77843
36108
61202
98699
74848
50611
36290
7682
87416
62711
6518
4626
73729
52198
81998
19677
34336
7753
31603
38366
29117
27240
46711
7810
47704
8948
67082
95467
72864
91716
37953
96909
33093
35647
26631
75313
44083
61198
85952
84376
50051
58445
72611
5292
59423
15060
10522
95380
7511
63524
58170
87913
18745
80115
65198
54942
69171
