15394
11889
11499
3027
18403
73161
34883
83078
5374
21294
22058
67721
36653
89129
85688
94750
46826
87960
48558
73574
41968
87409
85121
61940
68514
97399
47512
40329
80995
50256
41043
46067
67761
43195
82807
56949
86428
90494
42415
37465
56902
18038
8785
47840
33213
55434
5266
17786
82718
2091
63319
10213
68126
17557
6692
92614
20033
56125
10392
70426
27597
87608
80925
94699
2291
5918
8639
20336
3042
19589
94094
91312
27741
79160
90823
97103
11579
42940
23863
86854
7527
85549
18846
68625
16667
61899
51898
38444
96163
74334
18710
52978
23419
14962
3300
17292
62250
46007
17618
33434
29103
5932
80535
68741
3078
1340
49355
3611
5795
18190
98964
85258
25498
61964
19417
13840
79359
46943
36452
31346
65729
98287
89782
9398
53170
79098
12045
38911
35060
92761
38392
37411
88371
25295
92373
68827
35624
1612
88191
96047
6847
17779
92427
75933
66264
70572
77452
54028
92247
66664
24910
8354
89895
67429
75056
84848
11220
41125
27895
53262
9836
24629
44031
96409
15533
12480
61022
70717
43594
57177
1758
83943
47905
14958
5876
22316
16548
2571
71140
47170
13544
64538
85517
84122
84315
43891
69212
5814
24092
34784
68831
64905
94772
30821
12244
10205
68654
53905
98754
82659
87138
46177
56578
48830
52594
92882
75278
69503
7543
31173
79591
62494
6844
50901
15904
58514
8509
56922
50662
10133
66623
10161
63045
41160
31046
28992
81085
36062
37443
87402
15436
27679
26954
86102
82235
30705
97112
67699
66479
61817
44963
26455
14496
77568
21427
14132
16417
25650
96775
23549
99164
89019
3159
28984
70509
70404
36733
996
32080
80440
3568
77439
96373
67683
85924
23159
55731
87966
38092
68336
76745
46114
53898
40220
37096
44434
67016
71793
24056
62624
32170
37331
52257
88869
92209
92157
89089
28510
53775
13736
53975
28636
82689
47178
72220
62655
11188
62868
78275
25507
3176
60238
16519
21034
15511
37936
74795
73784
60271
30917
73356
2587
76494
12691
46847
84597
43925
48729
91786
56285
81277
54779
35097
10845
84507
27072
70987
58066
76721
38218
95586
72012
30844
86585
73126
19276
64187
71182
6190
96194
11506
42621
11956
15251
82696
52110
83865
10300
89492
15309
58898
35626
46570
1839
3134
5898
6349
84626
23513
24385
21924
51470
95111
53654
1771
8387
44348
95956
76592
92603
17075
25216
49560
78149
44455
47437
23078
46954
6397
5089
11523
53529
95683
74005
72066
62723
31912
53676
63441
51081
17224
69644
68326
72685
25308
8557
3817
35065
12175
37143
18486
55410
30749
28716
17854
90262
70145
45780
69678
94560
17641
25833
86572
25833
31164
76204
5114
8357
40970
10501
30393
61815
61494
10547
61455
8593
57264
57091
74473
61287
44070
56309
94177
31305
84505
55258
36937
15476
6122
76930
26909
89243
5835
11367
2589
96994
50645
17018
34585
24195
74585
95793
96213
35777
77826
36647
6375
10629
27201
78064
94894
77191
18706
17756
43860
56498
10698
71782
63251
22723
57556
29393
20472
55292
65432
46701
70181
59180
28474
76656
30743
62264
98573
72502
76999
76078
91371
61477
27921
543
65546
4618
19883
52788
58232
87347
51781
39543
92888
17312
94758
88745
25431
38385
48375
53965
30165
61862
12083
13797
39586
42910
36879
78910
11991
75211
48378
42004
31858
92261
60080
88148
70574
27676
19172
87621
17966
32436
1487
10291
14576
70817
58393
62953
12509
75959
92631
72330
78132
73598
41191
13035
52007
8062
72872
35110
53685
51618
62869
10803
56358
41775
42049
62688
10414
82031
67050
72970
96698
68513
78607
99442
45333
28420
41087
73079
35217
53976
84042
72639
60730
45055
63811
76488
8367
45988
60110
56546
46157
84565
70044
90365
48659
83771
64597
14419
97384
47172
74033
94862
90400
61937
36167
64739
68500
4880
54464
58878
59499
54041
70179
21066
53455
82317
3896
65707
77460
16546
79679
18185
35403
88351
36816
39751
78250
1270
28789
90433
31845
10156
5142
63197
25576
90483
28714
24975
93846
30071
22845
49060
224
52843
3360
87458
17248
75659
44160
32527
87888
55971
59372
39651
88762
58231
17964
90175
67409
40164
833
97218
75241
9560
95035
56869
38811
52069
69697
31342
75627
95380
84703
83644
9324
66768
2548
28958
11193
27882
78291
89381
64965
89285
29426
88107
56344
55353
61925
41088
46483
54706
40720
2194
9569
78600
37273
65463
7528
82378
18819
24578
44691
81469
96543
29706
23859
27616
46551
6959
33055
26190
19551
15371
54815
93245
33945
99802
91384
18833
57556
90314
94267
44413
4503
17133
60981
47847
98151
30062
62698
4104
67220
64655
84351
44265
27345
20967
32581
95586
96940
98896
24489
91774
86863
10783
36448
18563
90753
31302
11239
7283
75325
33274
83344
82787
27442
92156
20106
76160
36267
83201
87998
3176
8214
52695
3264
49311
90112
71273
11382
97492
40544
39227
42089
89557
70177
92696
84195
46734
42813
7059
95271
32593
71034
25695
18488
19399
88661
64907
92152
35176
36713
21056
45981
65866
44234
69256
34506
10402
53666
18533
38811
40982
860
21124
95211
22848
25362
75120
12108
18134
38089
59917
45208
96499
61899
48479
37406
35645
87471
72436
22023
83726
80407
7089
31409
63960
66315
20752
41970
30876
29121
88659
95423
14684
4301
17686
22447
92900
15069
36502
4952
70039
30876
5358
95469
30447
84805
63495
49010
18597
71918
80835
46354
64797
61614
21021
8898
51571
22008
6319
80069
99260
64195
12823
20360
2268
78914
59150
49257
46035
21877
59947
79340
84549
91738
91953
60434
11904
12626
31562
86871
95291
14060
99854
54418
12233
89551
687
67270
33952
36871
41037
75620
84623
66079
58528
38989
69383
16254
18228
54432
34116
46752
57311
72800
89760
91009
78459
48662
60222
1777
32702
96110
76765
44046
77409
6678
75961
75318
75340
22159
57523
4225
98446
20283
28955
40357
50943
92226
67042
62813
47551
79126
70131
2513
79391
35534
89558
27035
70662
25790
83504
73210
83301
79299
18674
58731
69425
840
90573
25600
81062
63975
21824
1047
17406
39893
35800
13525
11216
49055
13400
42411
84615
40822
71940
94189
39414
56060
38440
79759
9532
31806
54133
87391
72238
20001
46120
15915
32133
43046
94141
34258
5316
78556
79639
29459
18489
61049
8312
50094
14852
79448
53394
56197
70637
38348
81290
53579
13959
61366
53183
34514
89340
98061
80362
52789
28903
80410
85528
95227
39649
38756
71162
71999
94212
51710
21486
27700
96050
19815
62287
11386
23818
77464
93471
83681
98705
51944
10694
79828
14607
22778
89019
36945
28194
78388
31200
85985
43370
44420
40436
76010
80932
41640
13
88491
36042
7560
70663
86832
98576
82857
69680
82533
43537
46427
46930
53206
58356
91623
45857
98626
71102
12041
4765
76834
33106
73054
22539
89767
5076
76470
9769
23875
97721
32417
50133
46920
81335
75289
55336
37062
24577
56147
56014
14526
27358
79489
21498
907
97120
94432
80462
6196
26124
54020
87105
34187
1328
79238
7065
53405
65225
37234
46683
93086
82812
295
73884
72843
24318
64762
32688
396
25445
38359
38947
4011
12755
45277
83409
63365
55758
4312
55504
30812
46800
47495
24223
99041
75480
70813
32873
74223
83013
53335
30821
2198
52320
10984
84414
22178
60887
7637
15767
81657
86967
86691
96518
65410
31513
66449
5691
19766
10086
48009
80277
33405
76464
68272
80759
3510
29003
30407
1945
14020
45800
39862
72352
44641
16364
62166
31856
18183
7795
35237
25093
16312
93447
57894
3172
48268
64921
5028
72455
51250
47825
64547
20292
89189
20357
49886
27391
73045
96503
54287
61822
17222
33676
857
17876
84899
12047
82398
2510
2435
95013
69160
41258
1990
36931
58681
80387
49821
67626
92410
6526
77242
98727
45170
52668
56546
65859
80569
8611
49829
21838
98927
94024
93488
7323
96949
23761
28589
84790
54962
52702
30413
96194
13449
76952
13673
59820
2273
16556
32664
1669
78065
99105
15467
19628
15593
18073
75356
58299
1972
13748
38915
47362
32254
35617
54521
88617
11749
43201
11554
58886
24408
87920
5193
66053
47642
54666
70222
84906
58197
56199
76422
41409
90550
1615
74285
9598
43328
28819
80978
63628
8708
57877
60730
99898
11540
43369
901
18485
2615
7516
88784
74810
33860
93910
90481
41522
38479
60452
28071
81607
70112
87139
98961
25821
32804
7982
18857
85568
54995
88742
45747
97958
10608
51381
94538
46439
74576
83786
85321
34261
57233
82601
79605
97961
50032
75431
49683
71473
90925
49382
54969
92547
91628
26097
87393
15576
40402
54862
41198
77227
85971
95362
90775
57384
53460
7885
96944
20789
36174
43018
88094
95011
86712
90766
28570
22806
62803
90096
70499
54284
16547
5399
21954
10379
62590
38430
98620
16845
6765
79776
80439
90203
92059
39554
20481
59892
13202
11053
8431
5066
67159
54292
38749
62173
83089
31132
59979
84674
74185
49118
40599
54444
23521
99607
97402
33873
33522
33763
28916
16418
95978
30704
72445
91280
27347
81680
12850
66829
60106
50390
61374
5016
62608
47589
91852
98648
80415
43028
26522
85053
38908
6308
13178
13443
57167
18140
5717
31028
73527
9928
8803
81517
48737
3138
40669
21997
14175
7339
12333
2050
22043
53581
71953
41611
30265
69166
43836
47032
21498
98370
57953
19175
14064
26063
50541
43121
72405
21921
1942
17857
35382
35583
29019
99072
5366
63981
44414
55953
13535
82189
81685
69785
77173
3429
31280
15830
89330
30985
31598
66589
39261
50420
72577
11022
51538
7043
25938
86079
6605
43408
34491
76090
98900
11032
39167
73384
25507
98209
16545
3722
55304
70568
29783
43452
34706
51533
42160
86665
48273
20999
29793
41764
63615
222
95457
81589
86348
18224
43099
40718
60087
47649
67259
96097
42970
9652
75745
45374
33243
63410
85790
35443
86434
86772
64103
72361
45934
10419
59631
59853
47104
44608
75930
43514
58258
27130
75458
33375
41441
87418
29270
77194
48179
32427
84311
77506
76536
77523
38131
68951
54390
66165
6566
96171
13382
22611
13469
28044
30229
44108
54662
19697
53187
94548
19368
95689
37260
80554
84927
6963
59073
74257
1527
81841
16764
81566
30498
15610
94858
80146
21752
64385
84716
52864
7753
73886
83993
39638
22151
48633
42859
64755
94727
94423
84009
87457
67508
91218
3714
56362
81211
51929
71504
46037
58231
64349
63060
93292
87660
48047
14065
44824
673
96918
80447
89695
3005
64218
28298
50484
20643
88018
76332
95225
53372
55293
62382
24919
55128
4296
49433
98314
71152
91712
42422
62131
44810
76649
34776
33009
94690
46639
61125
24200
17541
52927
14815
22296
17016
29547
45681
14223
24442
10644
1934
77590
51989
42295
98472
32730
38017
39416
71531
37895
56171
72681
51197
53284
65828
87570
29119
42748
35735
6087
27933
7058
87650
22609
88647
57725
94426
49757
70652
12461
56385
99531
71374
89601
86394
15007
54983
55199
63770
27241
68071
84805
6154
15775
45308
31623
9359
58292
18123
67977
96104
34746
87251
7942
4767
73631
78827
42855
29763
13714
52515
87268
13429
49601
18481
64409
34339
67516
71418
94837
75481
29489
55056
48971
26630
22179
57069
9763
76109
10117
72983
46450
45843
59635
94019
48130
55416
54089
83405
24688
16276
16099
23856
75556
96729
63317
84052
88365
38797
92806
39700
55456
2679
20593
66201
6685
53158
9784
7629
66356
3014
86681
90677
96528
82543
67868
1025
78792
53507
23800
88814
63091
74641
74431
13470
49049
44543
63774
8382
81622
90095
97396
67459
95515
84507
35270
97098
37432
95126
96607
87232
80887
83622
11253
14985
77254
30620
32688
68108
96423
82491
70767
79329
34380
81335
38228
16177
3694
71676
3863
15626
88038
5464
40580
38800
70254
19970
80038
81741
47875
43483
82168
63303
71802
19349
34329
17975
8109
73039
40770
84758
61098
56809
50592
47670
37908
56825
92469
96372
16728
45582
56814
32579
23729
67381
22252
82230
79300
35296
29366
45899
70896
83957
90666
93777
85400
45725
360
80301
85021
82293
8155
59510
95118
96482
23193
95701
3422
95785
79906
46415
81953
40246
56022
95369
41225
93515
99512
97921
70816
15708
3855
64210
5993
96254
73504
30158
95690
55963
57385
6704
90833
5646
58701
7832
27674
53201
93654
67939
58857
4389
17175
12068
30483
85020
2098
88477
73647
64274
80073
55582
90228
29763
35548
27740
36585
26190
57625
5204
46757
62753
96612
45948
52777
74598
48758
78714
12940
24573
12779
62606
99442
85501
92275
96977
98553
46305
98623
43501
99686
71773
81066
75784
86832
67845
57021
70394
22918
6031
7074
89475
87072
60576
16084
65917
37188
71267
33609
83453
84121
88252
23211
68197
68606
53042
52419
10538
1224
79351
37108
42439
24207
34313
65624
94718
89117
83541
34479
20100
13601
98852
74143
52395
23740
86134
18425
92521
11237
85978
49848
50099
703
86621
54755
12703
93464
49176
11708
63206
43983
21097
85525
58868
81078
34388
29897
14712
92330
66438
57855
86163
49616
39750
42951
78070
36504
83839
17392
96000
96292
59031
15193
81407
52538
77151
81279
58855
86123
8942
59503
57035
33423
1243
61084
57246
50570
53421
88447
53562
37879
32493
98779
54706
63484
32791
23314
93053
49378
55381
31070
31038
58021
83786
1358
20836
73380
11930
95935
18049
18703
73400
22649
30494
43813
38984
20464
52621
23272
26977
83033
33969
97108
10122
40778
68014
26594
44912
96393
53134
26350
59669
38167
51991
25388
11743
66585
8106
17625
55591
6842
46914
9752
35163
21567
95041
82019
71149
73277
43078
43921
24922
13725
18039
24082
20351
14188
72991
86364
8414
72168
25799
29341
30467
2640
9588
81510
83961
51305
62521
46839
98622
12334
9872
46329
27153
38958
86342
96462
37219
83280
52548
45502
92946
17547
16476
93312
83401
19793
44204
97306
51003
38123
33943
4611
31446
57582
79308
508
97004
42206
15442
85273
30250
26229
41080
8533
71392
37958
97835
19253
98408
77320
64456
27074
7748
2967
60519
67862
89840
2681
53883
40265
49819
72071
81675
66452
48050
8521
19436
33109
29832
4491
82590
34980
40684
84262
56315
88032
9405
24134
40317
59985
29477
89149
4071
27463
83949
40108
2563
46959
17149
14901
82033
12513
40614
51023
6588
70743
99053
23203
45959
74050
2055
4091
42014
56496
26797
79841
68553
77280
93882
66294
29675
97606
41819
44485
48334
42618
17138
76049
71164
13145
81731
77775
96931
22338
80242
51104
61100
89217
56806
82985
53691
35106
64865
10778
30616
90251
24220
39189
15508
86107
71049
52094
60047
49521
51603
69691
97079
60745
31820
91297
82070
893
73951
53820
99309
27346
99052
26063
38192
40363
24315
21783
23858
36912
95362
13408
32828
77092
35136
42887
33904
81228
87035
88190
49571
22718
21129
15013
18424
17522
3548
28782
59712
35324
71959
54052
78767
65117
88447
59637
62778
6627
20860
78717
11843
10849
51608
78298
85319
96654
19103
8368
89900
33768
62118
58879
53911
74163
68508
51262
6481
37076
13215
50164
98179
41013
41933
53563
24648
2605
40368
90216
40832
31672
1948
46917
36559
516
35948
14853
51117
2929
30571
77821
27488
545
19535
63962
95917
58512
66110
14774
57355
85672
1183
35065
11815
75712
68079
41899
51970
391
88273
15217
63610
76491
79957
43393
16402
99657
95175
24847
96668
61253
59389
36289
52662
94744
66594
18257
9110
38327
90573
67478
87472
91889
16362
62792
83961
86206
44949
35960
96144
33057
77552
26263
65186
61045
66459
51107
80152
30359
64570
81862
55880
17234
1034
29
88163
89048
34065
37205
41713
85577
174
59631
12370
93348
61269
80254
54421
50393
83430
79151
38314
4499
35694
74100
68878
55206
82188
84132
75048
25530
75508
21567
59889
26564
3867
17481
98964
67356
69565
36552
46595
67812
57960
57215
69341
27538
46283
11073
41281
1976
744
63673
75319
83294
62089
21955
47802
79824
67639
49093
92302
73765
69481
65823
89715
87790
11276
23114
90950
48927
77816
41683
34693
65409
13868
81169
10897
89783
21700
93282
6193
77137
43152
59949
30473
43965
89062
48338
40187
90893
7286
60775
13003
76984
73288
85017
4710
83416
45145
71500
73909
69752
80760
71342
45598
82283
27316
37175
59384
74756
54578
10698
71309
12063
4547
23861
15388
53301
16560
85618
34749
72049
58918
68943
78428
39525
72357
11732
95123
2440
25038
54115
54953
59843
10916
17398
5047
76946
82934
93240
29090
51767
94561
71941
30757
67222
3338
3997
16313
94125
89250
97280
44452
28201
43027
59788
24013
59207
34620
76085
30300
40723
74887
86327
75308
4349
72992
87643
25080
72836
73101
57956
71076
97111
22920
16985
12952
16971
38247
62334
86018
56806
48385
18401
48834
97405
31962
79040
38535
17634
33236
1758
64588
8765
44557
85042
82863
50211
27033
19726
7449
56401
74244
19566
12238
32052
15679
42799
498
23105
38722
91502
30914
89333
703
48637
78267
62831
53245
21651
35181
83245
67153
82328
7802
7580
221
25458
85368
74291
6094
42288
588
13839
15306
11001
81454
4124
98124
49799
36089
70228
23746
26122
19938
23678
39297
94896
35670
91030
65949
16904
91528
16967
72590
66177
27689
77775
49670
11024
60518
89048
51821
66236
85808
47582
94476
4954
75888
97675
93810
63476
33937
43794
24291
22861
90720
58824
99039
39170
11534
73129
76032
52737
95012
31240
94230
28264
27067
47345
10488
42601
47521
55601
50799
83266
49675
78460
78112
4359
80403
94107
75326
5811
33522
95637
87510
43117
43241
71255
12883
98824
7814
73931
18261
22286
3397
56485
33882
83055
85863
48115
81887
78571
93510
28539
96110
96599
58844
44744
98044
44194
63981
24560
73140
58599
81539
83145
33204
21798
76217
8777
66404
21159
41416
40640
43087
3936
47961
37612
35446
2027
835
43896
82915
88204
3523
46556
80721
26179
47823
64727
80865
31443
92823
27570
92569
137
47190
21409
4171
64539
83834
23672
45215
51417
65107
97065
1307
90192
74132
37976
14354
92628
78255
96173
14755
38151
51206
85758
34799
19688
58596
88554
35502
80181
83505
41640
69004
4647
68169
30262
81276
11762
21393
19909
81847
89075
56289
23743
28134
40440
37923
9502
26808
67500
46883
52732
9086
21149
34293
11480
55490
78590
37451
72549
40754
69965
74047
14695
51560
87418
87711
45245
69707
1036
3375
95976
89210
3356
84783
75540
31347
17293
21580
70951
46426
65549
89104
50403
25176
91029
57150
67265
78719
14949
27190
29092
33033
38043
90177
30356
94947
45200
1786
61289
14276
40627
89881
50125
92454
60833
49695
57161
61820
45103
26144
65981
89825
78766
44419
853
50008
80319
11979
25808
89
43030
55936
3906
14557
95737
17922
18182
46629
57328
44476
28839
91611
14901
71991
31673
1646
60091
32265
46709
77381
64718
12669
72009
58498
1196
47207
13441
77986
55106
88624
31809
22716
26349
70660
70521
66429
93546
177
86791
65246
41608
51755
35762
63043
87742
51081
64856
21422
16460
66747
51726
36178
29855
22649
64652
42668
38798
23333
45066
15657
56898
68050
43399
49035
58160
40853
32709
13275
57490
95763
30814
4296
2433
4616
73363
31628
8604
86896
54329
15591
88112
8589
35527
54555
16174
84552
19271
34530
76945
18028
47673
39088
195
3922
66643
7457
63521
94923
66630
19035
13078
69131
61853
27988
54493
29285
55191
66471
50162
23644
86140
35386
37211
65934
22361
86600
47636
45792
47557
77505
6082
51503
62301
34475
11554
31274
57471
87973
39263
1685
68230
14616
46776
18621
37332
54537
67436
75777
91953
73760
42324
89376
87636
23042
32768
15965
83460
81382
37941
6951
15900
62106
69420
13610
92299
40257
6224
75469
10175
88353
86040
61453
73974
10892
34221
87411
71676
33214
73162
57702
90796
43016
54405
88581
69878
69320
99248
27773
5059
56794
60267
54701
18301
25837
73395
70212
40943
71888
62963
36286
28424
47259
84364
42026
85527
23295
77991
26460
3613
10674
45315
4279
71275
46473
33518
46788
47530
59147
18550
36806
7362
43297
82234
73051
48669
11856
87037
8295
66677
45234
32504
44957
18476
27727
28384
86406
14019
25541
95024
23254
35995
59339
66970
63742
4510
48986
61933
52631
35719
89025
94360
16217
12179
61804
44098
80958
57869
59116
57183
69398
93071
63743
21538
45152
41476
48027
79246
9089
74487
80759
52575
30629
45136
42734
70744
40974
91037
87000
32922
18881
52764
16998
14562
90460
15201
16216
8902
29665
59205
6999
84607
39296
6858
10889
51146
65454
90452
47653
27745
26704
95471
3654
92070
53881
58701
80070
43352
67730
55565
181
6575
86992
9953
87502
55336
76772
76450
33355
54107
85744
56842
94557
11192
97841
3179
13383
95546
85692
59311
68532
64951
67422
77459
8065
972
75090
9062
8016
51527
3978
76511
6842
87892
91758
41485
41916
88124
66232
33598
69489
97592
38765
23493
99998
13734
75389
16871
60544
67115
52155
48889
16848
29140
30051
87157
33533
5784
14072
74203
96769
29288
8596
22415
74316
93078
96807
28502
90220
92908
5247
89599
22330
90160
8902
26894
10073
20542
14677
75511
82860
67571
72453
47095
68084
20599
56566
28744
35628
38865
88414
3574
34847
38463
15850
87299
85598
72692
7518
48827
9010
73477
18567
209
45555
13551
60965
99311
92187
24779
9589
32247
18248
86739
99652
7937
14290
94170
42332
69738
4863
7262
48146
38574
65788
32937
19849
49777
79681
32143
48526
48428
2240
334
53598
28447
55472
21478
87466
83914
17138
96246
64479
65555
78067
21236
26979
22596
51390
61945
16714
30129
23044
30078
685
46349
95449
49802
33490
30996
3411
77036
88415
27860
70829
26726
27959
102
70146
17739
30864
79036
88353
61808
10531
51043
73623
67092
56700
61199
4521
71895
890
58596
36849
36530
95508
33320
58978
23784
8488
74585
48717
60675
57377
17416
46527
99030
48861
69166
41383
63679
33074
28220
16760
30152
89411
84965
9066
77169
29903
87897
29401
22797
51119
98479
76509
62554
18331
38436
48968
44679
29473
80901
93452
261
89731
22683
1682
1037
62099
64276
2916
87007
6242
44081
94668
50656
7296
31529
29032
80953
31775
53638
86115
11156
37179
61404
59376
24789
70240
49218
84814
22121
66645
35390
77087
4406
53228
91769
84958
14866
44601
677
15847
59454
54818
82263
38291
57243
73621
15056
13740
72541
30004
95703
90870
57156
21157
47668
53569
84645
82537
26916
11515
9602
92664
5859
16401
14439
23317
44824
46227
3701
54519
95219
56053
67439
81335
41591
18597
86251
12605
10364
94024
28358
40408
12322
17578
10395
21358
54625
61121
16379
62945
58893
33652
6301
68310
12079
42284
83970
66181
79007
49201
69018
18126
38091
97966
56938
98763
79010
36102
11451
93946
24243
18359
80647
1583
80267
55024
62839
78090
21180
58606
52442
1133
94710
87443
53044
62203
53646
86670
95644
16284
47291
35409
52978
27305
2541
32187
79905
36652
67333
39703
63785
50911
61021
63208
48284
21150
59941
91959
18509
92504
42354
37528
20751
23964
30681
61691
95543
91616
81397
83741
49272
67286
44613
68527
64785
11246
98276
9396
87857
37904
71857
8626
68329
4480
22799
51353
97793
44538
21363
80522
41079
56835
17251
82122
50144
86181
89474
12993
34921
57464
92333
95015
72646
29031
83812
39859
22865
82152
80765
25011
56950
89425
13763
41008
43498
25184
46741
95088
84511
27433
5332
56282
14977
63779
66514
86777
25580
67992
32106
64925
72254
16859
22437
33806
9750
88302
78270
94408
96639
69165
98058
30410
10150
3440
47765
56096
76773
17945
12132
18581
36191
78519
92537
90215
14234
76291
77243
8467
12963
70225
85628
76625
8414
60870
98008
36848
25823
50457
51796
97704
62423
81841
11311
85212
32346
7416
22161
41523
68540
27897
65381
88338
85734
74131
6554
40996
19171
35581
30502
9978
86493
67360
44833
23511
37843
16658
394
1372
61518
93795
34426
55783
1937
39
9956
90480
55486
85329
67433
12902
81559
5675
59594
16308
37155
64989
58112
51100
37824
85097
13089
54136
98918
88241
96654
42915
26772
84028
61583
17784
56450
58880
80562
20260
10945
9912
34236
79082
94390
61890
8368
66280
82589
83156
65254
31968
56160
89262
27547
52788
1082
90846
60570
23470
95769
17546
50421
59867
22796
80544
81081
34600
67080
59456
60746
13213
59894
21213
85857
14664
48900
86268
52078
65780
72698
19416
50389
27814
4944
59807
26203
25761
45993
96897
19304
6157
37708
49565
5527
38263
16675
4914
20265
95587
15475
11228
8342
90897
69043
20938
35500
58551
14981
16651
3694
42824
56278
96389
80822
77051
59050
88762
47187
79047
27777
98992
67048
34024
24206
52320
61699
44671
84222
6346
74291
90799
56047
71958
14708
30222
16836
66391
70950
63701
52085
59640
38119
42741
38311
82748
76868
87398
94537
63209
94625
6649
62460
30956
79892
62737
22118
82931
29024
51784
38658
42900
29207
10560
73890
49885
54117
23956
31625
59600
43036
4219
59852
62537
52789
19252
53409
59590
20
27464
46832
64687
40377
69402
17565
36870
70773
37978
61901
39778
78455
99715
64013
55660
40895
59240
57610
91175
47978
22314
43567
56649
58811
91684
53047
60364
36190
586
86050
53234
27359
41210
61110
78455
60607
14474
8474
91273
45465
97038
93632
26578
50003
88381
13284
55419
96518
89891
45704
12368
97532
84091
83700
19103
27282
84439
96935
59912
36069
33164
7988
12137
93859
94932
24398
72831
38570
25573
65473
728
21922
35462
65999
45348
23171
2948
1317
12576
39899
69674
3426
73488
69077
71688
98710
96376
86208
72086
31968
44539
68800
13374
40779
34529
11271
76407
42140
52984
43838
86068
79648
2946
14779
96938
81326
87734
74952
97202
32949
63544
84430
87304
82556
88220
79654
8244
36095
62145
95388
34464
52871
72327
99719
78597
82568
6938
59467
76184
28667
58352
37246
1079
46422
56562
33372
57117
62703
1036
5149
95719
62
22559
20023
97901
32927
91096
45584
72537
21756
1709
88005
41775
85101
72000
1137
74190
54593
38731
4066
73416
58682
69172
36796
18504
9484
20008
66449
88344
4727
94111
81153
83510
32078
24030
36429
68783
97858
76531
51125
34627
83870
58288
45785
30275
47010
48128
46160
64355
49713
24587
99905
88527
60605
66501
64953
4202
35124
58081
51392
42126
55515
625
75133
19479
74844
42907
49578
87596
35962
85818
15817
24078
55746
68969
29604
95113
71367
90789
17308
33384
3664
42086
57712
37623
66041
87246
5873
79470
40328
70139
3602
91823
62921
39952
88043
90302
9929
70257
77533
46612
2589
48294
52344
93177
18269
44587
92756
58172
21145
34444
20206
19028
12390
4209
55748
80933
9083
59113
20390
21900
18656
77092
12835
97735
95309
73315
67298
32944
75755
36117
21549
95068
31451
93815
19101
93933
50330
23821
336
50899
76723
2472
71989
11565
90331
40435
78525
61875
63710
80188
52003
82201
83318
35577
51118
48441
11451
10977
50295
13726
9332
17399
94218
12427
34525
22757
6914
61117
70682
9027
58456
34666
46070
48712
31602
21800
95828
64431
97650
91513
3864
91689
11859
99728
33121
11374
30867
71711
66399
32671
21837
51721
95040
26479
23087
42493
98643
51477
74582
37202
97100
95279
21712
6401
79872
66956
62566
37721
23922
50416
60082
1234
14514
43118
46333
59234
94786
45035
64997
88082
67746
62172
28228
60111
15702
95921
62767
9907
49666
33295
26964
22474
22728
5980
36655
4885
54539
83268
22941
42058
28719
99121
92591
79737
2791
34300
67525
90357
48227
36618
85451
63429
88472
5167
73918
53434
71789
56050
19665
13873
20054
75114
85417
51672
23118
16547
25660
27264
33003
69547
47074
31958
62589
39748
59573
38128
96895
74851
86526
45800
16813
97391
61815
29010
5110
47216
28690
64461
28460
24608
18444
29207
61373
32819
13484
75262
12177
86092
8690
20918
18454
69836
29721
66992
35482
45037
69268
98393
30061
64693
66538
43435
78642
12679
30221
79839
79984
41000
673
79308
85759
15659
78035
79279
89869
60515
39509
79432
15256
5468
77139
16601
94970
37553
7060
68552
99909
29369
85241
48237
39704
41828
30879
42885
43785
87948
68702
79941
10512
4818
30855
26634
44250
56642
42212
50502
22264
25536
39349
59273
76455
67500
36623
4258
80811
80906
23818
3477
80107
34148
91843
89344
40463
7421
43624
87295
38816
60189
3170
51612
58260
4577
38922
34468
38800
75662
76077
14812
55462
24874
28935
53741
59069
3937
39292
74625
11200
77119
13680
17377
6371
81764
63705
72239
49186
74656
65430
21231
39209
40378
65758
95326
54741
32129
9792
34686
96946
45408
99810
24972
56203
72755
60122
9651
87787
13686
41280
1414
54462
5266
96178
69219
11204
84013
33164
6434
64235
14302
9954
13750
69839
94634
61820
49542
66060
56235
87965
48804
45624
18925
81777
32949
73339
86967
31388
62448
70557
15117
70889
75039
42916
6124
4483
13837
9257
93693
51499
97438
24284
24946
67690
32625
35711
54877
86248
71638
8088
39737
18227
89686
22717
53830
46888
92937
66429
42096
79683
16459
6409
53450
8124
42712
82983
57113
57737
28361
78425
75562
38902
54053
18078
10149
81557
33990
8771
54189
29098
41322
96782
41716
27694
74211
78286
54773
80041
89150
42036
71336
28422
77572
56325
99263
93890
73860
52087
30611
10306
93552
56385
80163
7704
13140
2965
69932
82525
23845
9602
95888
60488
10368
89562
39591
87469
54549
41854
1131
77819
21419
28118
4912
82398
58292
89149
85714
2192
14244
88441
6313
59747
73200
24765
82043
49857
49860
1537
65462
24890
81843
11166
96689
54045
45337
18548
25030
91797
40882
65730
90896
75665
43603
22953
82192
99995
57179
48677
62704
27081
77172
3805
92416
59017
26081
82119
77623
42007
46510
20784
25685
84610
28798
52039
773
44556
25451
13726
61407
43311
2540
10492
24260
47159
37244
95545
6288
11052
45377
76516
60364
51379
54077
38958
16280
53727
59509
40748
79534
77669
24651
86640
62299
3654
47169
6875
28634
76477
40078
37875
79232
85753
12489
87969
78858
785
92544
56725
96538
80071
15860
19768
22759
19325
66335
89028
86196
96953
84952
81324
29002
99896
51312
16919
25625
28980
4659
70540
88197
35509
27834
26522
50357
21988
12534
47995
98602
17097
79407
72019
39972
93027
84436
68755
17192
44220
74317
26028
75204
99039
72065
46676
6147
93715
82486
12922
69646
24764
48996
74412
68316
56648
45367
94387
63052
55856
20345
71369
37084
10671
62822
56057
46394
1765
3997
61756
26272
91197
19892
77019
12720
89933
82711
90226
42192
17336
67254
5581
70227
89930
61920
91178
96134
86556
79983
9479
37414
20938
24715
86862
10588
74058
26120
45183
31885
49094
6024
24238
16532
94360
5785
9801
41438
39591
2886
53405
90080
21791
46057
59814
75469
84640
40544
48471
52378
9133
98537
42258
99845
46202
17336
47202
67649
4527
25730
55263
9576
52047
85052
9942
30737
56685
17355
16602
56640
88231
75628
27733
35955
88929
2915
87182
37311
57047
92028
69813
40607
39254
16174
86039
30633
34154
12328
99826
64972
91837
33241
34390
30090
2468
72449
21776
73038
19954
34498
41015
77173
96068
69771
42998
52922
77950
71755
72271
11478
87036
19351
41021
33623
41901
64582
32480
49082
67929
61998
77332
98343
30294
78903
83313
73007
92319
71669
27938
22889
24363
46058
55472
79206
76822
82928
97831
48326
4270
33018
79441
71408
94364
76467
31596
17437
8007
39090
85897
11507
73374
63682
50477
16100
71937
32705
66096
41730
65141
80109
72980
24570
92837
76941
38094
58020
64891
61782
18316
19100
41223
89478
58448
5263
29430
99682
54629
8587
89661
63354
36797
33580
52368
35684
99608
15009
32738
83224
33053
40460
51714
42798
60846
70877
13436
69764
90718
24028
82452
75145
33469
41450
22310
96450
977
32651
84801
49589
59686
42624
98753
28956
52641
62074
78793
73885
14478
75888
63523
35194
91602
18985
44279
75230
53483
6901
34309
83
70731
33761
89165
66495
39857
68886
69600
39215
78312
58555
82130
35078
39023
65415
15101
49726
12073
85650
49621
16402
76077
67363
92380
90970
20315
65018
33580
43679
54057
78926
93776
81158
76452
4239
87933
41824
47742
48042
98348
34833
32116
40948
95835
81156
34475
77812
11802
70112
22353
55041
83983
68707
37299
85555
76998
88503
3625
69351
16957
57846
51212
14414
87287
31750
56963
36761
56454
62299
4949
48097
24591
16401
61658
84887
38823
11001
56093
61929
84434
58793
25348
75436
7695
8169
2192
16104
26748
90233
31937
86766
40536
63857
62280
18242
8903
90380
18098
40213
96743
38616
44801
78589
80897
28673
68751
10571
971
3938
26718
81771
587
38007
51079
89480
51255
20297
5515
15833
8950
61547
22394
35235
52334
8829
97902
84171
12547
39094
30809
13696
18832
82755
58354
80818
97603
33205
9346
46729
89699
32184
47972
43317
57777
85873
34404
31725
8470
40161
22443
33640
31188
44569
7498
28384
55294
94630
83878
23794
12583
34544
91289
35708
81530
24225
28122
86515
17097
70430
44617
98204
71157
16304
19669
32152
17473
91481
57980
71300
44643
61767
81405
34851
54195
95339
51684
39568
73110
76933
52912
23177
80555
99667
46367
35663
75451
84222
14386
14702
21054
11561
2814
88804
20553
3774
85441
72904
167
29000
20840
40060
48495
10666
22875
44034
53877
36766
83190
56106
76594
76874
97358
42940
51419
38916
84502
39620
89211
32830
70698
67198
23977
31802
1667
34262
79292
55148
1370
82107
97988
5030
25108
49925
88716
73131
66861
91775
52968
37861
16047
47488
8571
24186
33694
2306
98521
84419
49737
7148
48565
98527
63295
14238
75732
49799
18152
3737
21534
17349
46217
73498
67228
39167
47831
74956
91254
17567
8614
22322
76608
33837
58805
96277
70619
64539
56821
96323
61021
35528
72633
80404
97341
53220
48303
6166
60987
97710
24029
6122
70724
10371
9046
27126
22359
58977
22879
88995
44480
20374
66244
55853
97611
15251
12526
40012
69684
49479
96979
86409
47231
99705
43706
78966
45942
7417
678
90266
99052
19402
9705
18691
88584
96261
41618
60584
26999
25152
3175
74592
49174
97354
90078
39802
42055
26148
95595
5612
83426
60310
84645
33566
89385
69150
30493
28595
34727
73411
21873
65126
42251
26666
40777
88923
55902
22828
72226
26512
35084
65394
21135
66662
26150
66382
43696
83659
30576
29911
76269
10756
53565
23497
48068
9647
7271
79697
69076
42226
13281
43772
82024
8861
61738
60784
52030
70045
8504
64792
76216
86244
9535
53576
93041
84449
72149
96004
30644
84981
98025
17022
13776
46997
12824
93324
72231
47697
25932
27282
88700
85055
54053
55816
37854
63219
52708
26206
22102
78036
34527
39318
28966
21975
45495
22156
96324
78250
14883
79909
47748
34461
80123
83311
79499
29923
99139
41714
68927
23873
42694
79992
50846
57027
16057
39005
16523
39629
46921
36221
33305
6128
39955
6169
51371
3429
49296
17232
33012
44198
38579
84763
20632
95979
22218
52319
79555
77888
13752
29671
41695
65455
16960
35203
24666
32901
85381
82869
70468
22595
83962
60563
59378
79267
12485
53049
94966
31134
67465
20371
52953
91168
23073
91130
10507
46644
79703
73008
23471
12534
29212
65763
88593
99822
94852
64676
70078
45080
9519
9749
1913
74164
14560
31583
67601
99929
38235
22394
7451
37377
94266
86347
57179
75626
10028
20718
32237
98871
64300
13366
86241
67696
85919
26770
36627
24424
14953
26917
42051
51468
24920
46034
329
47663
62900
10309
58671
300
25268
87289
32970
55127
48357
69648
73476
1037
13704
5324
12227
33673
17944
87460
61148
50223
56487
24071
14993
48404
63041
24182
54376
4403
49303
78705
76399
51371
75666
99609
70926
7832
65773
56760
90805
56152
55642
21615
40341
13270
62069
28168
78832
36416
49197
10557
79122
94007
78987
41027
82570
73665
68301
63297
12364
86335
34226
22632
8697
93354
96047
44095
69646
17135
87644
40684
31282
14909
84640
42072
87897
42457
96667
72185
24016
83937
20945
66391
33732
84201
84277
16015
64800
7528
86242
20051
39880
69935
44690
48862
40095
32339
58010
16255
42322
20033
8608
39240
53285
5886
42015
34216
3633
51636
98164
24376
45443
94784
45373
46161
11309
10850
44026
24551
87422
91977
81225
53178
56102
20968
18700
85372
53246
36921
96981
22391
13067
18446
3271
59817
1649
38642
98176
59357
22321
77534
86104
96814
54473
82815
76137
11949
99676
27353
57451
5549
76676
61156
85778
97697
80171
68104
87394
5695
17048
31531
31169
12687
26987
35078
63663
43065
67761
72046
47458
70363
89963
46717
85529
90094
92199
16164
61756
46503
12995
23319
68896
38890
1340
84219
25010
812
43792
17758
46087
39577
19092
59498
11587
39147
52352
10072
46051
90653
21230
97107
9461
1298
69132
7150
75765
62948
18747
67782
77032
65688
4594
56184
2419
73100
21292
46387
2101
95426
80176
57042
32516
31055
93031
11586
71847
46555
95170
89498
82610
86979
78883
33148
51040
93286
26950
27330
24116
37489
95822
45842
21458
30381
50956
32108
94912
6896
13131
38337
40745
40577
65129
95494
62396
53545
78939
18205
95664
64280
92539
77082
63945
60744
53149
74371
13291
38522
64165
84174
5665
70792
8887
38846
80791
87562
52628
6754
85817
58252
47243
3183
85082
74321
35911
46682
21614
36949
84571
54860
79172
64986
88159
38174
40981
84118
6395
66383
1086
12288
59286
4953
41298
42447
61889
65993
63649
58796
43192
99348
86634
63709
78464
9913
48154
85066
69478
88304
19729
28206
82
46831
69419
63077
1955
35455
83452
19547
92168
56241
64534
34749
38627
27177
73191
49255
54112
11488
60347
12649
73137
77741
21678
30634
17261
49655
28011
23830
54416
73070
28104
47889
60295
47929
47317
232
21918
75126
64837
22415
44215
37248
10992
92120
25324
74618
16875
73430
47872
26336
39011
43857
27170
61742
66574
69471
14090
98325
89277
97777
2243
21257
23790
96425
22814
2380
38407
57213
17473
71930
66059
99006
49925
34052
81548
25971
21248
41345
81789
80267
1324
93286
23126
847
73181
15859
64898
29643
40146
42578
44126
74959
42800
36173
44046
10170
6467
84323
33879
47976
60056
76718
22578
85562
74356
66946
7420
23091
23539
29651
2591
59463
91435
93721
61297
71004
79139
98288
30980
77832
81907
91482
88114
50877
13468
2474
96744
91430
89778
5404
61842
44616
65501
4389
33353
98610
22878
39260
61376
94629
89613
4446
19770
59859
69236
70932
40851
51985
23099
48001
90077
84492
19495
72546
50476
72879
56548
78981
24238
46498
80245
79093
83502
53689
64936
24097
67673
50666
42484
90341
81979
13536
11462
62411
35977
97649
52242
29362
77431
90461
84513
64848
47303
35065
46526
37587
35272
31913
7741
30883
32534
41211
58344
3019
72129
72759
41949
96982
67300
10089
65819
39794
65687
19904
48025
37437
13447
37779
58047
43389
64075
31901
13085
29300
73518
20477
69041
39975
95030
21406
28701
35136
12445
76573
252
11434
22620
67412
86904
70053
7595
70354
86089
94313
72832
62302
12241
59826
26221
93279
65700
40564
92990
76505
70406
81314
97537
1735
40627
77066
75129
32904
49452
72865
70621
25830
6022
96019
45750
98532
74852
25831
24310
31780
84749
98071
37833
19806
67162
89339
82654
13413
65
79956
13131
27250
99743
73176
88973
46275
81571
32518
389
84757
23004
24200
5048
80155
69506
73383
82929
83483
73596
22012
83099
71194
98983
47411
56073
8818
38642
73120
82965
68866
37689
38823
32255
15721
60412
15005
75705
18551
57065
50980
13372
13233
3607
52345
72717
47641
88514
40551
17495
64412
84214
63985
35240
95852
22941
18255
90489
50681
61322
53744
16450
56482
39365
84815
10164
80873
59060
49389
97014
4923
96291
36705
85437
56639
73457
16950
5360
74614
79790
53183
64818
61570
26254
13674
92602
87189
57951
19044
7485
68937
24904
58404
60697
9532
70552
54800
43003
98904
53387
52540
10774
28828
212
37272
76974
80574
67119
38328
96251
75533
44981
23798
71278
17301
47736
30748
46122
48548
80622
49032
61536
39500
55012
2016
12280
6660
80667
99459
15030
72343
19090
35770
25834
63851
80634
76977
28716
25689
47278
65957
287
75995
71215
24331
56009
82613
92562
52314
84177
93963
59581
50052
40886
25235
43825
63350
38751
25395
68552
18172
39666
86705
37327
36187
66958
33247
34444
56998
17765
61797
74585
58488
648
68801
55846
42675
9258
78946
92828
76327
3814
58742
44230
95556
1912
39334
42180
51375
39571
95785
95794
17747
9141
7260
13964
53814
66131
68200
1580
2371
98984
24868
82329
743
30096
61118
64004
41947
7883
25911
45534
100
78562
68862
13767
90945
86019
8210
90218
9842
93035
95786
31916
15045
72242
98357
7139
27022
97409
56940
8797
39199
38789
70955
95181
42838
7116
81859
66281
8579
4711
63216
36272
35074
77500
96294
72560
69381
14329
56297
92576
38317
86796
70762
13867
75995
2461
10932
70870
62633
19300
1960
66964
64865
95947
60592
27113
41737
27709
25554
24163
14184
8788
43231
26410
26143
21876
80425
45038
13367
92132
58345
44239
50235
94648
59265
87673
54152
15182
87045
90425
90191
95266
29419
35372
25292
63131
49842
69853
43035
2957
42595
51489
66996
60939
76719
34867
55481
45652
65029
24007
44472
33528
91277
72043
50928
22271
60163
49152
56217
46746
91749
45095
42963
15291
49934
71601
11811
86383
42607
20072
5093
45937
38226
3744
9149
61793
2251
77174
94692
86840
7292
11385
60384
78673
87220
55521
1918
67315
90069
39638
22627
94672
63040
59895
98705
7851
75187
34811
36770
11932
21648
82694
27645
6461
10972
28139
76441
96397
39303
95691
40853
70167
9045
36120
78253
44007
26194
99847
4595
48319
71387
74877
53008
81845
84741
16077
45726
94668
46468
32037
87197
40483
32164
71878
85198
2839
57419
34198
18029
7453
96108
59731
77940
83849
97528
80366
96967
60121
1243
36654
2067
72501
72136
1051
96363
33341
29471
98836
16354
65641
97758
70328
27659
60639
97889
30042
12471
69080
46421
90384
35137
42220
88208
77421
27627
81850
17913
2857
25934
99995
41264
46467
91887
93122
77692
96101
6572
38685
19997
20931
86921
44409
33189
75267
89333
20624
87379
70234
68403
5015
59421
27544
2508
6304
64191
86378
24
77575
87001
84465
6992
81994
57354
13171
76054
31836
34297
12790
36529
73611
69963
99352
98790
77154
71387
81016
16778
22603
76501
51208
66602
6718
50059
7415
55112
72097
70439
72724
75040
35507
82569
15737
71019
54717
93960
71713
11588
84333
35051
42194
13776
96777
70058
17648
5504
30920
63928
19329
62475
43726
52627
36815
18162
41332
46864
89084
51755
79393
21370
84903
72939
57553
81615
25810
38944
14168
896
61647
48755
83746
41438
93757
80248
34916
27588
21748
87719
30592
63924
14049
26338
67688
12350
66186
89907
70896
85723
76855
98014
86714
33686
79061
86534
89178
77518
92566
37567
45119
7886
71506
86437
45235
75839
90206
40882
39408
96437
38238
48366
15437
55341
70908
23575
18771
43358
18289
28568
80418
74532
71432
74260
26064
18142
45540
77514
73927
98552
59292
86897
82927
75954
46442
46759
57603
78010
31667
27979
93096
95105
60270
6107
88713
57672
74472
17357
77450
48175
52963
66661
2811
87889
25614
69113
48227
74165
12418
64919
10338
4920
99647
80155
72381
7874
89062
54703
71930
83319
15133
27493
4242
52616
5173
90556
90183
2249
74868
41961
40770
72270
84549
72288
90955
80853
14666
48978
29272
78857
43835
21346
60264
83984
12161
18744
68749
31653
12022
65244
22679
20076
62975
42520
16707
5250
18177
76774
89609
68072
24768
90143
1388
54479
15632
85534
21453
7654
31652
18982
69079
94071
60786
60578
48920
84541
3576
9344
42161
73372
17564
23632
49234
98439
80531
66769
41383
31418
93911
17140
5995
30727
8786
92390
26731
34270
65895
89874
41269
46571
89715
58576
74664
2615
15968
43423
54980
62542
71870
77415
86802
92357
81609
1177
28958
49240
55923
24700
50792
59308
16984
62606
57863
5969
11382
20442
72205
85666
73942
5729
38185
60421
17732
62775
48073
63583
61484
7442
13988
50035
81315
65578
43994
73145
8419
22001
68620
3032
73042
60689
28570
97361
31901
97543
25104
81843
99196
65381
29021
39940
47222
85582
69835
88888
16886
57069
54706
18191
41721
81967
91260
14725
24756
63929
86112
3155
55191
53179
17941
39943
65833
72277
39718
63626
67954
57017
69183
67970
42833
91371
44455
76628
31124
4351
91024
77568
73947
61631
3108
8411
47871
37688
52197
17210
30284
77560
51125
20353
14622
29124
5785
83003
3200
58923
45350
21447
29445
94965
53570
33191
26921
29662
46450
64093
72113
60493
35420
94146
21403
19054
53718
98911
81489
33449
89007
92720
15555
12598
45469
32585
14520
78756
66261
70503
85418
10646
35627
28661
41006
844
69839
49883
38908
59443
84820
98867
86087
23928
18024
97407
96365
65080
58501
89118
32954
81864
40384
56603
62203
7602
50190
21085
34832
60330
2660
54272
39647
86741
45392
6045
53301
79586
19769
33361
93364
152
54880
74208
28300
25871
72833
75402
6625
37681
1600
3658
24031
8642
98221
59175
23343
4918
50833
83231
92696
84835
57923
37231
3210
17705
68179
21289
49306
1380
78893
41
36132
33887
48232
79142
22706
48039
98649
59898
47050
29292
84134
85886
7721
75946
34633
73834
45857
2426
38914
82066
8790
61239
62973
95845
23351
6411
29669
95185
6988
62578
82208
3040
38538
4160
53641
35372
28935
84744
49465
46436
83294
19011
23416
83072
55862
56261
34372
96668
33677
81620
50774
53396
64667
93621
67602
46612
63887
63610
59398
70382
5923
59286
75866
49005
41821
7660
46298
76508
1328
39290
94807
38120
71540
26433
64260
59090
99399
29156
37556
98495
48622
14016
83778
32824
80576
28946
12358
16584
91367
22606
23481
79012
96569
33823
13864
10244
16821
2091
26038
53628
6968
23142
68423
46778
43720
88874
18224
36359
84523
96910
31810
43110
62230
89521
22097
16367
96774
6572
72878
16947
51051
29541
65283
36754
89759
75140
93251
91332
58622
62282
52415
90221
97828
7290
45787
19418
96398
42432
17599
35362
42770
77711
52166
37014
86667
43180
3546
78956
62246
66353
94773
15467
1896
89435
18033
54084
64538
2198
64723
44915
26590
57937
74332
80827
23855
42111
58120
41564
67815
76863
41407
58099
61466
67402
37641
37768
60475
70400
74406
47794
46949
18073
95855
25146
94413
40992
26677
98156
7424
734
70824
2811
28321
79456
99420
14605
93384
65993
88213
17525
58763
83958
94734
7224
26793
7608
45439
99944
25227
30651
68742
18849
44163
62804
85123
24846
4254
34170
20038
11448
67909
57065
13727
10928
79474
92871
66251
37221
55267
14169
82124
39586
44902
47692
5717
2221
56456
38183
41223
69728
14080
3753
92751
15824
70980
39657
17777
3488
1948
36338
64482
39227
1828
69794
25016
58440
82259
17117
89026
40902
88496
1210
83882
57063
44514
86231
9125
8013
60824
24068
75338
78461
32748
87383
4692
22504
20377
14802
88997
28955
26043
80977
99875
90598
92069
56144
8479
90096
58887
98241
93932
91364
29749
24105
26875
54533
33604
73024
67428
76519
42781
34247
99307
50396
20317
52372
61904
8316
77397
43150
56111
7725
60849
63926
55738
12135
74560
52377
65164
61427
9250
21796
9668
86898
85610
89097
73429
42954
91889
79283
57229
5311
79317
50199
73915
72486
60901
5224
2068
4226
82821
76960
55610
42935
99394
20513
15763
35571
79550
79083
91969
50958
4031
46710
74272
40627
66049
93728
6917
79227
70311
9891
46166
72628
42256
96524
67351
3682
99950
13296
88602
78983
16499
3945
77110
98562
62953
86610
51135
30287
73172
49813
10238
74184
73926
14796
58238
21240
83665
58915
18511
61963
75796
81368
290
94162
80645
34715
20751
15053
6937
28134
81558
15164
16697
62854
49372
39484
70630
10865
84439
85350
64262
25384
5335
44384
7118
53711
51351
93725
55363
31461
45961
18173
60756
11284
85807
53287
89600
67587
78871
36949
46664
20203
3516
79390
81246
48451
36108
93134
83005
1373
16582
20109
3984
82680
1513
45964
94958
72125
18724
466
36560
63857
51885
82614
34799
26827
84039
19150
78769
5224
38381
87343
17112
71046
55189
90936
77262
45290
24675
76537
87061
29663
87480
82999
58598
29445
65324
40916
59917
35351
43269
71668
98060
70538
59754
37896
56253
94368
18334
55956
13025
91105
60879
3719
63921
29357
36523
62903
84196
81418
78261
62251
39922
53502
68431
5831
50109
26043
13253
87454
62010
18785
32561
57682
57790
95952
86128
99739
22201
42351
44327
58781
50091
60004
86881
50719
19698
6249
73301
70293
30626
95232
38871
77136
38938
94526
56115
13338
59905
29619
11447
44168
223
19737
87568
77698
87217
93734
32244
33770
95656
43850
74726
16453
12229
24277
63437
46122
32086
94055
58959
67441
99943
33047
30803
70271
72646
47874
44743
46692
21512
54410
753
35631
46045
47343
21490
86815
59245
22567
97112
55284
22064
81254
44546
54683
62345
91860
8000
2745
98076
8433
86437
53770
58488
82650
76454
97807
322
28532
15327
73404
16251
54465
68719
47912
17528
10119
26869
18979
33667
63966
75680
35193
98363
45730
30690
14989
50182
8605
21432
7317
11583
46051
48166
8433
14797
2455
67294
81487
45394
41657
59878
59649
50878
31079
85000
94387
31935
48437
81014
94549
28124
53495
45936
21175
26979
97886
96268
731
83004
94259
94489
27026
13923
515
48495
79708
55601
78062
62664
66864
51953
48343
13337
50672
4168
81549
83642
98500
36171
94584
33513
17451
9189
19976
54540
19447
56766
32188
53930
84354
12994
98207
39384
30691
47558
32280
32552
28536
79191
38271
30101
929
42457
3379
91241
8631
50984
5710
30714
14349
56141
82150
42153
4144
99656
81641
69315
16020
25451
88720
6597
23742
6209
39404
31575
22608
71994
23218
66395
38636
78752
56057
72668
26795
73795
97698
90328
9082
5640
8988
90077
18834
68676
63324
11665
69240
11170
15508
7378
97996
68800
3503
7350
95416
67119
93982
31604
81811
34383
7886
89508
34824
50480
86081
30723
58765
96178
6338
59485
9955
38781
64613
77970
44368
32164
71263
49811
57874
89493
21514
30005
78255
68035
56631
74036
23389
71016
82250
15062
55017
36074
5113
58449
60151
29134
52103
90600
28301
76707
13519
99081
79740
69057
97215
30366
51685
64576
45335
69621
27126
28562
47722
22216
33882
77074
65854
45552
69392
36878
51178
9400
5616
82000
34339
5356
38426
92482
66514
22285
63706
85091
33290
61043
53853
44596
3674
17587
79766
77571
98702
52060
2849
18020
5163
88375
86601
51753
99098
62353
38742
389
98353
69834
68265
24688
10397
22150
1198
66129
43410
83194
32220
39608
58137
62177
49913
22968
90385
671
8861
83156
93342
43315
92430
1239
45491
12133
33094
2175
17297
83067
91440
9776
70835
64217
59455
12486
7841
85536
17346
97989
65749
18862
13974
46549
1409
39737
75511
84753
88906
38870
81785
57206
97548
70991
16980
39866
78439
76811
28172
42355
71791
81528
36967
87813
18546
74402
58985
59279
31985
53319
32619
91438
24546
10159
18771
70823
110
31902
25476
94400
14309
35315
2881
50685
13934
8467
97543
71520
51540
86378
7414
39513
38333
64990
48125
48716
83807
19380
6382
63194
32002
22118
91206
55781
14820
47470
47866
71731
43860
43912
58435
64734
55300
22800
82564
37849
96585
42626
4501
18237
31222
23404
96501
90474
55612
45282
8589
19253
37037
78692
39178
51819
85470
6825
32505
49504
96509
53973
67295
75893
21331
89172
48486
93724
92856
30372
86603
19569
15716
54899
8744
21100
83586
33884
30040
95932
35026
86286
86415
76988
45739
23189
51326
46913
93617
14649
70226
78926
10691
25351
4745
46776
36683
1201
38693
14663
65820
56092
55558
8888
77642
39523
86572
9480
54027
99127
57242
46228
88346
6330
16241
47697
98170
7698
44011
61548
65648
84911
61133
87738
71667
99701
34814
80868
89493
74154
9093
94667
29121
65607
41161
16888
32950
76219
38963
63012
95359
86329
20851
6669
7240
80765
41007
16831
19394
99369
33011
16080
16107
17981
43712
21158
32792
72590
31307
95841
87146
33367
48549
35505
87262
12568
53953
11345
73634
50006
96633
98160
14092
54172
5606
76060
42195
24112
31847
40659
66846
91601
80672
47134
11250
24816
19406
28967
73401
80375
20768
28506
89420
20251
2468
83872
27607
41047
85886
24190
66615
78769
79144
77890
98440
64599
6362
3261
60696
17004
3194
27171
19948
58925
22399
79933
73771
44086
77824
44372
5701
50062
89511
90867
54774
18538
86894
25416
51731
9453
97518
83624
70467
5980
32397
67885
6255
49228
20349
60616
36341
24595
84740
88384
44686
42014
40143
82942
37585
35685
89502
25696
53499
90425
92470
51957
37200
85226
21179
54296
43770
65702
87431
51071
69536
99638
44174
14556
20041
99453
39454
44794
57893
38785
5096
54364
97295
33704
93299
41117
3142
27748
44181
66290
88627
29781
21814
42894
18418
87159
32680
66439
67991
72454
98743
88280
77815
94923
1680
40759
49724
69517
74340
71122
96196
11216
16669
76116
10537
88043
41966
95980
22920
34130
88044
99112
1625
26336
96532
39734
66018
91262
15848
79634
41840
22954
72579
23523
76150
65555
98540
67644
81970
73473
20963
58585
71177
29231
44038
94980
48663
28286
16044
73709
82574
29656
64065
63706
35691
15727
99451
61894
39326
74905
48233
61085
76885
15030
28816
14284
78351
63528
79853
59849
36041
90523
77562
4025
8567
96412
58953
73549
14341
60810
95073
42571
29435
83129
49055
66947
98478
97821
4841
19845
76535
49572
25031
83043
74452
25757
65929
32389
59121
62869
41712
31184
55090
81812
39760
82139
47787
15623
77370
11024
7765
52550
49608
69292
97203
78879
26099
80259
32118
88080
12846
11333
9476
41669
80365
8978
87087
59476
92981
11240
3833
92234
29619
51740
22411
10431
93076
58601
72840
82442
40492
61910
87420
20552
28328
30951
80299
15560
42429
7213
37115
89279
11423
4809
24651
66116
78543
38987
75278
72392
76284
88826
35053
66369
63441
65545
11730
46768
2140
50762
4278
5250
69815
17985
93928
50846
51257
4171
30208
83413
80781
17714
41201
51389
59317
92384
9716
34859
28630
81271
85730
16729
32835
86881
39039
81846
2523
50411
9003
19915
54441
94859
54418
7943
54819
21009
39195
25417
80570
97270
63933
9789
41572
40883
65298
10896
49390
97902
28556
61275
85865
42663
93286
67311
28286
10028
56723
47046
85272
88240
30085
82514
45470
34601
61853
68253
67988
25261
96505
80977
93042
97498
40426
19453
62513
18947
51550
25265
85515
17834
22207
49302
22937
70453
16017
13423
66
52500
22739
52709
42531
64017
93790
88417
37256
99412
44532
39203
50444
86650
33976
22256
40596
78412
73412
37592
80778
99597
35239
58938
50675
49428
11115
45738
30835
25400
98074
75526
22549
44080
72714
74542
84971
76850
355
24125
10845
47630
55829
47595
13151
70203
91696
71375
72296
93983
71327
9736
19527
17669
36548
37824
39418
37195
31561
28279
71078
13822
53183
76951
39879
96533
29632
62476
73875
69843
40192
13807
73431
73260
42916
28938
8387
96362
98727
9604
85165
69794
3549
8944
63465
62954
10711
34924
98475
15876
22453
55884
60953
47010
24403
39374
61528
81828
91424
82715
53185
48554
8539
80545
80732
10519
89079
41583
39836
15709
89397
70726
33091
13749
40878
31312
97615
88521
16174
80367
87545
30792
24431
41411
8549
97955
42662
58891
86930
86287
78783
95175
28783
71645
15224
93140
78693
43050
24529
70817
57800
66349
39448
5660
40948
64983
1351
1789
12999
93783
48887
2689
33593
69434
40305
21044
1120
79396
88910
78071
56225
54752
38055
52119
18543
87022
83752
23309
41015
70023
88397
99496
44147
73791
64493
90999
73362
74698
85882
75558
85026
38612
56117
33710
72675
98967
15694
65213
71210
2936
24356
56572
27858
59717
76798
28996
96669
32751
1909
64625
33932
48861
88873
82944
51763
1647
75191
75788
7555
48868
81483
72045
21265
12435
75610
90272
96223
39860
22825
28199
25887
10719
19842
14211
17087
94539
90701
72989
24026
82204
88032
14504
38613
97289
82047
7401
41618
96621
69505
66501
37285
71
35970
17071
54365
26860
47685
67808
22146
30785
94016
4492
44551
79867
1216
71300
58758
16487
21824
9037
87157
2435
33454
51946
46381
78969
94849
36723
1615
6775
67364
36132
27693
16522
92640
16717
89977
10652
69987
72974
89370
42287
94881
43523
78950
85980
87936
12670
26267
86870
7648
18976
34718
12028
31240
39354
55207
53039
57352
76473
58777
86969
96779
14447
64
79094
94994
27492
12467
74912
38929
20681
73452
6324
63888
79960
54013
58297
96807
46772
49656
51965
19163
42196
62629
76216
26398
247
42143
73390
26544
18927
57706
52969
51477
72647
84963
5026
73895
12777
88998
43831
19244
77783
44126
53705
70109
90437
58349
25689
22733
4537
46031
81513
4534
15444
4638
5783
53310
22232
37252
9180
24249
4469
33110
85651
71514
34895
22342
41290
18838
4609
50616
64668
61227
8977
61956
62076
15240
38460
51134
811
57625
258
18106
59131
42075
49608
42881
59891
989
31795
8599
34091
24798
90198
56890
46738
27073
823
40533
7780
56941
76166
29986
76584
55394
24119
74488
81720
18605
26599
11617
80733
10904
85259
16471
89914
58678
73908
30051
25340
12959
94029
33710
82063
28388
89162
33654
31561
31940
21816
9336
26886
29509
60286
71002
31689
49064
51321
30119
9473
86421
34106
37376
4433
22656
3384
23303
90819
1302
50283
9843
69479
11740
94239
81709
33351
30328
58138
77996
77995
87580
27050
89185
5143
86377
25355
66686
59993
4526
63755
4897
91783
40604
6855
60156
84192
73077
39147
67364
74306
58995
88949
2690
927
10065
79859
74550
33702
50392
76549
41133
92292
68750
48804
35244
84016
76888
73100
74359
84762
51664
16778
90153
54683
93185
87804
64574
58647
15775
37367
68182
91423
15442
3210
39866
88623
64993
33547
72117
91280
19185
70249
27924
62414
36168
2878
1714
31482
34223
69146
99118
22490
53186
73346
85979
86556
58050
79107
69348
78530
12125
26296
15575
69567
35268
95544
86934
5171
70388
70232
36983
39857
39025
17376
13844
877
79448
1164
90139
14711
74619
45336
58106
9670
50576
63655
90546
89448
52138
19246
33504
45467
38409
63023
12092
25543
48387
7897
74534
48977
97435
40988
49830
60275
83843
52506
17352
64672
35379
48810
54162
81745
45755
85123
37605
77585
32173
92404
54834
5431
47502
95571
72082
59163
67188
80252
73213
79511
10220
737
62539
45722
923
14989
44665
49851
81390
50288
50485
31081
22729
10705
24742
78053
1293
86513
95578
21199
95453
90650
63484
3312
64267
43535
81045
2511
39791
35495
59194
55513
78824
45565
80005
77343
99957
93183
56249
96407
17457
23836
85756
25151
30736
66744
25116
14874
48411
4273
86128
613
63285
71385
94607
41356
40612
90963
61692
12749
60669
16632
77606
97420
80276
59689
63090
86035
99302
55767
22728
13395
63604
27757
55746
62672
30881
40132
10631
53781
15824
90750
38946
31753
85460
79301
1027
81700
15424
2440
52957
81408
51049
49873
3876
98349
32355
49771
48446
15812
92263
75336
54227
95631
90328
21846
35836
36992
87225
27543
1555
38243
92926
98119
77
83004
9962
70919
83755
46257
91183
18639
21740
38626
17470
27364
49925
32485
82633
80521
32848
10268
58452
66439
76746
16779
65377
6447
94100
92154
73928
897
14824
10643
23883
20608
40119
43285
14732
88244
11525
28877
61460
34599
19322
16525
5476
54443
56027
8325
52767
18763
53573
59478
21493
35860
1765
30324
76493
67879
52156
68333
58779
43904
7375
49069
23916
92306
74835
74881
60951
85368
67309
77682
56419
68341
12834
8630
40829
38841
50630
59107
93938
3694
26532
58284
96237
52966
76951
1435
45001
94989
48060
75419
5479
6950
49383
94066
60049
56187
749
21655
27555
14847
47104
42945
1685
95114
27016
16529
99957
90850
81322
42497
1201
21829
10560
88743
45212
40204
5755
4571
43291
39438
83733
79788
76282
87224
4602
88267
50037
70484
60449
25793
45032
60108
57442
80471
82333
94358
30002
57740
1793
96580
11664
37311
11768
72448
63059
61239
45740
10046
88982
54249
93794
42967
93795
52948
72730
50359
20116
47909
54445
90765
14919
36689
19132
65378
37381
52577
97731
77003
56001
27583
60051
1523
73250
58413
32746
30108
92887
72446
73508
81179
6960
72303
15855
18167
43352
72391
30195
28889
97100
20863
7635
83776
55581
24664
99031
86767
22437
36582
14907
37908
87563
43922
35094
86751
81898
25590
33997
7706
28660
98563
99621
52248
88054
60236
66210
43030
22066
16052
7986
33954
51950
66623
81755
18219
94896
7175
66323
28832
37164
7909
45507
23622
95209
48155
55997
52303
2853
11881
99918
21879
98877
51826
24067
77055
94980
24271
37707
84161
97868
24058
96723
87716
63910
86526
89211
81664
2587
65135
3113
92070
49490
20377
96923
73554
82241
94894
67640
85513
10419
84905
76760
30362
13937
83352
20428
67466
40151
37419
99052
9136
24814
70002
1567
12453
28179
32234
17085
14615
9076
50855
52922
34208
5363
58289
89868
3879
73191
24245
26363
86228
37365
36984
41815
19612
61392
24413
70895
26676
20348
30424
80073
19055
76684
88905
89538
81593
50642
57819
49195
33151
34643
66165
22359
5404
32221
16826
37591
62169
74724
61268
52372
76820
30886
23216
86963
47330
35759
1170
5091
20245
24034
9883
93925
29695
83808
97970
24990
33050
83487
51452
85769
27516
59244
24051
81270
44495
83560
68930
26434
49590
69698
81834
13996
79277
9200
20936
23508
87139
69038
68773
6967
1131
86844
74910
7124
30185
88905
31012
83522
66811
10845
52571
92445
2495
27431
40691
12724
29320
67929
80336
26732
36199
38333
45247
44346
37756
37081
1688
58135
14505
6752
11550
60260
60843
23416
95780
29113
84902
7574
57828
83545
32055
90168
28527
9727
67931
84431
88006
13042
40687
68494
58772
45731
80583
33287
48171
74587
98345
18167
11864
58171
34304
43099
33800
67105
20501
88020
4744
7621
77579
38760
32754
29587
53878
38944
1924
40593
19864
77592
76728
85177
77430
58348
89484
71774
40606
80668
55527
59449
73775
23469
14911
24638
2153
7129
55528
18088
87268
81420
58098
4654
42554
32745
96704
99093
79413
18897
87143
44432
68396
66248
15338
20678
4691
9212
56601
21761
8666
25797
90969
14725
46509
79293
3631
1589
72590
32353
46143
65332
91004
80534
42451
97295
60369
42253
11820
96705
65141
25690
33954
47025
43956
34012
94502
22350
2376
30084
65194
24757
18382
29230
74697
68327
95244
14828
82000
90670
62150
641
99073
17688
79342
10008
15527
16498
98793
96760
61714
87818
48135
80418
67398
94076
90150
79753
96200
45017
34634
65190
60760
24445
88600
8423
85284
28626
88767
18395
29577
7184
14184
81621
60156
28612
77300
1120
4944
77166
92110
95850
75917
86099
65876
27726
27961
73320
76227
19555
84651
55946
5278
28439
52426
2048
86445
89517
43618
9836
4530
62343
54978
14453
66734
48468
11616
19331
53652
44055
11704
28207
4342
4051
93484
92659
96550
3857
7816
88106
32690
9647
33458
7232
51869
45174
92667
74187
93947
59661
59700
66884
6485
38077
68952
90651
38234
34904
57145
52378
40495
6087
38504
881
71083
88723
15930
51652
84447
22956
63280
70636
46518
7376
52558
78811
9002
54986
27051
7989
3743
82523
83010
57769
42629
31890
17885
1532
17609
67631
33199
17768
37077
31687
76000
19938
91327
89219
32971
68024
41310
34708
99430
23359
63167
37911
74641
83034
22844
24613
48776
82689
49025
56609
98120
55519
17728
83704
93772
9548
55575
36367
37271
85031
84184
86652
2171
95391
13475
28770
56968
37786
28204
24053
82709
34784
33538
64590
63495
98622
65856
41165
16869
1928
80532
29427
26927
12811
25396
13682
87723
63571
78298
44608
57584
67003
92254
78533
53647
59090
83301
13145
69556
49797
37352
63304
26886
75397
37274
85288
30056
73768
64599
68317
67321
46757
67737
72995
48629
38719
89566
37631
82426
10751
84331
38986
52826
45867
35785
