5137
8446
6761
9662
2033
4772
9474
4604
661
2007
2272
380
1013
6129
5267
2272
4737
6791
1905
1764
6250
9309
7219
5065
6918
4811
9876
7589
8207
6457
8240
9005
9941
1410
7884
5858
9821
4278
4024
9023
694
3820
2703
8702
8322
6337
3080
6479
7173
7455
3424
6452
4539
4185
3539
913
5104
220
2396
3336
3407
8387
4707
5723
3905
9931
1862
9653
8065
6636
6017
7373
7230
8107
6730
1291
5926
626
4031
7523
5621
5905
8660
1415
9185
3277
2441
4810
808
7848
6610
8679
4178
1892
9809
4202
4196
3670
3008
8902
6451
1885
150
2831
9774
5957
3538
4360
2127
7443
7748
410
3683
3272
9107
3308
3476
1873
6798
3713
7029
5040
1670
4
3790
7027
2560
6467
8459
3683
3920
1329
1231
6374
8151
6283
5901
1595
4005
8185
2569
3234
2223
6444
1635
6540
5636
1856
5615
1261
3957
1939
3669
5493
3118
9414
6738
3706
6213
7860
8254
5387
7738
1592
9683
651
3280
6367
7675
237
4714
5592
9651
278
8560
6962
9849
2707
8720
4572
1251
4556
7360
9853
70
5440
9084
1226
5772
6771
6762
3355
3655
2413
9839
3057
9574
7784
6296
2300
8445
6215
3622
2002
498
4916
163
8687
956
9403
9836
3266
2704
4053
6447
3865
9357
83
4748
3924
1711
2515
7301
3608
2368
166
1302
3314
5213
6381
1397
9201
6349
669
8672
1682
5598
2448
9429
2687
7610
8956
5661
9238
8624
8595
6267
7557
9532
155
4637
2784
3969
4074
4388
2455
1684
997
3507
8716
5561
5329
1366
4223
1087
2742
9048
3427
4888
7582
3577
4744
4011
8539
4194
4970
8792
2504
6016
8251
5091
7207
4687
2371
4254
9663
6178
7814
8811
8938
2305
9589
9424
9750
2849
4335
7990
1754
770
92
4210
3095
366
6194
7735
3189
8775
3211
2465
7435
3426
2671
3325
1802
8315
8624
7003
3409
8526
1446
5432
1194
157
4817
748
2570
1763
5198
9704
1426
2837
4281
6029
7418
619
5824
29
6660
4804
3733
6905
1358
401
3255
9129
4629
7461
6213
909
7053
4404
9282
2695
1422
2220
7057
1796
8948
4935
7241
9130
604
7271
1089
6323
9605
1917
4811
826
7005
386
9424
1000
1087
679
7299
8569
2184
4146
3095
4827
6486
6056
6006
4914
8622
1683
9664
1049
1856
7722
8998
1329
7557
6844
5738
888
8602
1250
7751
1352
7042
8571
8783
2732
6759
2849
192
3636
5907
538
6201
5250
5618
3765
5627
7150
7125
2896
7403
4205
4821
2131
7234
6207
3638
2907
7128
4845
2328
9632
6418
3874
3643
5479
7823
6716
5648
180
5218
9457
4433
8130
644
7127
2886
1159
4472
2028
8882
4404
2139
3660
6979
9451
5814
8733
6488
5132
4637
7806
9368
8752
6488
6612
362
5525
8932
8110
4159
7577
4565
1887
8730
4578
9722
1819
6246
3050
3395
167
2947
115
9752
2158
9034
6543
5051
943
1423
8324
7965
2767
5179
4666
1238
7565
8402
7350
8858
6573
2938
1336
8496
6144
57
5669
6966
9370
1681
1173
1592
8807
4064
2439
7417
6413
3649
8088
4453
3402
2627
2438
3868
2974
2110
6356
9000
4845
7927
2533
1450
5649
5285
4412
6168
9199
279
8906
7631
6962
1560
5519
1758
8353
6359
8174
5221
5116
2114
9584
2531
1759
1445
873
2310
4489
7557
9813
1221
6982
6084
9545
9787
118
6077
6031
1992
3699
7237
9296
8209
956
9635
9973
3206
6362
3946
6249
7051
1720
3263
9973
3931
3909
840
5497
6840
3913
7314
7116
6917
8631
4985
6983
4238
5224
275
4757
4924
7879
5601
5497
8887
7771
7779
2108
5574
9793
3945
5973
4939
5499
9158
5183
6421
1858
3646
7089
6179
8983
7996
8544
3059
8538
9979
1762
574
6638
8689
9448
8421
5284
1038
5215
6061
8351
8252
3806
190
2045
6702
3765
7403
4141
6717
8524
1464
7174
9070
7618
1006
4562
7117
1293
3837
4434
5408
5976
8918
3793
867
3178
6666
2822
5365
8889
1940
4508
7485
2432
4570
5967
3891
5218
1655
1932
1307
5566
1513
5610
4257
5159
3827
6613
47
6965
4469
9377
523
5048
5743
2479
3578
6416
9805
931
4821
1242
9245
6352
5694
8266
5393
5180
487
7474
9502
963
7534
4848
4931
2903
9144
7250
5362
5001
5053
5503
2068
7767
8520
3613
5920
6240
5725
5333
7266
9613
3556
1990
9827
6909
6797
9112
7195
345
6370
2689
2179
2477
7674
7398
8142
9032
1958
2644
521
5612
811
5543
7580
1129
8867
7755
4133
6243
7699
4668
4211
9352
7484
6447
502
4066
452
3149
5686
967
4387
6397
3324
1903
1264
4861
3276
6509
92
6305
5291
2866
6087
9674
757
5094
8150
1366
281
9414
5160
295
9888
3282
6165
5684
8503
7495
2752
2070
6241
684
8846
5366
1597
1332
7694
6206
1534
8705
3203
5428
6624
7429
5395
1898
1344
2051
2932
3076
7438
4440
7678
9110
9097
8329
5918
7164
6659
8990
5616
3880
9576
2107
2641
4323
1967
9782
7551
4216
6250
790
9435
7144
1124
3683
6835
3072
6942
7095
1802
9647
1221
8512
1290
5076
5634
8097
6850
4149
3784
3367
3194
9856
7163
1364
2891
273
5736
1820
9042
4529
5788
3421
8457
2032
4757
5089
833
9229
5072
197
6725
8402
4713
7915
2168
7409
4745
4464
892
6519
8021
2346
7127
8602
902
2845
4089
5113
8623
1026
4741
8442
8560
6501
8759
8819
9395
7691
9619
3003
2805
6845
3690
4825
3856
403
3544
2139
2348
1019
6886
946
2338
8767
6587
1059
2579
6851
3181
2233
7687
8235
8598
691
4004
1993
6076
6167
4652
3539
3325
5684
6810
1909
5296
6764
5919
6691
2943
1890
3420
6542
4173
3248
7859
3839
2624
8484
5268
4842
3722
6411
7501
4349
5691
9478
9757
3309
6677
4633
8723
5304
327
2478
8096
5709
2662
3905
4091
4231
1582
2463
3923
5867
1799
9768
7385
7950
3993
9211
3434
1856
9659
8022
647
7005
2805
4629
131
