8
10
13
22
24
30
34
36
65
67
68
77
95
96
109
109
111
113
114
116
136
140
150
155
180
180
188
197
208
208
213
214
220
224
240
247
258
259
285
287
304
309
309
310
315
323
340
352
364
378
379
380
393
398
409
413
416
417
421
433
463
468
471
479
480
480
509
518
534
554
555
566
603
607
623
630
631
634
644
652
689
714
751
772
786
786
809
822
838
839
839
850
852
858
867
869
879
882
887
894
900
928
929
930
952
952
955
955
957
969
977
979
985
990
991
992
1010
1022
1045
1045
1046
1051
1057
1076
1087
1109
1111
1120
1127
1179
1198
1208
1211
1224
1224
1233
1242
1246
1256
1258
1290
1290
1291
1299
1309
1310
1311
1313
1327
1328
1335
1340
1358
1380
1392
1417
1419
1433
1439
1442
1447
1450
1464
1464
1475
1475
1483
1494
1499
1501
1509
1511
1525
1530
1531
1532
1533
1547
1547
1551
1553
1557
1567
1570
1574
1582
1606
1611
1612
1618
1630
1634
1650
1672
1702
1709
1715
1722
1723
1733
1750
1760
1766
1767
1826
1827
1830
1835
1854
1857
1857
1867
1880
1888
1902
1906
1913
1917
1918
1923
1933
1940
1949
1955
1965
1984
1985
1991
2000
2001
2006
2011
2013
2013
2029
2041
2042
2050
2063
2064
2072
2095
2096
2119
2119
2126
2126
2127
2127
2134
2141
2150
2155
2169
2185
2199
2211
2230
2233
2240
2253
2258
2282
2286
2287
2294
2332
2333
2338
2350
2362
2365
2368
2372
2372
2384
2384
2397
2411
2426
2445
2455
2456
2480
2486
2489
2507
2512
2523
2524
2528
2533
2545
2547
2552
2561
2566
2567
2598
2599
2601
2609
2624
2629
2630
2643
2645
2652
2656
2665
2673
2685
2694
2701
2705
2740
2741
2754
2755
2759
2759
2770
2784
2792
2804
2820
2825
2833
2839
2849
2867
2869
2885
2887
2891
2966
2986
2993
2998
2999
3003
3009
3018
3035
3057
3076
3103
3121
3149
3192
3240
3241
3241
3248
3255
3270
3283
3302
3303
3305
3309
3320
3325
3327
3329
3342
3352
3355
3355
3356
3364
3371
3375
3383
3401
3406
3434
3481
3481
3493
3504
3518
3519
3525
3527
3530
3534
3535
3543
3551
3551
3560
3561
3574
3601
3621
3659
3659
3685
3686
3712
3724
3733
3747
3749
3754
3760
3773
3782
3786
3798
3800
3814
3819
3824
3845
3850
3853
3861
3871
3875
3902
3905
3929
3943
3975
3979
3979
3992
4006
4019
4032
4040
4041
4048
4073
4078
4103
4105
4118
4127
4141
4141
4162
4165
4184
4190
4199
4217
4223
4227
4236
4238
4238
4246
4249
4250
4251
4260
4263
4276
4285
4288
4295
4296
4297
4310
4312
4312
4323
4328
4336
4344
4349
4358
4368
4405
4406
4408
4410
4420
4423
4441
4441
4447
4452
4454
4465
4465
4474
4475
4496
4499
4545
4581
4593
4594
4604
4637
4641
4646
4657
4680
4681
4690
4692
4694
4694
4702
4715
4727
4728
4728
4737
4742
4745
4753
4783
4793
4796
4801
4802
4830
4831
4837
4844
4852
4853
4857
4858
4866
4911
4944
4960
4980
4980
4994
5002
5005
5012
5041
5051
5055
5062
5094
5119
5160
5168
5169
5171
5187
5188
5190
5190
5207
5209
5226
5259
5294
5307
5326
5331
5334
5338
5345
5359
5365
5369
5370
5373
5373
5378
5388
5400
5407
5409
5417
5435
5436
5442
5456
5458
5470
5479
5484
5498
5503
5507
5516
5522
5527
5543
5564
5573
5598
5599
5600
5624
5627
5630
5650
5652
5658
5673
5681
5688
5689
5702
5705
5716
5723
5742
5767
5781
5788
5798
5799
5805
5807
5808
5822
5825
5834
5847
5853
5866
5878
5880
5880
5880
5904
5905
5923
5940
5943
5954
5977
5989
5993
5998
6037
6040
6041
6053
6072
6101
6102
6104
6114
6128
6153
6167
6168
6168
6168
6192
6204
6223
6227
6247
6250
6252
6252
6282
6291
6294
6296
6300
6301
6306
6313
6314
6327
6336
6337
6348
6356
6380
6386
6406
6425
6430
6439
6502
6509
6518
6526
6553
6606
6614
6619
6621
6622
6625
6641
6644
6646
6712
6717
6771
6779
6794
6807
6812
6824
6844
6876
6879
6881
6883
6893
6937
6969
6987
7001
7006
7018
7022
7023
7032
7034
7038
7054
7060
7067
7070
7121
7123
7127
7129
7144
7145
7156
7177
7178
7185
7185
7191
7191
7191
7194
7199
7216
7221
7224
7227
7237
7257
7262
7288
7291
7310
7322
7366
7367
7383
7397
7407
7420
7423
7451
7479
7479
7485
7490
7523
7537
7556
7564
7564
7576
7588
7588
7619
7627
7628
7636
7645
7667
7668
7678
7678
7681
7693
7694
7717
7718
7725
7737
7738
7738
7741
7755
7774
7809
7825
7826
7828
7829
7830
7840
7845
7891
7894
7897
7898
7932
7938
7966
7980
7983
7989
8022
8030
8030
8054
8054
8056
8062
8069
8089
8117
8118
8135
8139
8152
8168
8183
8229
8231
8250
8259
8264
8265
8267
8280
8283
8285
8330
8338
8338
8341
8412
8421
8431
8435
8453
8462
8462
8463
8469
8480
8503
8520
8523
8526
8527
8546
8555
8560
8580
8593
8603
8605
8609
8623
8624
8645
8652
8665
8670
8674
8692
8698
8720
8731
8745
8752
8756
8760
8766
8772
8777
8782
8783
8800
8801
8814
8828
8835
8842
8845
8848
8860
8880
8901
8926
8926
8933
8999
8999
9010
9021
9031
9037
9054
9076
9083
9087
9102
9103
9107
9108
9109
9135
9144
9152
9157
9158
9188
9214
9224
9235
9237
9246
9265
9279
9279
9287
9289
9300
9300
9310
9316
9320
9325
9334
9336
9339
9344
9351
9352
9360
9361
9372
9390
9400
9412
9424
9431
9477
9478
9503
9511
9513
9527
9531
9541
9557
9568
9605
9611
9628
9631
9632
9636
9637
9646
9659
9661
9674
9675
9677
9688
9723
9725
9728
9743
9762
9768
9774
9779
9795
9800
9811
9814
9819
9830
9832
9847
9856
9873
9927
9938
9941
9943
9953
9954
9961
9973
