72137
18521
38766
49666
91208
88719
23782
87157
51326
72837
64316
18996
73781
66337
44966
44590
57259
67693
34984
20019
54012
47651
7740
48469
10789
68191
56608
42391
45247
30928
91093
41796
27369
42910
63971
63850
33806
7786
15917
53596
50762
26753
3416
27892
50038
11736
8508
30520
57963
3091
2048
849
22558
13195
76832
726
20857
94597
57817
56886
31450
6768
51356
36078
1304
39222
28154
63513
43949
9743
12445
84236
91600
24226
61747
29762
13637
38230
27965
71776
53061
63927
49938
20552
56801
89250
88604
36979
84730
8892
207
13383
97018
30273
94731
74951
41814
26440
81623
37611
13858
79985
17148
71383
60943
94405
73524
4803
17776
81205
24098
2155
79012
7787
29646
87330
18334
16423
33424
2013
35082
2011
83302
31062
73518
22439
74921
44885
43806
83928
16007
42954
27743
40968
58677
31848
79308
26512
82929
27420
25172
85668
84491
12668
91660
18374
58399
93000
11927
42200
47641
70257
85926
53135
36961
79417
12390
72545
41824
8383
5961
3157
96669
21486
73375
56875
73195
48909
98618
42426
97053
54537
63147
13021
99528
67694
62544
61793
89096
61370
23011
68048
49430
19354
97932
40333
8810
3584
90698
67101
66414
65551
85350
72020
71044
42969
60196
33371
28312
41645
36630
84424
11031
63531
47752
17188
40895
51017
62606
14657
18032
44799
22289
54347
52868
34003
96839
26949
74427
66766
87442
43948
11707
21048
53158
9805
20266
85546
2043
74166
24740
9187
43011
4993
46550
78434
38025
451
47011
20971
55953
63360
25153
85105
18635
69530
67940
86784
13488
69379
44147
62810
86518
46100
36320
96085
5490
89717
70611
94309
70910
62443
60165
93379
22600
69924
4444
34453
1314
48978
15671
92811
36756
13439
71825
66957
81406
29258
33747
67434
11214
23643
44636
93177
78836
9237
23629
81548
24636
48408
79584
88772
96215
78330
93277
14111
38729
15569
15588
61817
49730
82588
77662
46906
31153
31878
4455
18323
36541
28857
36780
39541
88566
3381
97154
52508
65127
98999
52067
38761
22420
54309
65261
13220
93900
19123
27488
49230
21266
41665
196
57430
15032
17948
62454
61718
41865
61550
535
57285
78896
16681
88529
1710
71196
50757
74601
3028
9182
37346
51712
60251
55771
31694
16698
84923
2468
41247
93349
43369
50260
42523
15894
8256
60439
2804
1865
36770
30921
93908
14779
62119
44960
55383
91798
20699
41791
80106
92747
4917
41628
35927
85545
50371
28719
4448
37745
39036
69399
95893
13616
97656
37106
76626
15543
87531
20991
62834
64985
84443
20827
24732
46355
45939
76023
70390
89919
90973
95231
49439
22899
70134
90947
35414
37992
33785
49351
87
34284
75085
90365
1045
16105
25451
56176
51474
21237
23061
57890
51764
39250
22235
82362
91971
33214
61526
51939
27218
35485
22280
46644
85815
22857
4501
35585
60471
53836
47567
82694
84531
39683
85536
44350
41110
38298
75626
36951
44709
68143
5020
88659
84777
92171
68247
92649
81679
66126
29856
32892
63673
37661
37914
97487
59319
6938
41278
5365
99206
80307
2505
33378
36955
81837
2563
26043
11511
72061
84201
89027
32148
55095
70222
77521
59350
50047
73902
26859
16617
31563
96767
72900
48047
98214
31276
56775
63309
76969
70532
46148
21968
52460
91133
77345
959
14286
13351
52321
29481
50098
96656
93406
59880
60035
87868
62696
51797
63911
55053
22375
70257
61544
28337
24469
87237
1772
32422
1817
42073
46642
53735
39796
58367
2196
10125
49097
184
26334
27113
92206
68900
3773
50595
80546
23359
44350
45353
37168
47027
88775
25869
96425
88804
19257
92576
51122
94667
94871
9896
86656
56157
5766
41020
63255
9324
28809
85458
26956
59204
9290
7131
96409
15473
8970
34303
3823
84629
72348
333
55536
2003
54019
46112
83222
85466
49810
6525
1086
7203
29612
73434
91503
81658
11469
41464
38923
61924
61242
90350
63948
53026
16864
87989
91063
31888
70029
84089
96634
73127
8481
4863
66795
20183
82498
28960
29641
65614
16752
56396
58525
32451
3878
10076
17680
32700
6434
14477
72524
96612
10741
74362
43824
67321
17808
83840
47932
45610
22588
8753
29636
50600
69907
83216
99450
83170
9694
95871
16054
78652
68975
54311
70751
88130
38601
37031
54303
21924
56405
51906
32680
56870
98373
34561
22024
85128
46016
63278
94975
20983
79030
38888
2039
8242
1372
9890
24777
7397
19854
40937
8478
12067
32402
32656
89515
89831
19043
1982
1867
11329
2406
20421
885
74251
52849
74050
55806
63892
41221
98372
91217
21841
36871
10373
39149
53223
40308
78539
22685
99133
63275
1703
13278
39344
11781
75485
72431
91949
95329
24296
52782
86464
22641
31977
77781
88515
68531
17518
10276
16383
47188
67683
33416
6811
69448
92650
19302
91814
74588
96900
54031
13964
37214
67361
88497
21368
10645
72444
1984
56759
23078
13740
7905
26251
34886
41678
31349
68889
28530
9744
53270
8583
60399
11839
21033
68462
51600
65009
35371
1180
89097
43404
19892
13341
7718
50185
50758
99681
77556
34532
63708
20559
38172
11347
18219
57356
25620
63384
65937
3026
35872
7940
75679
35329
66968
67184
93674
71610
42910
68714
92477
93499
58357
67015
1331
17038
92067
91782
81484
99809
67096
40922
38819
73939
4031
26963
12495
72884
4832
33161
36147
76481
8884
34965
96177
20826
66694
6576
84042
45307
49529
17726
11181
73148
2708
5151
45629
13034
39986
46976
60951
5713
14979
61984
36607
95248
38166
80696
91403
2557
88909
9468
83700
43478
25298
113
79493
38103
64964
91713
69888
70958
89804
36806
2984
13601
48798
89848
25857
73373
75409
30269
69504
21904
27182
68928
26416
5066
29104
46850
78550
69530
76170
41675
70952
22647
37780
34937
94069
79935
31198
5037
4048
55770
20151
71163
61331
4873
73835
21709
5980
40391
67458
54531
65696
40267
48095
88974
74002
37268
60464
51541
92767
50908
47452
76626
69089
2714
69041
95253
73802
30769
68033
38985
55804
92502
48813
96012
8773
71219
65132
32590
68170
43826
35349
49911
52837
97934
95581
44917
12511
39156
25861
70944
56406
71108
48998
57964
91713
8402
53840
26898
40591
93011
48456
14068
60118
14635
80879
20513
38308
86063
71771
16597
63198
89223
96465
15884
99330
76424
63409
99224
4991
64719
48382
94209
41284
69074
17378
67346
94489
32262
7076
16396
72892
87429
4600
12459
13774
17551
26260
89754
48061
27173
43481
80214
69990
9147
99595
55132
82321
76239
17139
10025
52745
6497
40133
87360
31570
89021
60461
70371
35449
54793
30513
76638
56736
36707
4894
29491
98277
6404
62678
15284
20377
27791
4066
7513
33633
96684
17111
11811
39328
98716
19968
94164
90323
29655
17504
41597
69412
31956
75445
29355
91379
63736
48087
41445
9195
76453
58893
48471
92922
78893
97766
19503
18595
19580
99536
77775
8023
68814
36414
7365
74307
61224
99577
59697
13511
277
5296
34395
58057
94030
50151
41587
97820
34173
40407
81762
89326
41357
48269
73762
39774
74998
48299
67285
76566
11755
21421
706
33093
59428
66445
4419
8183
59579
37342
83154
83587
55050
12490
27010
73746
77016
21759
30403
13639
80058
83508
15451
47417
25475
48165
15845
93478
4507
56013
30020
50631
72835
37135
48715
27924
29008
99336
42306
18585
83442
1504
65450
81154
39684
83121
30944
62046
35352
19675
68744
37279
7501
8930
54343
69066
34245
19798
49075
30137
29845
16454
29996
32791
95267
17759
83437
31933
604
48320
99946
22449
89215
35807
95917
20743
57405
99616
51167
60608
98943
35433
85905
16826
43151
19534
35083
64999
40568
40248
32758
62152
11814
49448
16739
60516
7125
78499
1789
94305
32856
87382
24616
32219
32824
14536
46372
68817
83058
29986
54144
7100
62131
31533
95907
79044
36461
58669
5011
41486
89035
30068
95860
83916
61204
3155
15451
68328
78114
4793
64082
87825
74751
58424
1837
42430
39155
65961
63511
27942
91006
53917
56840
31861
78927
67884
93760
40119
92343
19263
4563
17067
32377
78015
12894
5499
88050
56277
33034
99128
20431
2330
64773
12193
256
73008
49214
24417
61495
22074
16007
16046
33578
4987
25748
19276
93472
41909
50293
62304
53578
64373
52354
76979
64682
18939
7186
71717
11457
59854
48047
57286
15081
38740
12163
2967
64145
14046
72223
27142
65081
36463
32233
39388
71594
61622
64167
85758
89867
71136
73988
27617
50327
73306
69066
83366
31814
9680
74648
84818
91248
99880
7379
96110
24121
88571
2334
5471
39527
43392
5754
27065
40096
77171
27420
40617
68357
54918
49573
4512
93452
62437
29917
62616
87215
80388
64794
41473
22541
87726
76951
3631
81526
65896
71134
46765
8635
21528
95493
63005
89953
84687
32408
38635
96551
51725
77695
23093
90010
1381
20482
51704
92794
33815
56657
99946
93969
91070
4110
90262
91847
34855
11856
3031
83607
56204
69008
12138
86513
36785
9018
97351
70147
35645
13848
50338
28823
19120
2713
1230
61332
72480
73128
21831
31131
93384
48164
9506
48793
44906
78028
88632
11757
20272
97375
43988
86798
96270
87672
95206
92028
42526
55317
59160
60766
78218
62637
9147
37997
12174
38434
4716
17945
11307
11271
97929
21823
99375
41320
18353
32854
33304
36576
71850
46785
92535
53244
36033
61410
38868
48929
77304
1196
97163
36974
65987
84863
19546
65361
80641
93695
20732
16986
46485
65520
83301
66892
28576
2459
34189
74164
27647
38762
61491
76494
39087
92845
19737
5578
48208
63206
20710
8513
74860
36247
57305
42280
76019
91480
54296
84749
77188
13975
10872
16374
74702
21023
26077
64115
56363
80266
90058
81209
21846
21059
58058
90883
90199
47459
44477
21864
12585
82701
66319
92709
526
71123
87101
59010
40091
71778
25774
34986
34587
74688
85595
53180
20732
82012
3721
45064
15965
49922
19342
41389
75272
53891
27945
33905
80306
95070
57917
66552
98916
37236
15911
70249
54452
75820
75655
9176
57186
7013
14334
47554
85994
78048
34373
1792
40892
52877
56311
40023
79560
16426
73908
708
21647
8166
79855
67903
35749
48349
99154
68323
92137
99495
22696
35440
13003
39936
72226
19319
5666
80881
80334
15310
6010
15624
40569
32097
19211
92294
58666
56963
66010
4547
22921
35399
70305
42673
95198
96610
62299
13146
97492
74515
82024
45927
79620
34882
16671
98925
23944
18655
6060
2783
69334
1344
16465
62519
98105
94564
81889
18767
18926
89699
84101
46245
34602
44601
10138
61212
58933
54523
31960
38818
54727
86410
22025
99331
74219
67949
15563
33096
2313
84600
15972
1252
32760
52976
51067
97989
11276
41252
99193
36875
25544
3356
39008
7148
35707
84684
85785
68935
28917
62881
78094
29200
5797
78600
38450
2052
74176
52690
13790
47211
33325
94143
80969
88808
8790
8384
8233
30385
1557
86644
79093
88761
21346
68998
80313
4910
25365
25786
84870
86333
78638
72040
52394
61633
21525
23204
95249
89990
1147
66059
15073
16977
20597
37517
10137
98164
57286
29940
96598
62468
14000
62029
18813
22104
44981
11666
23094
62274
71124
34147
34639
62808
88385
80034
47052
36481
17277
87472
23300
90304
3895
92985
69508
57778
14822
20350
68496
21511
24684
78544
58961
67898
68149
2832
32055
95007
46007
77197
2101
77353
43378
10529
68316
86503
65428
73137
6325
78905
80137
2508
52038
44028
19167
79331
88708
89243
40787
54078
80678
92937
87859
89559
47976
85464
12892
21931
53864
21726
70967
11266
1976
47041
68835
70413
96887
57128
24880
88476
14973
69955
33128
11976
70370
60334
61247
60101
73300
95792
82318
3310
1997
15525
32010
50564
96640
5719
4439
93835
24862
17879
9669
37109
52708
21042
72357
14198
44818
45927
95250
36794
57580
55096
73439
8898
7725
14304
6008
93160
28971
15425
54500
52434
30353
91931
43210
43481
32552
97518
32748
53262
26346
36155
7560
8149
32567
83774
25422
94065
29102
52000
75615
90142
13399
97617
44392
66671
7716
53815
33382
99543
24028
28001
94944
26450
32596
59640
60824
3244
71191
51110
47985
45212
1315
81870
36072
44312
97240
85517
14096
70609
46149
33557
82436
22348
81106
77095
17546
34703
13072
15609
75014
50703
75045
62890
6815
95755
46618
41337
6788
51679
7676
74487
58465
64170
20324
69460
73808
48775
46892
95610
88753
44549
15819
19314
2412
22633
23351
69179
28941
95883
66615
43477
318
5102
7654
38855
51584
70600
2738
9335
20014
93855
16676
52394
48403
18686
68603
53544
37556
70924
79068
11874
85306
14354
70317
97387
77395
13509
79822
25716
97237
64188
35690
47946
97805
69926
14606
19031
41888
38839
57796
61525
53373
56732
28295
11828
94485
33322
33520
32815
63266
39771
80578
60238
90060
78686
75090
51875
63538
28901
56682
61128
51314
21283
34169
84441
37231
52000
21540
27618
13146
78600
88045
86330
47934
16606
69722
14402
1341
86459
86805
58449
58800
16867
24392
26765
59576
41758
5336
91031
5276
15034
42210
50242
32027
95920
53030
11424
26188
17280
65197
19590
31283
95963
60265
45231
6134
67207
99100
3560
85869
81303
27657
11306
54599
57984
46297
1922
53290
73468
6240
66246
11008
72437
77337
76698
28987
365
9228
17811
44951
86815
88021
51068
91379
79755
79847
64185
4220
15520
82674
3948
16793
32853
11996
46266
28393
57313
97075
18832
78805
289
1874
48605
88528
18356
3664
25573
53515
27822
11339
31849
45471
7252
68749
81397
5455
98673
81050
95150
59205
69646
12310
72517
91948
9808
61218
70813
64133
59732
22710
41000
46434
41128
68148
1676
43456
54317
58551
8472
64503
71302
71866
72916
87273
37607
20504
2973
71060
90030
48227
86982
81982
98686
7256
93215
96500
10247
63230
38105
46024
11205
82958
4602
44261
46688
35957
95132
44816
32726
20881
6942
48892
11059
23201
80337
7184
99194
98475
14597
73381
12403
86199
4399
15189
44168
74848
39207
73372
15662
41244
41968
39855
11020
66948
92865
93230
90009
12653
17057
61294
41457
88207
2703
43568
52451
54635
70776
78335
11537
548
24069
4754
2475
28929
85892
22251
78492
82488
68314
17742
62075
70483
8896
71746
29341
71942
60456
15569
46557
41525
89128
19656
70463
8033
10507
70486
40952
51895
23331
66460
18434
20442
80924
98605
7106
70890
63364
70195
51521
19463
81931
78374
74293
9254
41464
58051
26301
3107
98164
38551
59954
96808
84598
52356
92192
21937
84670
1075
51510
59574
26439
39915
6005
97523
85672
88911
8896
587
30825
41010
76016
56746
24988
26611
28620
69977
3769
30195
43545
4546
88052
35962
4508
91836
48412
47325
32967
87467
47973
13106
87258
58032
60266
86278
79855
8204
48472
38957
14440
42018
91591
28642
83212
47130
84986
69269
939
91000
28373
16129
91148
80554
72087
81244
48648
95573
49507
65942
17239
43012
21705
43855
93888
47731
39365
98975
29236
81346
16744
52635
46241
23330
3432
24893
13164
96512
90992
74673
38300
12195
64398
51891
99070
60554
53892
66959
63876
67362
76762
58041
51235
39439
88596
17588
99799
49454
10488
93149
2523
25908
79819
8673
25715
18131
74294
62662
7601
62579
4214
49148
84646
8543
27442
57168
32372
79438
63411
59465
49816
82984
31349
64949
90574
14268
88351
60769
11114
53661
49881
59606
89645
12523
63802
3971
74450
68072
34197
32715
3221
96959
13615
81216
19188
63054
9626
71916
35125
64439
25398
13545
25943
10843
42613
32397
42011
67671
68777
51599
25869
15618
65263
82298
74752
99702
47292
86882
42929
34270
82884
69698
6320
63078
81294
97036
21770
68083
67055
28761
14802
96625
49847
60143
56805
47216
27333
35662
49758
19655
9148
86613
27916
41824
93634
56602
62223
43097
44481
9100
37705
22168
84942
68335
55656
85213
49511
39669
63208
15164
92334
43756
10065
45522
97783
4247
9588
40733
9595
95229
85729
36777
27068
90587
72730
69317
38709
65780
55213
35347
67871
60868
64928
40130
82716
85028
14943
53462
16186
9232
5147
55060
47601
38170
30146
91277
89608
2555
57491
11850
34438
30873
81959
32865
85988
24282
80713
49967
5660
19859
20107
23274
54747
23213
90014
62907
76195
20578
87941
20497
99222
68161
90473
60699
28233
90324
1672
46831
84169
36715
54892
16493
77714
92156
58154
27059
54517
77056
92084
60566
17630
85514
97145
37853
16648
64334
38929
65921
33573
14417
9216
12042
52965
820
27291
37002
29873
25874
82391
81768
91249
2578
37508
81992
16045
45798
94713
26057
15988
33091
36877
24734
18078
57673
90996
97462
34112
43356
53675
15251
98688
32053
59494
9382
2046
61502
29316
22762
75460
14409
72406
90851
16098
59825
36568
88208
92412
25333
1986
54271
76602
77047
48623
97843
31230
80070
75602
24339
79690
76119
12869
59720
56176
68483
84653
26958
72389
52599
66656
46870
65080
35688
70046
94057
23772
66436
86879
66065
1392
30947
63820
96131
95315
69560
98315
70445
32248
60310
19070
57136
82575
21710
62760
80800
28284
26369
58406
82979
57720
48047
97390
55320
66092
23032
75854
40854
77550
53253
5300
19312
97727
88857
33913
92847
23279
17474
19533
26662
576
68301
70621
40355
90543
47831
52370
12531
54215
80389
68834
50227
21658
16634
7545
932
31666
83519
37900
30897
8921
90068
19064
15411
36307
53037
25666
53896
6706
21566
2948
71346
64371
258
23115
587
26301
98207
37474
34698
84272
79255
60351
27993
86456
15394
23300
52455
93693
66144
50638
22904
12644
9097
61023
50987
82375
33439
62356
94882
53579
87993
24643
59493
27966
30069
15837
69188
77134
2703
11414
51471
9877
92615
16119
99786
12409
68628
77465
30247
99604
51519
64238
7776
31299
71373
91934
85408
42196
40331
10729
94183
57460
12862
68953
25808
90691
59530
86266
21234
33323
83116
98626
96048
81793
32009
67747
73782
96505
95791
57505
58984
88035
52445
94935
46690
61525
8551
48674
66008
47339
88601
40501
33126
74754
30802
80941
52823
52406
93092
60311
16494
10117
80752
92475
89187
57033
74215
74029
67512
37624
77088
51064
94450
3752
27824
85339
39445
82470
20839
81861
96569
30463
16946
40577
79937
92373
23114
3490
14928
50512
80582
62060
38471
87682
24797
41220
73952
96632
36855
37196
68017
29333
45141
44635
25666
14055
66273
64450
75781
94498
18698
10054
45119
38666
64229
3684
91720
8442
35967
36694
23479
81428
4329
69309
14014
24912
64241
45354
68873
30983
47038
93607
700
62399
4994
22999
16269
95748
83778
79318
68658
74187
59565
44577
29283
1246
37931
43560
52288
50170
63938
15214
26430
67210
76922
41178
94574
99148
7119
41996
64961
94547
71145
18629
17386
84208
54453
7111
30945
77632
16240
48721
21416
84002
7617
63581
56387
51751
63015
92820
13015
46560
52092
13160
67694
67493
74820
40370
74816
95482
94367
71110
93150
73641
51515
58119
28259
86777
76384
92301
73867
28913
43151
62274
13143
79200
25440
70612
98937
27221
37248
83110
44959
978
88925
1208
93604
14187
64053
94780
88199
91175
84001
39545
62204
74686
6
90908
33431
15325
64682
84227
30840
97112
73133
78417
91394
52852
87017
35667
36439
94787
74621
334
60045
97529
80718
43399
40937
60144
64772
27907
48916
51179
68679
57033
11565
34071
93116
60523
95789
91211
92076
16493
74793
91639
46966
2157
34004
74035
75509
33030
27402
81331
25761
5007
9047
19749
37358
5297
12192
24642
4980
64344
25371
93326
57138
24130
73004
94973
45157
52936
62695
25647
3420
14017
74905
76420
82283
4491
80583
14427
16424
9456
69603
23992
41060
44028
99732
88208
13948
10863
18133
63550
67100
58919
18944
11378
62259
35859
74940
80559
43128
45637
93668
62887
21307
5903
24015
71842
94960
23250
42717
56370
93748
86288
13896
92286
76256
81527
91438
1713
15406
54717
74696
56677
90326
72387
32686
68598
91447
7396
30564
12262
75246
98724
74231
66253
37865
51311
87664
88530
26098
32953
20521
88234
12682
61612
16254
2938
74639
47238
46329
23071
89944
18115
16398
46699
39361
64411
88094
71915
4795
14707
82167
57645
31820
96068
47030
65755
27618
45071
78689
63691
34793
19704
1669
4883
71391
84342
83441
30992
22300
55
78752
57567
50202
85820
16082
31660
37594
33967
55682
23354
24598
2702
44933
61564
21637
51651
27584
92029
79772
60898
93071
86798
19406
43835
98924
29594
83645
49484
2617
9467
99275
35925
33176
80870
58328
20366
12336
99710
99592
94891
75537
8128
48878
48108
74123
95147
28360
46520
51626
3338
79503
30048
68813
68808
47881
28137
99611
134
49638
32660
89126
7773
54936
94456
91117
96511
46180
20228
51148
34453
11263
89264
93402
39508
82179
59039
36812
78571
51835
49496
42757
58341
32652
78861
43010
60691
12243
89065
22490
21544
94617
24736
29908
50946
45256
93339
97098
55097
74852
15549
57790
15100
71846
44157
17320
56672
53633
84858
99468
5107
65127
53640
84156
55850
5271
97679
39557
71916
87329
59428
81639
62586
64939
62045
25323
28796
35031
46774
44344
43244
9130
23427
43100
86449
71196
30488
95357
71484
96969
18971
84409
72120
70853
46263
47073
51822
27977
83059
99269
56714
65842
49121
96422
14426
49179
35335
1481
78062
53756
8524
59559
40227
65491
78677
74676
52798
47296
94760
59744
55095
66450
51080
51261
82310
42896
36544
33353
80712
3098
60022
55428
829
3007
8098
30296
19200
10974
96748
47582
95370
83389
43267
61885
14228
79584
3324
71497
83516
25259
71815
85246
95201
13647
55231
15356
75613
79255
13286
57388
78567
44408
28429
6589
91900
35100
17036
2729
76121
70884
67991
53655
36367
83672
24023
93709
13536
14768
75721
88916
45039
13506
29493
97657
51364
25993
5273
57537
44262
18631
94479
30882
58084
54043
32910
66680
98352
50630
82862
21845
98483
50629
59842
63864
11865
64241
1036
3327
42853
9046
84494
91410
84860
27629
66154
78613
47862
18250
34814
16300
50768
2957
5666
54021
59590
36071
99597
67752
94451
42619
76765
25454
57629
99260
1634
50162
39912
97751
19909
15529
76021
70607
1298
37802
36076
7534
80225
46037
63491
57073
17651
6052
37495
6024
67907
70354
23119
81726
78609
74770
20279
9176
79701
62785
76971
14195
4627
69956
41483
97617
14690
63942
87225
72293
71656
34476
72470
28052
1018
33997
4625
41624
1342
96667
19578
12587
45658
96742
64465
7181
63033
53927
67139
39240
61893
18532
79356
2996
59905
56942
41052
62590
9608
86350
2364
27726
48742
8727
23320
58285
31805
23586
28055
75141
3747
82556
98890
32331
80404
57069
31541
5799
40394
88588
5423
2491
99274
82904
84794
51811
22668
32852
66922
21560
76796
14016
85535
76000
67316
83479
32542
58496
98785
63798
29619
19047
30452
49871
81283
44423
91544
41653
25602
72500
43351
78188
68984
14293
48097
18826
36297
81233
30766
52307
33329
24349
87988
39219
88717
27759
30764
37773
81174
728
98860
4183
34123
87606
51719
12635
7845
46394
6513
14610
21262
85903
65366
42747
60169
634
56801
91023
56626
76254
55666
80526
27877
98858
38724
90885
71879
52722
55072
91701
63066
87528
24037
96715
81987
27560
15722
28547
64726
9809
72894
70654
42410
111
83832
10778
42938
23940
92467
73218
65007
895
99273
69698
90654
41658
51165
18690
48622
26357
45021
7080
87815
28783
48637
67080
35458
40250
80198
66671
63707
74137
60882
8911
42761
4801
20673
62334
37267
14113
99732
48797
67017
16578
98351
11223
60030
59303
68961
22767
32870
50450
55323
48364
8789
37810
44227
74265
43532
26282
44290
90329
93514
27786
3683
75584
3785
88696
75821
13462
66753
52099
21853
38694
51414
52390
55785
17648
84638
40451
65661
66147
17812
43096
22363
61186
24990
80268
87937
22324
46887
61825
97866
19382
21832
91904
61358
99108
37801
45874
44187
16058
53006
96890
3041
40224
82384
8560
20760
12686
12633
1226
65209
46511
71579
54399
98718
98564
73904
35736
40627
31965
812
39779
89812
97056
71202
50683
32530
10101
58202
82410
10079
61585
95090
92177
79320
70435
58485
34305
11602
18303
51895
66209
67303
90648
23408
42715
72318
49888
14944
25592
41978
33025
64259
95216
43319
78094
35005
17112
74386
5402
18644
78846
26436
32571
26774
63742
28372
57598
77021
45872
63839
133
96354
42717
18744
9884
25789
88465
49051
90631
64797
16927
70135
10871
9596
48384
67175
8850
89236
77427
73866
74973
83993
75554
6754
14283
67934
29674
2384
94483
61575
48490
14667
24404
13018
45669
52810
396
52819
58564
84941
89321
80195
5605
69816
93036
65738
98278
92288
49409
22708
39610
65685
98401
41421
7553
60415
1447
92319
2665
15087
90258
53681
88395
21811
32485
52921
30544
81258
51640
38770
39858
17639
55028
51123
81389
59202
50462
1897
41941
15823
33690
2429
63113
49482
8363
15174
94043
58684
97869
33111
68787
47499
34273
44860
2548
67268
35605
73064
31706
41687
93452
66822
48125
8256
72049
58212
8054
58393
8508
6873
12332
57688
25165
86069
7444
89405
62979
82989
98157
76289
82953
57813
54820
65001
15565
51627
92255
97879
67327
47007
82605
33280
32004
76318
66344
46308
70790
94348
91989
52338
20442
39772
11281
20397
49051
63378
65545
27363
31263
25961
56362
67140
23652
55978
34190
18561
98933
21680
96831
284
71891
65709
24827
63712
7185
42556
3270
35945
34675
69223
56366
27018
29178
92069
1732
81938
2307
34188
77972
38088
32195
57249
51044
63418
19032
9461
60584
22151
9604
92599
19185
54459
22254
78791
789
90899
50187
6405
37260
4117
23242
30899
98439
869
5628
69405
90892
7605
57412
99495
80114
86872
30500
67434
68054
44655
55182
20978
72740
59139
28014
45044
76133
66030
34189
57847
49849
91694
814
31583
91161
46091
89856
74975
1538
76134
55284
69006
88914
65027
70885
90737
37853
32333
38393
49243
10841
71331
83501
36860
99113
14380
4745
63307
35210
76780
81094
30170
35731
56411
26386
12705
87484
52082
96801
46201
38370
69408
40498
51593
97543
89860
52859
97869
63461
28939
75186
10579
43708
30442
84749
78735
85789
80029
41933
59218
61893
12080
96217
96301
91832
47344
83259
85248
63094
38907
66965
68423
40804
43460
21207
64684
71802
12071
18290
71898
99234
29943
91474
31302
9287
22369
43756
33842
41816
63795
36653
67286
60833
25344
98762
49910
37911
81404
26679
77728
28320
96372
21154
95827
54031
29314
71239
49524
94021
97781
10287
5873
92988
63889
62074
42213
94585
89969
54552
20282
32841
1268
73039
20716
76850
26390
97770
46451
70855
48297
60000
11300
62666
8812
18818
50740
76580
80327
94778
61398
10471
73532
49840
41916
21323
15649
30398
3432
45172
28204
5449
8346
6525
25239
66974
5551
19495
34573
58787
75180
9444
54044
92622
51032
71165
38367
16263
71867
64008
47201
7348
40146
8243
76835
50325
96322
63887
20367
50551
97250
13489
98758
97824
29012
41426
42960
62896
28887
67096
70706
64953
27637
84868
81601
34538
12067
52735
14300
92871
90734
42692
28759
15679
346
35853
11714
54445
32721
15715
38686
89721
74702
31443
76476
57819
9271
53910
63114
91483
29546
89026
45389
16489
73814
37430
31032
6305
8638
84064
94191
89263
68514
65609
5278
47059
40932
41539
14983
82782
24577
53098
63692
68502
34855
72918
58419
67464
10213
15610
3044
89273
66752
10629
57366
27117
74148
45811
46526
47161
19073
44303
90634
41230
82364
60902
38252
10578
42404
40695
71516
62261
54576
34217
3846
38067
63826
21046
26757
76195
57406
86247
7599
302
86775
42999
59151
94117
88745
95549
7827
33793
11600
10934
19821
12377
76903
18350
95395
25366
78534
7992
34292
45503
87243
43772
59622
74795
30545
77112
15283
11908
64830
16891
99265
26872
90801
40667
42471
4025
66013
63545
74053
8269
9647
52160
42692
35560
86240
42622
61945
67487
33512
85567
74029
46454
14724
12498
91713
97146
33778
10189
15523
10562
1883
75483
71740
69572
92331
19932
12605
21751
4626
79459
86005
29246
19411
26999
7342
92601
16961
85929
543
67339
12374
32109
3017
75470
69895
6517
53042
82620
45319
67525
18714
99393
35635
2075
24194
37683
67101
55186
53746
38520
97732
88948
26209
71210
78728
72550
8957
37964
29806
87970
48976
96253
85727
1978
96056
79861
29141
8037
27053
56762
48813
72024
92412
1650
93204
19974
31897
36742
12684
31855
36599
67477
5706
64313
54544
74761
88644
25375
55825
40505
99237
47566
81376
7838
17015
12027
13131
32720
11240
53318
99289
60812
93562
50490
90445
60954
32969
85327
40728
66500
74476
50296
43040
11525
83013
44426
28067
17040
26682
46725
9758
42597
12711
82630
45923
43304
82639
51672
25014
6062
70412
66220
1397
44598
11425
68516
21655
46794
48282
86021
75410
93020
60802
32115
62317
3519
12188
52959
30583
22989
95575
8246
18646
73780
87072
14799
42533
97150
6163
80033
46553
45225
39932
58581
85763
23424
46110
59217
27126
4637
5850
70499
19714
82130
24131
27448
61949
66878
16011
53422
49431
25041
72108
92909
17995
60381
74743
35535
44392
37114
57042
44291
34788
72769
84116
14843
67106
80691
99617
79280
14180
48839
47460
69791
98702
85288
13799
34342
25694
53436
44693
8932
12904
11419
45654
19941
48441
4658
73766
90781
883
77064
52658
65168
38638
12104
24255
51637
67583
99189
71681
97443
23615
50755
74034
73893
31092
94215
51716
77195
52658
25734
19605
73304
1510
31577
67673
84829
1607
26350
87166
87631
48089
6518
88446
46792
94675
53244
13541
51235
53399
27211
7399
61572
37595
51661
89201
49023
7373
93678
1912
37321
35646
46839
14646
67999
88872
21455
60813
73655
96305
23888
391
11676
8395
19195
22429
92846
49184
40777
87758
1707
452
86061
33427
5750
50927
94984
65043
37359
76258
252
25265
49561
75358
12908
56296
2062
5542
477
79867
21478
89142
79316
91838
68312
77672
3465
99935
71561
79564
3785
19755
32357
38957
88889
46177
6241
78318
15969
73526
82747
9659
5716
62386
25625
28679
59346
12739
20674
76549
56204
57851
6647
55428
7485
45313
21233
4417
77834
80001
88911
9772
31169
27040
98757
49986
25988
36211
4628
56113
63783
65294
61540
41925
89488
39560
68949
25395
53338
91631
97495
61779
16269
84411
36681
26984
19273
9735
61100
52508
39561
4181
63949
75177
37282
97301
61123
98044
20837
73828
90721
48570
80565
58983
23661
32886
1206
27353
35797
48003
3746
99873
87816
51422
45862
93847
92079
85699
67588
55914
54484
64601
68389
33167
42625
55466
16228
34910
24894
62706
79429
90215
20814
76949
11258
17274
90103
81264
91405
63288
80990
74110
26235
17390
70671
67303
74926
32783
62438
17146
4141
88122
87628
20747
11489
91567
45223
56982
2841
99212
99776
33367
42370
91258
39427
31365
65696
2085
42047
68451
17428
2777
85794
84762
29672
79089
47340
91821
6555
89297
77175
34348
5847
23677
53652
24491
82314
8822
78711
54242
6205
7099
59365
47026
35303
8844
80652
15558
19838
52107
23044
22770
74607
12537
67197
86996
86813
27506
30760
89226
94445
95242
71545
42521
56725
10395
85324
4565
21820
82762
21211
83572
86313
97002
88310
25873
34952
85027
82810
50786
25127
56191
25723
972
58268
64824
4615
89068
60131
55773
29662
97891
87757
89984
17291
46698
16219
55099
62648
59310
69718
44541
22378
50004
95346
61595
55067
66130
39706
74641
53656
48032
8558
42084
42146
27592
25833
36903
54930
2512
37642
16078
99308
13392
89308
52497
34985
53942
77247
1669
40919
3024
41936
78030
13973
76511
70462
46239
8671
74921
8604
45062
11532
96900
59597
71748
62388
314
89410
9266
92837
19625
75789
37462
32189
24270
86383
24558
36211
7346
50766
77523
30902
45739
96051
30680
49421
54009
72013
44019
14637
93034
41226
23610
76482
35322
9063
67932
56101
58124
62216
30894
38358
10976
41352
99385
78038
14271
47665
80532
97078
95370
94692
75913
46277
43579
63500
52753
28635
86100
62447
17699
71132
38276
46957
45500
30251
86974
60185
72290
85679
43401
27620
65366
81879
52240
30932
390
50474
40839
14567
14911
64236
648
20481
55254
62004
345
3654
43612
70991
52224
45216
53035
89521
95621
84989
71794
59483
23206
61322
64961
73092
6596
76379
93165
77155
2859
34437
19341
76993
47239
91573
73791
88141
41029
79936
68358
33635
59843
86499
10309
65075
65632
95873
22577
60
36134
86214
95080
22748
11149
82490
92808
33435
32096
71436
96838
83692
27306
71343
680
16600
15160
58133
74475
63127
56863
47927
41690
29263
71378
40885
38020
33134
77005
31219
56262
50005
60473
89566
77108
94573
60543
32454
18693
15416
46357
8332
15691
26396
608
63142
88713
38257
43949
40161
52161
94428
51435
56365
59995
3492
10133
8619
44065
48733
32501
68518
61414
55701
44960
65172
90298
47167
4846
54883
33366
21798
46454
31521
56227
93223
57257
89752
40598
83592
54910
21507
54884
48586
96028
21989
30697
7393
80063
54413
95950
7902
93380
49562
71592
3838
96569
79327
82954
66767
2604
6097
76597
53492
48731
20826
15773
67961
1594
62100
85735
36228
93988
97224
45479
78910
92292
43177
96262
88042
45543
64755
63207
76107
4654
2122
56065
41710
63648
70088
77876
1064
39428
96165
40348
11162
41208
55862
84200
14814
26135
5750
10797
38684
15274
56534
89609
83452
14779
84148
26001
73059
35327
54315
28632
39428
2513
86262
50462
52750
36850
64878
55552
17992
33880
81911
31622
6166
86695
6308
38679
13245
73768
66696
94385
80825
73290
58919
28058
59852
98800
74698
25071
18241
97464
4173
28543
24258
55739
14028
14889
74448
54046
12298
31098
43325
85698
17380
82607
25107
83859
6303
42096
12897
73146
23870
75121
68107
88766
28879
43212
27913
67498
76442
87053
11956
21257
42437
70385
78661
37791
6772
30294
87102
54753
10830
82882
21405
68993
47000
42551
27600
84094
40251
60858
73431
4496
39882
48892
28622
43754
1058
11240
92346
76839
89005
91555
67676
81593
36469
28356
10656
83045
62536
28668
10611
42716
98330
84403
50334
45717
5196
58759
17826
1831
66136
38453
47880
36796
75666
85544
56317
35203
43327
96726
16507
82417
13641
33100
92189
11047
21826
1086
33138
64741
5695
96047
94084
96580
29693
58738
3132
25095
78209
63393
93700
16558
26591
20879
1299
79051
49303
53768
89409
92094
11293
93178
38333
95490
52483
16463
58317
28204
56132
77433
32673
19560
93068
44841
83813
1303
39909
45861
26545
31628
63620
75033
91072
24576
8963
30467
8125
93270
95841
50107
45992
37540
75225
56556
1040
41186
40868
70677
26520
14047
98368
16243
1614
50201
96917
43509
36121
87812
7529
9107
44474
59679
45148
30191
10102
33922
6184
62359
9629
19696
83207
3838
87663
91488
186
78028
83114
55278
11554
34114
68705
55610
64988
84447
63419
2580
84654
29096
67950
16176
83374
31035
6948
67421
39334
22886
31611
33956
60576
51737
96605
98319
26250
37367
84687
52826
33282
69742
14414
59828
38693
14552
9076
38500
63509
13402
42919
77619
40371
51744
62896
2489
76493
57318
44824
58916
89018
61037
55952
76915
44204
51059
5771
49464
25568
86782
14642
50151
20782
65369
18859
32149
7685
82402
8817
71285
363
70147
55217
30727
33548
77125
19130
50607
25944
11022
52867
23696
75495
76899
35959
36672
93921
14371
41083
92506
63600
34497
66200
49245
55116
15153
572
75888
18732
81974
50562
49486
80836
97339
16986
27066
72345
69334
19815
21595
97036
40720
47740
6834
71689
84745
85229
93251
77696
47940
87992
67652
82333
72977
50509
50135
61445
48083
95059
95902
68471
90497
91393
47340
44820
89089
94523
98246
29113
95378
77861
1673
3221
73553
6772
99019
5686
98040
5655
99110
74431
84985
47954
65866
27417
18151
48445
48872
38733
3102
17219
79162
3083
78267
52470
82487
24675
72209
5673
42991
43376
10120
90638
69744
36613
50283
82999
47042
71488
2210
88747
99026
482
48999
73726
77748
95909
19795
5258
43056
78856
15983
28339
89025
16218
2149
3537
52659
51452
96564
96612
70893
33464
76753
29548
21367
8038
25076
16410
55434
13917
79651
14208
98185
18076
94321
39693
53494
75011
38616
97153
22168
91202
95672
74819
35024
19346
15577
70613
72218
98028
94980
20491
84419
29838
52226
67933
22085
13390
66674
43917
33707
70230
94272
58152
72315
54912
20811
73136
54200
18841
57401
15725
43469
7705
20548
61785
48875
25469
80650
21903
2313
66319
68762
54010
18674
34111
87590
5419
37674
31302
28138
24823
61394
50827
75247
33480
48178
28592
88308
19995
78790
88249
65532
16016
45807
38848
50589
37614
48306
35919
42868
94357
94211
59638
69947
51288
69247
46176
97401
29072
2146
99585
71797
43726
46004
58650
19526
22336
25640
9762
64440
91413
4575
80728
11370
2658
13525
45633
48751
55473
4023
76482
55229
18395
1632
85823
32893
59196
35429
4046
51065
31141
58514
77654
38228
67025
5164
95987
85662
59857
67957
91510
89597
95321
9060
45878
85665
35383
56308
50927
56183
72442
43976
54776
18798
33566
72028
30107
11587
96685
27032
40607
60563
58130
89468
46678
93758
77031
14584
53817
31787
65450
1329
1163
84319
83729
56410
69680
77645
4099
46848
3360
5892
25079
46151
43723
81366
7625
86608
14228
85702
22903
93115
70320
22055
98886
28602
85377
74170
59811
34036
911
61813
82368
48924
4489
64813
30331
59301
56012
14707
25257
79118
79689
3917
84600
3345
94885
18803
28568
46154
61227
24293
14007
21890
60447
6209
44172
93816
30578
15437
4667
38872
83667
13603
36962
28787
54042
57336
72764
85761
51815
79700
17269
84699
30670
95039
540
25402
76249
18127
87211
33914
74671
67605
87159
7882
884
82472
62791
88128
99297
26067
40426
83468
64609
50962
90691
5785
27764
1148
48718
97528
4971
31192
70523
33165
11077
14588
80746
21700
53505
95159
27328
88699
59589
88402
80041
79423
67986
72798
33082
44049
66916
33495
35684
66234
67749
61125
4472
35021
96468
52568
96320
61026
66751
40328
63603
40186
74322
62701
47170
98318
86963
69664
10202
77343
41083
78850
78547
93133
53463
68373
4688
68432
74348
82574
52944
96459
43315
51272
89975
91207
64623
53278
139
19302
20504
95385
49728
92588
20572
22313
80609
33738
42442
73060
24292
64188
73005
11072
21347
10074
31490
12309
12970
78991
16047
61133
75664
13069
10997
82127
89750
91754
27590
99599
54111
3935
52913
71434
24881
1439
96756
28189
41710
39686
27230
54060
50338
10474
17158
30203
32732
95282
87850
39506
92514
85388
10548
63099
84186
56579
50130
38474
14738
50055
65992
22820
33530
5221
35999
37804
22371
94599
13050
20299
7301
67874
88412
62170
89414
14187
36069
62979
68566
17419
15457
93721
86191
59662
84182
91798
14472
57292
94456
8662
2658
59670
30671
84427
66660
63856
92151
15451
54686
66424
60522
59106
5733
45005
97259
64188
14894
60382
93151
3583
65064
19602
92130
1908
73320
81677
79265
4185
4915
96215
65485
26890
43708
74797
10175
91497
18784
96361
23082
71043
44518
39733
85919
3831
61191
92657
61010
92385
1596
96879
78273
99309
49581
52304
86436
67505
40428
20900
25422
72033
15567
4698
54512
99527
84018
38227
64368
21511
55514
8015
48179
48290
45116
31338
44330
55913
75787
7582
56959
13997
6350
66181
83816
45198
1116
56749
85370
13675
79775
99681
48546
99892
41533
28213
88772
97690
57125
74498
71562
64942
45450
60001
49718
17506
25123
31505
55083
40361
30262
24277
28746
64610
25027
92060
6955
39601
20507
80974
79170
6271
74709
27496
51997
22417
79741
14465
21365
31508
43562
86958
7103
16293
80639
59418
11240
68393
66384
21225
54404
27377
90932
14989
81730
32578
32196
40296
24826
34966
64560
55250
5591
76236
67097
73833
79313
51628
57869
12927
86225
55419
15514
82406
79686
55620
55400
10560
59096
88911
80296
69126
80164
43517
42714
1784
92458
29715
51343
97198
41021
21937
3300
95126
3852
71391
85981
93822
50478
50779
83853
95723
98638
96267
11014
79741
60461
74509
60001
5396
45726
99081
87696
31205
199
57153
60451
64308
98660
97709
34017
85813
84842
75532
24212
13708
11133
95776
9371
29545
90172
55095
17675
46593
47373
42783
48247
73215
19085
2232
63752
83671
73343
52875
85685
83607
11922
3573
63183
49693
49183
21616
60018
38421
99222
42094
18725
35466
82245
10998
40922
94012
82182
95356
37755
5328
55734
68371
11508
87172
33977
29654
87501
65751
87276
91767
12116
61089
21186
51843
35130
81443
91975
81992
53481
64330
6377
8320
21735
20951
37015
66261
72203
29658
98167
10145
15888
61549
42556
9593
94442
58815
9641
86306
97237
17224
33628
54759
92812
5629
34572
92903
14901
67066
40796
31929
60664
83750
92816
53815
37079
61755
49875
37760
98545
850
39712
9982
99295
5378
20192
84979
81145
53059
97338
76815
86645
20275
45711
6582
44991
42569
84017
70952
60890
24428
22476
88556
81022
27379
47530
27769
55197
63071
79723
72967
44050
32108
75900
66483
7808
73266
56264
95520
68037
24730
27908
84320
20977
34667
38465
94918
77386
953
28870
52021
25955
96640
11769
35565
17208
96337
31217
81528
24753
26891
39793
77076
67986
43824
31245
95788
16177
58519
77326
95667
38252
22269
5889
29532
15696
31570
27418
47924
49881
19697
31245
48096
46866
38493
53333
56549
85408
55729
31512
45096
61930
34478
81300
48102
79216
47173
90869
68191
24942
11709
4129
26819
15740
20548
46305
67208
98420
20768
7083
26453
43360
40726
91023
63003
93834
74060
88390
25467
23003
48743
32189
18186
66410
78432
64897
28452
41024
59438
40097
82608
91498
72514
51924
34687
91122
92197
15808
68475
8112
19300
76400
67126
13629
80415
27656
12174
70384
83721
41645
78829
58387
45379
74503
45802
90143
18328
77667
8481
40187
27664
2578
52196
89919
97201
45068
62319
25000
54807
88947
2652
51424
499
41027
38664
46062
73139
73147
75898
46116
21958
98760
94811
79167
30071
96909
79022
67392
67632
85415
64321
80531
28423
9690
87569
38761
44057
27024
20100
20830
71003
66959
78833
47805
45042
25797
66119
49650
11255
70305
53756
2493
62001
82573
56040
98638
59131
83766
44025
89478
97497
27860
857
47926
18695
75946
82204
44338
29785
51685
14836
96732
17297
63980
36902
39900
21406
12927
64717
19699
17348
54413
3331
9509
67748
9882
52535
69907
48095
33189
10927
93946
59020
37850
43303
13207
25622
93757
99263
9018
70271
77375
97083
42669
91572
43910
52551
47806
5077
72159
45079
32129
86601
83294
12800
16504
20139
1719
9615
71368
1860
39902
85787
25181
73898
44669
13511
34172
41365
39280
49603
80027
28349
75522
37494
5937
17049
50443
8996
62062
80189
73209
21201
61679
63560
67884
95426
44806
71031
48676
85028
83771
75886
42932
31008
23880
77464
31355
1762
47513
19403
87589
69560
74040
21129
82303
28610
34852
14632
37327
44391
90129
46165
64320
85125
55120
93038
14441
23212
65838
84314
9698
80359
26952
56583
17084
55794
40650
81150
40500
74409
15418
55119
2194
77145
69939
65297
20089
72606
68548
72009
55390
99884
82249
67362
21791
13978
19492
59860
20000
53764
62149
76479
14897
1828
69974
27390
81075
92183
35293
44485
28881
55005
45978
75593
15573
31980
17867
14305
77275
69270
37667
98270
68071
10874
72275
37086
38642
46185
26500
22537
34911
4184
25854
54533
1366
57922
17490
22272
1380
56730
21587
61481
82896
40479
98891
41919
59221
89804
12876
2831
10365
18871
1665
25845
93199
68759
91647
73422
98819
80174
30535
59419
55579
8721
45793
37333
12065
56777
24417
89231
28290
72840
41638
93483
6962
17585
63830
69614
19704
20520
79393
79597
70882
50312
77926
91379
73373
99430
10167
72256
7412
24846
12165
4082
36068
7090
39651
82042
4450
96995
25673
51136
16865
5686
72096
88041
97425
75990
75394
50193
54765
76419
44703
46823
31384
96163
45620
52061
68377
36885
68618
47711
60064
91476
25174
21676
37985
95426
465
81800
14883
62192
46539
8501
60776
42563
25212
90603
23075
27606
29430
44636
5752
65745
12988
18051
38603
90403
54159
61227
20112
48301
47527
70461
89451
32776
99320
24685
54833
94939
89513
9455
96878
94191
90736
2800
59732
72956
29207
50612
28976
82498
16752
82530
30409
94532
77167
99473
71507
16843
18542
46662
19099
36731
12653
13280
59976
55994
47967
26129
31462
46826
5390
81706
69512
60811
16357
95224
57568
18666
20728
40502
2232
70171
72426
43782
3238
45665
5330
76233
34321
2524
47431
42502
31081
99274
5731
13329
16712
1344
53697
49864
685
13161
69520
44623
97393
59683
55884
99125
88287
65583
85362
33382
86993
38213
78081
52012
31945
101
88000
92502
61864
84432
53985
26815
79503
49405
11940
43941
12561
13506
37587
69037
86728
52006
2491
44646
86682
84729
15472
53658
17030
54454
83388
767
58318
83616
63635
1530
53675
69884
94672
56557
32986
23823
54799
9861
76339
34959
39770
10415
1484
26634
59386
463
63494
368
54587
21696
4696
17361
50661
73460
44316
50484
49583
94805
57780
87551
44963
74277
26915
40544
13250
19541
102
16847
91808
28679
65795
6402
90386
1731
6902
99473
66334
98830
13052
88690
23831
38613
12741
2167
16355
54274
27213
99177
3228
31452
34756
68620
64270
6423
63974
99121
6606
47113
32483
67897
56641
76725
7908
42277
33147
27902
19675
62360
81853
11562
74678
63854
45091
87615
90850
46564
45129
51047
39785
86581
28865
8014
1791
63506
46394
68451
73844
95505
67280
73089
99334
24168
91398
44995
33025
32084
21857
82550
86555
33008
83005
55002
39369
77816
71674
91033
10291
77951
68488
13015
28372
52414
74173
60193
99934
86125
79399
56636
54987
78270
41477
13967
83880
1528
44805
79976
41322
92180
56902
1619
58759
92175
13266
45717
83886
19943
21930
40762
50470
49456
25907
59883
41806
44303
47782
39520
53688
67352
13452
79128
39446
37953
30490
62398
82943
27230
99978
19175
27779
84008
55867
57440
33377
68072
4570
93478
61519
97459
18511
35337
8932
59345
45414
97657
10695
66495
49070
10936
93594
16273
72690
19829
20301
12587
28441
83125
52701
73170
97663
29971
53227
55400
29705
10767
79022
29258
49898
46654
18206
58040
42252
54741
62927
7533
87128
23195
36017
34059
54487
15079
3345
37377
85670
94991
88241
21910
83914
60614
46273
10720
56789
9657
16690
73044
4740
43334
88908
84896
77122
30387
65803
50597
51968
50866
40533
23796
85901
20241
27523
75328
9269
36821
50224
57654
35687
63222
30493
60853
12879
99756
67335
63976
39114
77037
76819
5494
87027
83540
45700
15855
14239
29026
41993
33726
59311
53954
50918
44430
15517
59958
99174
63420
95957
4135
49608
94823
20846
53307
76283
45913
8707
11976
12637
97497
12941
24566
43049
590
18738
39538
1667
75839
7201
37376
46372
69964
26779
86164
88999
13944
81045
85968
53853
89042
68130
54294
56142
28666
88410
15447
95270
53683
54505
98955
11615
13753
88007
26457
10756
33295
85754
64072
12877
86050
98699
74733
20003
43405
79796
81016
50047
41035
10523
62853
58446
82358
59089
52766
40573
16663
11939
16808
6069
78931
77818
72647
21799
82470
28854
47553
72076
33062
4988
58986
15181
41020
80794
11271
39394
41029
59438
45973
62514
5855
97544
44866
70339
19908
38712
48826
31680
9765
95322
47562
50453
56469
79194
61562
37472
56230
24893
22107
52518
98994
49611
97489
55593
43292
29599
46848
99308
99980
84602
93224
91953
69072
29604
92457
45225
14289
29748
3841
7404
96531
43279
32944
90359
52962
34696
3172
66499
84696
80686
62456
5513
79948
1796
53222
34982
72603
2705
96421
45554
99996
62062
93967
69169
64441
82760
4617
56411
3754
60700
82759
10851
62881
17004
48481
51245
48933
46850
74148
34949
16080
99756
87150
39630
17925
12751
50003
13704
51029
46312
90777
68481
62166
88755
35465
40672
33982
26334
13996
93430
44315
91793
94144
93036
10745
17397
77159
19917
77852
85832
47241
56661
81637
91361
71598
17390
94831
88530
56996
83569
90272
43503
48099
43212
31618
11847
96077
99734
14857
66537
44036
48196
85454
91726
4858
45334
46642
73950
48600
41954
36812
74080
89032
63314
15363
65333
46860
79250
83688
71901
21949
56381
76564
16444
60619
54712
50547
39769
68206
84255
78076
86693
46186
50709
62357
31155
54253
30036
40003
75962
98693
18285
19815
33184
99364
57848
81435
26175
40560
50311
77360
96354
69047
61788
93751
762
84317
13536
57681
57166
47246
6284
28035
82634
82811
72059
9641
8792
8432
71989
72900
63610
51625
74394
83784
9901
21997
10468
65309
54910
35586
52295
44670
59305
21349
99448
4786
34241
61483
68576
9555
3504
71664
36339
65537
28632
6068
83441
83528
63147
93981
6420
12480
73481
11338
61878
25211
36167
43374
62884
18831
29551
85087
95896
61124
26862
67105
15011
98343
5507
4868
53884
29516
97330
48667
25779
42976
74297
79511
66092
18527
37586
7950
49360
40927
82274
87422
58390
55196
43594
72094
25905
33566
36226
3503
36526
32884
12484
99963
57370
38764
71659
56894
68840
52507
71341
3357
94710
70282
15919
42331
3540
10965
28258
89324
77229
42141
49412
23597
3419
46398
50520
11637
15680
65882
72975
52862
21258
71158
49223
65173
92288
85656
68702
22377
52996
73953
83602
95363
35536
30596
99828
49921
69687
12097
83410
10832
40457
97555
85551
42995
80177
46998
6043
74101
60238
15111
38888
67681
9921
10989
21982
43149
61834
30281
5382
78770
8801
95676
16960
92594
75004
13924
41925
27375
86719
93414
88075
82331
4796
30319
74639
80074
31006
61946
73947
35275
52811
8381
29321
36209
2622
38208
27344
14211
2979
74087
26268
3974
34557
73960
46758
10130
43442
88908
8652
28252
82605
43747
88687
32790
62068
84304
64906
41875
61539
33460
11883
9159
10068
52837
36106
45272
66841
58744
70792
41391
16145
46137
57763
60223
51275
71841
42720
31472
16001
29238
84062
68873
52777
13126
79998
11450
76099
42770
25446
82439
42499
31805
76588
75375
68135
33510
10336
48256
66429
43343
86219
37765
16624
10845
50905
74138
16019
93596
98218
69499
43017
69918
83459
29491
98964
76553
15743
63743
77943
95596
66631
58812
94850
69662
4905
43209
30320
32935
54321
67493
11761
32332
59830
20100
98419
69996
65324
15558
87176
37319
7879
89847
71258
48372
20281
37716
30301
68902
84845
52464
1352
71478
30752
33451
27450
80606
80572
96885
12551
324
8315
29078
80672
17313
52330
34144
25788
38423
14690
58593
50691
48977
18624
5858
57257
69203
79539
6211
31305
51739
21020
73300
53087
45861
59257
96627
36112
85614
80729
18356
36163
13232
96669
12633
73983
86939
78452
98796
41330
41988
17763
96511
28412
91043
95020
39890
21034
29908
10552
26132
52683
59992
22671
56437
86536
86866
59699
63104
9431
74504
40743
52547
9811
72789
87227
78577
51564
59911
69338
46282
64056
70628
32162
86799
82965
89491
82836
4545
41890
8569
97352
55017
90650
83501
69614
50764
82083
15477
65955
85594
66928
34993
13833
6665
18048
19592
74733
46313
80412
7582
38747
9845
19064
9240
42121
11075
62876
57481
10472
86860
5353
28185
24824
53160
17474
48651
1336
14101
24363
9073
87142
71091
98674
43210
30094
98499
96990
18510
97291
81712
18726
19559
20937
36800
76592
32940
99886
65074
34436
74629
74708
44456
92483
84574
33282
62700
35845
23716
1205
70085
1124
33151
91626
27067
41083
65408
57144
74015
92106
77341
56079
71018
32678
36107
85515
73515
41801
43268
56260
33882
79425
88658
56164
33501
54180
38711
70647
40958
43217
70957
5149
90574
93087
88679
99857
43115
9879
90123
12245
72592
54118
24607
88635
54624
31386
47596
28407
10410
25210
70832
72475
26001
96448
24499
44849
41748
23666
93729
10724
49865
2303
77732
95852
24297
18069
21981
8690
37706
14293
63303
71767
72286
35918
80128
68994
85013
12217
57891
17977
93440
32944
53479
45953
75461
42175
99915
7624
8608
60482
13625
13043
85495
2700
56507
17907
30846
25799
63031
33501
77582
58582
94938
62241
60378
56172
73932
59667
99246
12429
35720
87430
99404
31459
24336
56995
25282
92680
47393
20463
68319
1614
49568
70780
54700
30492
80332
52758
90655
67496
68440
27302
49301
15042
24080
94678
685
21695
51295
33551
22986
23232
28820
50649
67557
96604
11162
26819
38941
28272
71510
78936
94236
37089
6313
47365
4809
42709
79928
43603
804
80165
13960
72349
30129
61855
46329
54926
74184
21350
18832
37545
21643
87861
43499
13452
32591
21552
77474
62723
20098
71774
2610
95363
96571
95890
34804
67323
70741
81280
10110
27988
63507
35024
81804
67897
18278
34639
1808
45244
12801
63508
27411
14300
63182
94668
93358
47311
22760
5933
60524
6263
4047
83010
30344
35990
61549
26673
46509
71158
94716
15207
50259
33606
26647
77476
13994
49614
2150
56251
95123
14945
8778
59177
85201
56495
44079
44953
30208
73023
47644
87919
65823
77537
80070
24739
91204
42659
33889
76589
85748
36315
12602
33582
23019
11404
90855
44266
29255
99545
78245
98343
84325
29338
90346
88643
3453
69035
67403
61519
14961
60467
32123
25738
49942
657
20030
60808
51250
20772
38164
56448
8512
45254
27810
198
56042
45815
37779
15447
87159
11070
18150
13604
92035
28012
34996
88627
61888
97500
23319
13869
79182
69729
19933
18947
30363
83313
36937
71657
41385
18745
79930
89814
5168
55277
75004
86555
68924
1155
72265
96966
40109
44098
82549
82603
11474
23270
86918
16504
19922
96667
38038
64653
43814
95681
58930
82721
46507
83908
51999
98407
58516
2867
68590
62507
65917
1972
57853
48725
18045
27223
98631
35550
57969
92212
76565
89577
97682
29989
58672
39793
42908
20166
67564
46952
51011
52691
24430
7405
60494
62042
15976
84543
94260
71209
94127
39474
71202
44658
39304
17072
61866
16
920
29712
66314
59687
77523
87488
59402
91395
33424
8970
31831
95481
9636
20275
67270
1093
65999
37869
77559
55675
13836
23242
96114
11918
45710
36752
35979
29557
91223
21026
64112
54593
60863
90595
75693
17308
97907
77719
31581
61682
49178
59471
39757
27037
61673
52573
3951
40415
68120
20488
27661
42829
43341
23047
73778
43558
52159
28598
30109
10705
61500
21043
43606
63512
50026
89207
42096
27363
21941
90868
49613
60471
40063
40531
98599
18372
92736
16986
68904
19427
4659
26733
21108
21946
96206
56932
24384
6627
99200
25592
98346
61229
70600
31703
92124
67916
22396
31179
38697
22656
25087
1726
15494
54377
30915
22195
8970
46397
16322
22491
64962
7204
19490
38372
73412
37654
61147
50791
13125
804
97409
26441
80533
20541
22283
22582
83271
16643
35443
84661
90786
79929
59182
44489
32121
74003
9969
37258
54005
12985
15499
60238
46174
16681
90773
82281
5881
71146
74895
93712
79874
96612
76421
39596
88563
11067
17744
55798
31927
41596
83564
56623
31266
41024
47621
72123
33462
24113
95580
56430
81142
56608
81149
41627
58165
89268
11512
98282
9766
85431
92888
3253
58328
60393
38437
70566
77890
42953
88797
45913
96834
9386
31556
88041
44396
46095
83682
77556
2139
84827
87752
47516
74690
35410
70804
37103
77628
8993
49081
52525
71440
13286
44651
16639
77136
68188
26628
27094
75431
74974
49127
4408
44853
52925
76713
55401
60927
97090
95101
86210
35665
52129
95939
34086
41222
78630
1686
84645
44282
9175
32875
87926
3929
30792
3051
87054
65442
96719
90265
78249
87691
6888
71770
66747
1693
2377
3797
43137
12437
94338
71025
23571
57590
65619
77641
73720
10922
96123
87492
64025
16932
59768
2842
15673
19288
92723
67548
40725
64632
21266
53836
63725
83196
17985
23039
13052
78991
6396
88447
47540
19213
89334
30002
93795
19374
7630
11523
87731
28329
99570
29181
37208
59278
750
93364
15250
42805
34966
18634
4086
68133
67586
59245
20325
20286
69962
96978
89001
33221
54235
16643
13214
53666
56927
62804
76458
98872
53565
28682
34907
28858
2063
55210
85306
44953
30842
2120
28317
46837
58280
96405
34822
23021
71752
69243
76083
6671
74541
38581
80150
19315
33836
67393
73655
71559
91844
80718
92566
26023
9931
14279
61942
24363
41877
94072
68817
6087
996
52407
7324
84800
65555
75167
86624
93303
98451
74817
22703
77341
68490
1608
88760
98985
9861
62940
4818
83317
66644
89346
13013
44789
76475
93704
73171
51554
6867
13571
70039
90259
35519
79036
28335
86147
38742
4720
10550
83349
76441
50741
57630
32538
19584
74274
71861
77543
20125
60213
29044
67692
30741
89801
36983
27480
9679
95792
72101
42882
79630
26190
43811
42672
45274
17485
9507
59409
26782
60181
65662
24683
54381
90048
3581
74349
80192
42775
44617
75509
51721
3992
95989
40822
69038
82652
92095
99002
43117
27585
16442
45292
10486
16232
51285
46716
73922
81151
52082
55010
58132
60609
96425
72245
92280
67397
21235
27015
71107
44843
78281
24583
20939
2233
65650
82691
79805
87233
21085
7872
10563
4870
38925
88116
18095
36617
4698
35207
63574
16159
16969
50274
13831
9931
82250
52523
12606
84627
17776
89544
12061
43252
93013
60265
90253
42089
13846
84672
91122
54436
13948
91624
98964
99062
53970
7423
53412
92242
10722
65894
21262
62090
94982
3984
89490
66140
94854
97907
10415
9740
77502
89210
83119
83079
80369
90460
41581
55123
37935
98129
15581
30191
33333
65270
81778
80490
26384
64382
99854
53264
36458
49387
44243
1105
42171
71845
96589
73866
48456
73571
78164
8422
52952
27892
99387
28402
21805
37780
19267
66126
1182
96593
31741
57598
70347
67435
57840
39652
81266
69297
55323
3946
95320
36038
55392
6329
2184
42767
58897
48070
32856
7879
31061
86102
24742
78314
49891
94249
46152
44669
37331
99685
42920
52482
83254
47965
60255
65288
41337
97714
42350
10098
52477
57397
13710
98768
71278
42843
92582
34309
36857
88746
11501
70828
11982
19422
11586
81614
12038
72939
48968
7953
44112
12941
68636
10316
45989
46876
87035
95773
16010
9612
39638
58587
28282
54936
12224
59821
63605
70359
33178
78454
98337
84727
81842
91088
59367
99887
22424
12657
29511
53557
35944
93631
50316
38463
9652
81384
12405
11401
40996
10985
17114
75267
49343
45517
54527
30771
52479
34071
56253
57331
15698
45610
61738
54321
27737
10641
5959
65479
28327
73564
55296
52596
17120
32039
5358
67237
53086
72688
52243
61595
43570
14049
75597
45932
37224
58397
97238
42077
78419
80177
82531
92751
16553
88533
37821
14768
47063
49448
11653
35263
86231
71691
5305
29922
90902
40715
80772
46047
76294
62822
74534
24737
97840
80999
66503
56401
44675
13355
65524
78534
18124
43588
6504
86393
86642
39903
4445
18200
48980
73589
80760
61199
31027
77782
85119
36929
79402
72473
81908
63858
95937
76420
16159
8642
73488
92080
12474
23507
57002
89896
30540
47514
70991
14394
47375
37958
13957
58328
20141
61338
27398
77909
2765
17922
82089
71864
94928
66141
70946
13434
33387
29862
24192
15774
87090
68114
55149
90154
3363
79285
64478
10837
13023
27521
92711
77167
44148
76845
81930
50539
56897
45270
55636
6424
73363
79584
91327
35221
90090
59963
45601
53372
39166
83521
11891
22641
69790
74282
34995
99557
30358
78448
66209
63619
68390
18112
27001
53735
84677
65772
7860
93672
54374
89530
25098
22521
32597
4345
9506
95805
67869
94770
89116
40530
40902
46543
49281
66308
55292
83613
78700
1195
51005
79316
2522
3467
16834
92478
25231
24665
1447
99528
318
86616
60731
8445
43226
27674
51885
93964
70903
18266
98478
46514
18918
19491
65327
16971
19654
92002
23960
1654
86137
29675
37329
37121
46198
87567
93280
20047
52812
62228
8344
14965
57380
87144
95976
41020
8312
73610
59218
2996
80704
51622
28579
98809
35203
88360
92643
83848
31305
39111
1275
2637
18177
55852
455
55435
71435
32530
21252
21175
83119
3585
33936
20721
88589
16580
29231
59466
27236
92590
52563
32164
95844
77991
70433
93474
98046
7436
32679
90946
70447
19949
40018
76575
36947
37124
24119
16585
55707
74632
86414
20931
25791
71688
213
42102
59840
97840
92689
91063
12276
48536
40040
24795
64591
97169
46488
80098
11211
90452
6592
27118
23175
1258
89044
65325
58989
41552
25810
37374
65017
82484
294
18433
86230
87561
90118
52885
16281
86104
53660
79216
74425
80779
44703
27151
40545
17397
66969
41495
84325
45252
19673
57112
34204
25653
44182
58127
61533
47
42620
45602
77240
88999
36841
8988
48361
35693
12740
37457
73568
29346
74029
47711
10060
86617
26207
57096
95164
91280
22365
80525
8212
92214
28142
51671
77436
45440
9693
11072
72522
53059
32612
86900
70152
41434
65522
47014
96022
50139
44937
36742
51342
65469
17195
94436
90411
32447
88314
62811
82960
69700
41308
23903
39829
78371
44429
63593
34355
19660
66676
87393
62535
62557
41252
99738
1678
39323
33222
32706
82772
70626
85358
45695
13676
77766
42346
71776
89008
78050
68432
17540
48955
95951
52872
68567
21790
37136
51407
84321
58701
32056
21352
46797
44384
42869
1600
51818
63671
48756
72923
82437
27521
53885
83811
76374
29151
90391
89590
24144
73723
34241
22185
14797
54901
35900
2261
88033
25143
79259
92069
92829
85070
55568
20595
73886
24594
9107
29350
89996
448
86607
94320
79989
19109
1189
69289
48470
85474
33455
46051
16250
14271
24692
83125
60431
92275
2020
82524
79433
1104
54326
58840
69622
30953
895
83206
22027
85621
74049
4268
37399
1488
22457
54464
58787
35464
85837
46012
36104
55594
23727
18774
63269
6691
29206
55072
47826
33281
85671
82560
78206
7547
64381
25067
49223
45493
14839
19052
7166
92768
64982
19629
73798
54856
29977
35782
68118
10953
70020
96151
76099
18619
65647
6169
97202
97014
74682
3044
54749
6722
61248
15868
59714
98004
72051
18772
1315
63516
10729
75977
14327
25560
77719
14541
48260
67523
40279
23098
94955
93243
5606
20773
92671
76079
35034
62462
79903
8734
41288
65535
68475
89397
35598
85411
86307
61850
44785
64776
31760
72029
36468
17063
99668
30437
75625
41841
56336
96133
9930
70334
49915
47118
36537
45693
54249
84283
96763
60804
59086
37907
38489
84306
31893
10320
24737
27538
48519
28517
58507
18853
93343
74523
72023
33222
54367
63267
15458
58026
21663
62611
22829
44624
116
79668
53301
20311
66885
97290
61428
24804
49062
21561
42546
25659
23328
66411
22086
54142
65495
46650
40563
74571
56835
7289
56507
55765
1427
6313
4943
2473
58086
6445
40311
27259
52215
53724
61270
91852
73691
60651
19827
71690
20682
41891
43000
10235
80764
89881
13121
89775
68658
63738
24866
66529
45855
8438
56324
98591
15734
31343
10139
36493
76526
37235
76732
6836
25947
92941
20544
94722
60438
10001
52669
44026
87464
93606
68953
95362
88310
20374
60128
78345
34841
69210
7227
15247
38380
60630
92293
29394
31836
13773
30480
62128
18683
22244
99487
8434
24494
81538
49975
74957
81408
42049
64523
31292
99492
58386
67992
30218
31642
53674
87192
88141
18947
1059
59375
80820
2458
16862
33287
18972
10282
35935
89557
4007
23152
91158
76688
27736
5560
55940
78229
59562
85201
15500
33211
49874
95097
51477
28616
20797
27506
18257
8694
30054
2274
71241
82713
28013
61395
47083
99026
80974
55983
2091
80572
10708
21136
76425
41858
23752
22551
21876
27958
8572
85058
41288
5018
64981
34500
98725
66210
33529
53848
82153
41046
64803
7305
34499
92749
94000
69336
19865
32093
71725
8159
50477
93413
32313
55795
77904
3167
38224
51829
62666
4381
53285
15661
6489
74667
98853
18976
65092
84478
87806
62969
44027
98608
67203
80970
67896
11771
75940
33601
82071
57650
32468
33646
72269
31161
48969
52919
57004
36288
30563
76797
93292
5570
11375
95528
2134
13375
72217
75792
61826
88474
36658
19825
79414
41215
23438
55143
90985
34371
11103
56164
12850
76469
4370
69161
36828
57707
63074
13483
72978
24719
68415
33085
7803
15181
13465
68117
69549
22063
98216
72820
68241
3310
91474
92228
88705
48689
12725
89028
76054
46742
23605
38631
63612
18929
97058
10547
