8575
7933
204
1831
69
2035
8057
7815
9280
7155
8424
671
8901
4296
758
3586
9772
2580
8314
6132
5721
2432
1707
3892
2619
5497
1416
5639
5494
71
50
3873
3791
1204
1067
7100
7955
9511
6099
6819
3012
8868
8516
7342
4349
3492
2382
1276
2206
7921
9935
3681
9977
9314
6566
2144
6322
4631
3731
5707
1858
8363
8373
2741
7700
2128
1168
4635
1522
943
42
896
1222
4266
1850
6253
2342
8289
5720
9031
210
6205
2217
9645
2848
1235
6016
1366
9168
4623
6206
1871
6164
8210
4542
4086
779
564
6539
670
4378
8530
1736
9723
9290
3440
1965
3746
160
2282
6860
2901
7495
2216
4325
5502
5499
2263
228
4659
3128
3388
8001
8237
6419
5558
1669
5722
1600
1964
352
4527
1210
3981
4615
9761
5233
6945
6624
5142
7146
4981
9060
13
9236
3078
8655
9617
1015
553
957
4869
5659
4610
8373
2703
2859
3178
8044
7564
2833
5721
469
2827
6148
7596
2658
3695
1111
7272
4883
3989
3505
1502
6103
4333
7452
544
7205
9538
1380
9206
7763
8059
8677
4325
9186
1306
1881
1329
1431
2257
3790
7447
6800
2009
4762
9627
3026
1796
2924
6200
802
3923
8258
3495
1037
8405
6130
9323
6993
6875
5631
9062
7266
3654
7638
6749
2310
9100
1293
3872
3129
9373
1004
900
1677
6043
2589
8147
3382
1165
6757
3029
4222
5452
9627
5292
8447
1664
4720
9931
8675
2791
1145
9948
2162
4854
7524
893
3990
5267
5677
3054
4045
8793
3601
4758
1888
9532
45
474
7896
1859
3312
8557
4187
2284
2618
8120
2916
1260
4064
1653
2474
2666
7584
4739
7910
184
3413
771
5801
2401
6668
5674
8520
7254
7279
6410
393
1305
1749
5840
3894
748
435
9216
1264
5546
545
7662
3390
1753
3562
4353
6773
7361
5596
929
895
5689
6098
6942
9173
8154
3268
9832
3084
8841
3122
805
8507
7829
3216
174
9332
1297
909
5075
9229
8242
1821
4031
6730
7013
6186
6668
987
4892
5370
8435
573
2964
6774
45
1832
6393
9206
3437
8697
7087
15
2772
235
2760
7161
1981
3752
5003
606
1135
570
84
2228
7628
1239
9392
8492
6485
8332
3691
460
3339
8903
7845
8105
8716
7052
3041
6699
6284
7891
4502
5342
7588
5297
6434
4185
4421
4366
3702
4284
3205
8148
7946
9359
9922
970
4660
7417
7055
7051
4257
8752
4695
2360
2706
9741
1585
2667
5050
34
3409
2204
4357
7560
219
2966
252
7043
5137
340
9999
3874
4616
2532
1131
7566
7651
9351
6693
7240
5656
5456
9331
832
8169
8714
6863
3169
2959
2260
9242
10
3955
4313
4116
21
2199
7034
4073
2088
6209
8727
5805
5890
4268
4752
8467
1808
8688
9479
8980
3100
1209
3022
8965
5373
6599
6672
9487
3048
957
6865
6446
66
2613
222
9296
8411
7912
542
9405
1585
6624
8438
4974
8404
8102
7457
790
3678
6693
5916
6577
9989
3385
8472
3688
9518
4843
1801
8206
9476
963
6505
1748
8317
2045
6592
3874
4373
1307
2134
3944
3261
4095
6551
2513
1454
9965
1994
179
1613
5459
1334
9860
8598
5511
8998
7915
7632
5139
6129
5868
3891
854
6183
4375
4730
4825
2986
4671
6107
4270
5165
1099
7224
1840
7145
8119
8592
8621
2103
4359
9406
353
3097
3854
9768
9588
2545
9463
1576
8587
202
2403
9409
7587
8250
5929
5
2535
1070
6912
1127
7221
2456
2084
40
7826
872
8108
3177
8481
8546
8532
5105
2608
8809
3311
8790
6352
1238
3361
7172
3125
3071
8708
9938
6689
2675
8879
3594
6680
4654
1033
4940
678
2783
6233
7591
3120
541
4734
2400
3802
4068
1486
2569
9277
7743
7659
3062
7503
628
2547
7519
1908
3454
5436
423
6482
7288
85
9490
986
2827
1079
3677
9943
491
3573
8661
1072
3755
6621
7807
6321
1298
6598
4870
6810
6234
8167
8250
8016
9642
4620
640
7885
5943
848
4403
7223
6989
8707
8251
1308
6686
745
3226
305
5228
2422
5572
104
2737
2444
2133
7648
9239
7461
5865
7518
6455
2450
2724
2532
2667
1432
8543
9381
4397
6446
4686
4799
3210
4091
8113
3674
8013
2111
1202
4958
5070
478
6348
9810
6134
3290
6550
5155
9984
9650
8888
550
1099
9591
2288
2812
1747
5964
7672
4395
5175
6256
6144
8446
8599
7636
4983
5470
5279
5860
7874
3899
7739
7548
8620
9067
8611
5601
5496
4534
4902
9935
3124
5679
5698
8135
1311
2708
4139
4605
5803
2996
4169
6709
6900
6578
7072
5870
2450
2713
6231
1811
1108
2022
6715
9998
5625
1629
3156
5574
5460
1628
7484
9409
5810
6921
3862
8146
3977
1435
4815
1556
3980
6424
7985
1379
1915
7691
9470
5043
6309
9422
851
7182
788
8875
8832
4941
9718
8965
748
1809
7631
5473
363
4507
831
3292
642
8138
5613
59
8142
2760
671
6223
9232
615
7961
135
5328
6277
6564
5058
986
652
5033
9494
2030
4129
1685
2660
6257
3496
4954
7325
1034
5707
208
2118
9557
6526
8897
9638
5467
2184
3075
8494
7214
9019
565
1852
6988
9113
9389
38
8697
8424
1073
2602
8792
2883
428
2833
4807
8703
2410
6933
1598
9954
6222
6061
6841
3756
7360
6544
2592
9312
1701
9923
6299
3087
8180
6912
3968
7913
8962
1397
6060
7648
7688
1992
7352
9042
9570
8177
6803
4137
6245
5868
9061
7857
3127
2337
4144
161
8564
190
1440
5055
5534
9888
8300
863
1163
4698
221
2043
9182
2333
9385
9096
9701
467
9127
7062
404
4623
3373
3453
3116
5176
5469
8068
6121
1806
6681
8812
5367
6376
7138
4166
449
8223
7166
2773
1438
8135
9432
6012
8639
9989
6152
6832
2198
8855
656
7124
4792
5813
5412
8081
1928
4884
5495
6165
4962
7516
2068
7056
5386
1331
8021
7262
7640
5981
1070
7396
202
6312
3886
7257
3104
600
6811
2152
37
7011
2658
7931
8736
6454
957
3998
