65220
32169
39873
31125
9827
36971
21789
4915
99010
15679
78751
24638
78359
2208
45470
55112
61405
82380
26900
43532
99254
99581
69969
36412
47110
39239
88085
5561
33900
26552
94849
33905
16174
36497
9417
73471
79842
28910
7008
51174
30166
79888
77210
53368
11147
77477
60407
67537
73952
12931
43106
99783
30288
92426
80295
72459
8150
66646
15504
84255
38758
4555
69316
48241
5506
49861
84089
74229
11850
45819
97936
93588
70984
10112
4810
32631
4466
63511
84608
5963
81588
30913
86771
33473
15058
52640
89913
95501
63149
70178
48368
96183
35698
78471
99866
92990
17616
47371
14731
11952
43489
83782
73396
21950
29960
27859
81729
27972
81157
99982
40262
86479
84768
65213
71411
11447
17967
37751
36322
87336
71666
84347
83602
57455
6742
19073
41475
21913
39127
16722
5635
53606
11406
94066
64407
15420
86848
89740
68957
48651
40696
79948
70334
81415
21594
12660
62213
18995
25733
73334
58153
23572
14642
76736
94274
89688
72483
44178
25480
89675
27514
47116
41165
87129
81928
40326
98354
69085
88487
48307
50306
26667
84104
83841
87475
32961
95037
1565
23542
22566
89754
76679
16695
67304
99320
15418
66677
35446
25200
19284
30833
67753
42045
67895
75235
29339
78419
89611
12649
9862
45648
39847
94418
69526
89043
16093
4077
62998
24447
89595
67139
41972
17780
21100
62361
27085
65073
1065
6640
27828
33689
12675
87329
88950
52301
20311
25960
97970
44583
88113
79702
66408
92717
68564
11782
58195
93874
82411
57164
60967
92991
14640
55220
74290
71605
55116
34326
48032
29153
30560
42663
20456
28318
69146
76592
88052
6490
92254
92137
91352
93798
41694
34512
20655
46224
10330
15588
38195
50952
94353
99329
17043
29945
4820
43946
38928
81588
71887
10221
82466
12661
79669
41974
21802
35773
25149
13931
18058
93937
29006
72860
18075
24824
20945
43533
52788
18062
24582
18067
88450
17408
40975
63980
4158
11383
81363
81589
31643
39125
41969
3197
93565
50618
7963
34019
43911
18286
6071
11959
54594
8433
23798
9654
63031
32065
11965
13679
42950
48741
22484
69197
95415
25574
80028
37311
75809
59522
92642
26675
89092
49694
29235
7246
82069
46506
66719
70623
77867
96546
18057
93383
77540
83341
37229
7605
73590
9469
18033
39480
26321
62650
57521
97275
6664
36511
71694
16391
14402
90453
13435
42981
54025
1127
55538
40919
66933
49048
52152
29376
63295
70559
21310
15060
14312
84842
98293
71754
55427
5643
93506
38668
57936
52506
9437
7040
82508
49776
33473
18991
92949
5716
52785
66115
77270
68091
71272
8137
10198
27921
93558
43604
53796
85300
77379
75784
76673
2455
24892
41484
47588
88126
69627
1091
63622
35616
84884
53211
33738
7381
22130
95321
84515
30684
62816
1941
13792
45948
35331
46044
85267
47804
64860
60268
916
59941
11736
8826
66788
12884
56432
78444
57293
69766
55745
47385
74764
50026
61909
6833
38848
43458
73408
23682
67725
85104
77743
69287
53046
64756
82320
18694
15864
52042
74081
2435
87264
90594
44985
26695
60645
63870
75683
13880
24691
72570
80395
73540
53098
10047
23126
24094
33660
5075
92914
34154
21606
6336
85673
39931
2264
73437
89931
9693
55870
87787
2849
36292
86005
1427
90862
50310
76024
89181
76920
77231
90398
64316
58411
36623
53701
43995
50087
7508
10855
26834
99983
4063
80502
74695
62752
33712
41072
32478
5097
81506
15076
15666
8936
63985
69473
29213
19066
12271
62828
34405
21857
69484
43679
80266
59382
50306
27221
78035
21449
47070
955
61652
76623
75744
73411
32294
92845
63257
34360
35927
38592
8731
67663
44887
70453
80678
52861
19063
53671
24608
25264
51540
24528
41406
46330
69918
57852
29438
40341
9499
87996
74771
29311
80856
19072
41308
73246
88152
37546
90658
22022
26130
53771
93060
83531
69561
48999
76158
74960
15764
58126
79749
68836
19654
52173
67217
19815
79370
75466
57963
22985
85430
51186
77625
42480
97675
1482
5157
53838
48944
22562
21647
25714
70524
35039
26579
42906
59767
30300
20553
34238
61339
87140
93322
37017
72758
35449
42512
84831
26679
23976
18420
73130
66793
96793
8401
23964
81943
51845
31002
23205
12182
35975
11818
91437
94507
51349
26050
34883
79670
12546
24764
97039
14469
38528
61583
62644
32664
76868
91227
30057
62723
74332
43882
29485
78997
58303
26962
67116
67607
8408
98371
5259
11424
55303
63932
51375
96024
48314
11674
23335
37072
74806
27881
76430
64034
29406
6306
74635
28244
42826
29662
82776
6067
98975
85843
11792
10018
35681
58073
45687
12855
6080
57718
36009
56905
78747
88758
96726
31939
97711
47724
1999
30535
40856
6938
38241
7990
58158
53820
84543
27600
91769
44977
75229
66918
88715
51354
31717
99519
76972
22393
15750
18540
84021
31327
63771
59418
31443
93148
4601
61370
37981
74663
28337
52244
11719
76971
56929
14002
29796
11914
43210
27134
83479
73050
25785
89937
13166
15199
38504
17984
68406
19176
91006
65577
24820
96644
59959
47540
94184
55335
8565
63137
38954
24235
47739
72944
44033
61569
79047
47543
95919
7778
91680
84190
694
24732
51063
15637
71860
51448
18803
8820
46150
24770
30719
63648
5310
60224
26514
62622
68762
67851
92774
21857
1419
99253
74797
43862
84354
35475
20985
82696
75494
56465
57142
39738
27696
79836
31124
55645
1886
13537
76289
81657
88554
68805
57658
57970
49582
89363
40664
80935
15804
92765
41489
90117
60411
82602
74779
67461
86826
69242
90221
70397
61369
16575
88921
34808
41190
16655
29277
37156
32463
26295
51564
70552
75084
59511
32597
65937
17801
15355
6777
93505
94603
3200
68240
83657
50641
27088
76344
62943
17871
61457
75796
89432
61257
36378
14697
98842
50948
32310
39512
58477
23091
82016
73935
50232
89744
71735
42777
83606
97504
7118
85791
5808
39081
81981
99053
17991
7110
66348
56872
53025
26128
30178
64108
72560
63888
70032
53142
24653
47917
82612
16258
22484
78458
13901
97875
57220
4888
76271
34392
82572
90147
81211
64046
91071
95084
61406
89434
69307
71658
79071
37821
52074
85703
32396
72081
92831
7193
73941
50169
61265
75792
75535
1598
62452
9141
29293
74420
24233
4678
77094
63130
16953
38809
81287
78642
90740
70627
33352
55465
11417
48119
21970
23384
13635
7424
4036
83062
15504
86398
45255
85524
38355
78686
67921
13984
68129
85432
84133
73099
36589
96623
78115
45917
9698
95375
86136
7946
6413
80699
33745
76157
8629
44406
14754
51293
8636
52538
1905
73420
99663
66316
96050
71175
69040
62401
35151
34759
77961
99880
78611
43939
67464
76377
23800
57449
94410
43677
38727
23563
36660
78369
76144
72750
77156
84530
40902
91601
63434
16095
33054
7201
32847
85065
13998
45665
55587
27886
92325
20847
28943
65460
88878
28536
17928
16075
38340
50539
64375
78031
34511
49265
13275
35981
97065
88105
18125
473
15457
20384
21112
73252
45094
98573
30730
2894
39923
66405
58123
63838
5300
62939
41173
31456
21880
49024
87409
11445
377
44066
91810
56183
82219
72297
8331
27973
51006
41823
55006
43042
83073
91621
93173
67970
7694
68117
95392
7137
89872
34629
44385
26838
45198
8224
22823
13687
94139
92961
90887
95801
88850
99516
42430
10506
17790
35418
16763
59844
57846
48896
40784
66584
91468
9361
4717
16137
88109
63690
52192
53176
91329
80024
28498
17921
21240
52561
10791
60759
67974
97718
61818
55704
22545
42626
22997
86620
59376
52213
36493
71315
83343
81742
33365
31655
70983
42002
36853
11288
62899
71680
86098
16753
76571
41602
56042
70944
77818
69319
19510
77277
73886
53209
51329
24930
47056
6064
39980
60094
47267
81572
73619
93560
99691
87524
12088
76942
48167
85763
15220
6627
49993
39750
14457
98584
34914
70448
4964
54904
811
19106
703
21087
97195
8356
12285
16179
5156
24324
7022
78800
58556
89781
20196
22667
25188
838
39670
22510
33453
84616
27421
7125
95946
9893
13409
29719
34438
33593
85904
21399
85231
8807
226
79979
78475
50815
49017
80647
58873
63800
30005
52249
88525
91927
93082
8893
42025
972
92753
61904
43013
61449
57373
39845
13601
80604
55673
18435
22074
67636
79187
54782
5133
25558
76625
30321
57212
43115
38466
9126
14330
92882
36225
13032
29405
63491
99771
10283
49897
33311
58664
42253
32637
38321
56835
18434
61501
50338
38921
69014
28555
19994
15146
31247
99861
229
47247
12112
29804
38057
91946
22148
94787
52009
77382
17612
12264
47666
81405
70054
8318
74978
89100
51874
21607
59528
72852
78019
2155
58368
400
54669
20789
71287
272
12997
93297
61028
81190
73300
69919
15344
90637
75307
85910
49610
72701
12883
26782
37340
72668
3113
70392
6539
68086
4671
38473
5418
39679
78853
6378
33218
20013
76907
91395
10844
21576
23935
92693
89636
46089
81795
23225
118
76029
96873
8217
16003
5116
91908
74844
95216
2163
70171
81303
39730
58769
47554
59053
98190
95684
86034
53676
32035
92501
75409
81946
16145
83476
77879
8082
46631
7775
73544
42832
91137
97678
45257
3774
11264
70280
40375
99540
56458
92369
89916
75054
20295
9295
4985
34552
11431
28823
63234
62140
89759
67561
38805
89632
23048
51335
2308
36777
56369
61027
70528
19298
1535
11710
19419
56419
56163
91686
56755
83906
83905
2650
29307
89973
98411
77378
18606
84225
42712
21799
71577
19037
85956
74943
33531
59353
13740
84286
28376
88624
21053
90966
89666
40434
34476
52462
4524
24301
90240
27450
40320
89539
81979
12464
84247
45964
50702
90345
50829
79877
20855
85956
23355
94932
21000
56649
42254
73037
74319
44991
48699
17414
83123
38701
97521
60252
56896
72024
45186
73024
52156
95205
79468
49760
76798
30041
42638
61453
4849
86955
92528
89569
70621
56533
81380
89098
23500
87344
10179
90733
99817
49206
28866
81042
75381
73855
77784
81862
47324
85172
57721
71904
82897
24490
87890
85606
52385
91572
63144
74852
63655
28339
63378
35261
57508
47625
43185
55041
32148
74653
67405
38507
72312
77279
63383
21659
80934
22108
29082
53432
50896
87489
5029
75183
7434
33480
76099
14591
47264
29561
3651
37220
92846
42245
93677
60633
52081
91149
31175
43953
80768
85331
19654
42902
37035
47536
65170
83928
30165
29713
28318
70749
33579
14337
83177
43977
49788
92722
68552
13
27915
56374
27207
55598
37843
33367
33674
25196
45638
68563
12832
64047
66558
73825
61027
49787
75898
65374
17082
24236
69348
70361
30333
92330
2816
56587
98976
95964
70444
5690
86591
56254
75218
26513
4125
5365
42384
66564
53480
5898
73711
9531
76976
74266
25971
38125
85455
36834
344
98108
11095
85603
63173
38901
96014
20768
64740
81874
46554
30841
98809
90730
95758
9661
551
99249
23234
50646
90143
86379
25823
58072
77693
46125
37911
18679
99324
43545
25770
37499
49175
26245
53541
82298
49155
99404
71779
90935
38450
33407
64493
64704
27477
42868
42821
69065
94289
84990
38111
97672
93598
65495
73739
63131
41622
8610
40970
95060
64871
45656
84319
3344
45620
59095
52233
45705
56593
30213
84058
98024
37774
14027
15388
61943
27720
92343
4211
41416
67697
77234
46179
19081
97584
44860
28641
52612
63150
91357
89608
45412
84103
97344
1497
62097
54616
36174
52367
5675
60967
50890
76867
20601
75947
12473
69216
97926
86548
29856
57277
46901
35508
71642
15465
68080
4469
26597
41968
79409
16764
16166
51069
90677
50389
65918
69791
7904
75943
46240
9067
35302
50687
42499
85842
2135
40180
25042
87293
46020
46865
17647
64971
8725
35061
31135
42383
71584
80805
48646
83930
96259
70077
40358
96383
16486
45074
51713
53894
92490
29753
42116
52573
5269
52786
46411
33745
93280
42870
31944
73400
93480
92102
70387
45598
97565
76076
83687
65624
31189
88229
12224
89566
56582
8081
37505
10
2412
87450
8508
54934
21496
16837
8558
18233
66422
9940
48721
64588
86679
67595
86590
49049
79261
45405
34025
47225
28601
54039
71048
9889
482
60619
57916
58963
5791
81200
61185
87738
95899
91712
30827
38809
32833
8804
57309
31248
33314
33497
30566
1282
43929
57651
78327
33477
86230
80027
41737
34718
37202
85352
10936
69307
88815
66878
75736
37338
9152
96309
87244
45666
37505
92182
41576
63892
86557
11104
66983
76979
34592
65433
58911
19056
66203
47478
10784
69573
35112
89701
46267
43611
37946
42664
53010
51480
84486
46686
15025
45618
96995
66857
72103
4425
69573
39694
59600
51025
30535
85488
88779
40770
88282
13788
50500
48149
66777
66916
57880
12222
45426
21091
26517
76233
40212
25792
62822
6784
85794
62871
4127
18235
69415
60296
55019
28890
88199
749
36849
82540
97327
48961
76761
51790
64500
992
54160
77916
93660
12934
5819
72732
32368
70559
15180
75650
64111
42623
13214
26218
51049
93354
75749
59316
715
31609
35199
13307
18945
85611
20587
91684
97375
24514
77603
56413
41118
94645
30905
82304
14895
62790
51242
36377
78974
90987
64464
69407
48784
79425
37837
8567
98174
53585
73131
68888
81750
29026
57308
19421
78510
67067
70674
47194
60541
92823
14885
10606
48406
23760
13645
60185
29042
24687
79671
22299
74778
23818
6881
68834
81497
32713
73122
57259
89922
48661
59870
86764
46020
48484
19347
4706
11760
90525
65350
84067
10680
78766
11182
22852
3938
23219
22230
42656
30632
28187
86758
75309
92734
56354
34929
17953
54997
25596
21134
59799
3916
38417
78399
2080
26957
42699
28667
51973
3029
1051
8235
8590
87878
77327
58961
35765
77581
49434
54742
27689
98680
25140
79413
95258
34280
22379
48164
98498
948
19960
25977
74780
84621
69895
90904
69437
86629
96132
93011
50782
20173
74275
62000
3142
23175
21411
53789
95709
18310
32145
85724
86454
10113
80134
85120
49917
72207
36932
11010
6241
23723
98366
41300
7492
7175
66645
50290
249
84661
85802
75031
89983
75368
95234
33549
13955
79697
41197
48752
7773
93670
71466
59116
40837
61260
86448
7095
17852
28156
71703
13693
2950
42732
63414
94257
66790
76425
38528
44916
24948
29301
89542
133
67201
5597
3838
58725
93767
93336
26033
65493
59041
27654
75488
82130
46722
61147
60872
41625
87121
11771
39188
63567
23232
43042
73171
10249
90536
98948
65932
14443
11471
75082
21618
28929
33751
8613
90405
4580
55967
4127
7642
1037
31310
87808
27641
26948
44472
91952
7727
33208
58424
22769
79435
70653
44083
33339
56544
13544
44041
77618
68727
24243
75874
36412
61926
28652
49973
42165
45520
20212
96816
74204
72717
50790
53039
97946
86741
39631
80663
44323
28003
4400
61222
12420
17832
14910
41524
12794
31881
28928
60783
82556
69365
33805
90114
71547
29031
3639
15985
99223
24640
5462
58844
10103
32479
23064
1596
23092
37854
40115
71747
47728
15440
58031
50256
68037
70838
30176
44593
29770
10428
50402
22396
10433
99907
54754
24658
50673
32270
82629
62663
43344
39439
15414
52335
2285
30171
61407
9409
65150
8006
98195
3768
50097
86179
5370
18707
13950
80544
86769
1516
11882
83231
4517
82304
11169
85039
82835
85914
97970
90603
14583
18524
99040
44979
18311
19691
16709
83072
7156
67945
46972
83606
53430
32781
26067
20227
29477
51705
97628
9844
69969
36541
68116
88856
44815
71089
69095
27011
19755
55999
53862
89528
95858
7805
79706
57475
14556
63503
39620
3389
32577
70240
29422
64040
44536
29544
23228
50610
73753
10891
2323
70682
23951
31913
2010
94784
76515
77230
36278
13046
8317
77187
21118
64441
24558
67272
942
1473
96509
28070
88333
9355
29777
99482
66181
83073
46789
22352
23680
3300
75899
17723
69386
69852
30907
32014
91095
69382
72599
33494
72269
91882
56904
14946
23921
10070
47857
1402
72756
42573
11733
89822
33955
17982
12499
86419
29848
6922
28364
70212
34201
37692
49087
20834
355
9313
84521
5654
51059
92823
66360
12454
37975
77081
76052
46555
45697
94161
54983
71862
33378
95059
28750
73739
13518
48320
18947
84791
50107
93492
78546
35108
87651
89385
22810
51056
37805
21359
60405
31925
28723
76223
82341
49641
18114
68167
81914
88566
68211
28266
85483
66546
80373
85987
26160
15890
74687
67014
4774
95247
31469
63952
48271
10886
61760
65894
45202
8540
5830
52535
42345
91940
84173
20419
40002
54034
28865
37536
44823
26360
55226
4003
44418
7215
45101
17572
55
88578
33502
39651
98205
90226
69047
92048
46330
41191
75753
58261
32343
75909
41268
8348
53932
2361
6923
86035
82144
97994
37620
82844
49766
89739
32551
4937
32016
98030
55158
95423
14958
85721
8709
19768
53342
34923
42909
55075
63766
50905
3138
93336
66893
52917
68529
41767
2284
62966
33905
51648
28778
68847
41490
68444
24620
42315
65633
35484
75516
35483
29128
44832
52976
94042
73707
18147
89555
99326
58048
15682
66433
41140
60565
43182
5289
43150
20257
27062
24624
88157
30566
13844
87303
73651
17723
48699
63649
91974
65779
39028
3607
39128
99891
35431
63317
24879
80718
88956
47632
98113
92492
50375
7596
10499
1449
84383
5396
99386
28882
41289
82141
81082
67030
93256
52389
65667
52677
49252
90344
15903
39963
75146
31737
70608
88430
17063
4531
82831
65887
10186
18758
8944
4042
25544
54354
38455
50644
78068
47115
16149
21749
23997
15319
10930
53833
5136
12002
26461
15573
65141
11485
62327
51164
36462
55593
78398
88671
75616
95606
55056
48921
4739
77324
75719
25789
55172
20894
9361
81647
80106
99415
95415
16704
8289
89769
29492
82400
43211
81641
15837
59720
71167
80613
36699
32643
74758
11211
66991
52069
92617
31480
77238
12820
16725
17724
66385
9111
23754
85105
67916
77848
44533
94908
57676
6407
40916
26529
59993
21735
43409
48599
94318
20099
44856
53876
4265
66536
48377
14047
33560
70160
9225
76371
21054
53969
39573
85871
17355
52594
90369
63797
72716
81300
92166
78057
50828
75071
27161
34670
93298
79447
10036
15848
26053
81018
54745
45632
22517
18034
79762
11659
43911
36977
64142
71485
44534
56058
5125
42521
64862
74790
94045
22909
31239
27732
44791
31508
48463
45193
44728
26729
31285
53204
47922
23503
1734
4581
6409
66565
20693
21245
66869
33880
95914
45064
56975
5213
42875
70699
10830
13311
9861
88739
21992
16275
49335
87971
38610
42731
97643
3957
13824
73226
47840
74131
39006
37016
5028
93404
75726
38835
22767
90413
90945
960
62540
64880
73790
63589
55728
69460
68705
28070
53386
52398
52234
66330
15182
30111
21553
63009
21976
60826
67810
31144
94113
63827
96640
1186
7825
51696
6521
38340
61404
48616
20151
62238
52600
33770
17180
2884
24029
74793
96217
23595
47283
48674
51088
92537
61025
37198
36880
44238
22488
79064
24897
71311
43510
26373
74005
79864
61402
9514
18534
48927
13106
28647
55396
11897
36556
42425
26142
13702
1248
70698
19957
84220
45677
42012
86180
57080
69613
34450
4071
30877
90157
58101
38744
48051
30693
98749
39020
77044
7015
70911
60573
9286
80537
74789
70652
20201
15196
59951
72134
96349
58047
14511
20482
77069
4556
71978
35033
84923
59327
97914
12381
12613
83686
63712
14377
18409
24409
64870
85817
66007
53401
12998
79146
92309
28056
6535
36723
27894
92255
66490
33182
47962
52189
73739
54834
6124
19147
7003
96395
16430
40345
8879
88740
82372
21559
33476
13724
6877
45090
37678
48519
76580
24485
81508
57659
62546
77874
7937
56607
99317
58050
85630
52704
68883
51401
6049
82191
74540
14178
95632
91975
36988
81564
60942
50277
41722
28374
33314
35035
19173
25255
19199
47977
28752
67443
46742
85852
53141
55664
14423
33568
11622
98644
91040
50006
75249
60388
11910
30125
1472
38251
86454
13812
4409
29502
33808
87956
37549
55904
82020
79154
78935
90214
97625
18265
8233
79845
13278
50483
32391
68380
40568
77382
52220
22962
9205
95181
77026
67159
44449
20694
38660
28563
16930
9832
18842
19847
43007
30365
21326
70921
97338
52993
90981
30567
60064
55676
80292
90716
44340
8407
27304
15580
32939
96714
41490
49084
32048
79542
96098
2877
94381
47454
39471
29798
88438
59292
16937
80466
7621
10235
98805
4588
27694
48950
81274
36052
54960
63420
99335
23339
52489
31857
73072
64066
17024
92617
71737
53675
26622
66640
3832
51976
94918
11456
92439
49115
86114
78827
23994
13057
97035
68635
88294
19041
51762
95184
39340
82752
50375
44877
69952
29634
15318
3208
33420
44126
23502
45350
6365
50949
42514
20997
20505
74524
38963
44020
74243
48394
23994
19683
78639
93331
82819
69014
76228
97403
28263
77941
91409
51190
68250
38009
48618
60263
44539
23000
67307
53061
33425
79761
37951
98341
7154
78961
36979
31786
55238
4822
39086
67061
13575
18143
38242
14150
27203
25883
12088
31304
2216
45540
89737
34205
1906
46757
96550
52730
64530
23568
14828
54178
40285
86759
46788
42493
43390
69976
45806
15629
27799
5792
24796
73282
19394
51327
29816
38377
80215
71348
31466
3829
94483
1589
70705
61515
81835
5207
13047
12055
49142
81513
69435
18069
17404
80503
72160
41918
10053
90097
37196
50840
85825
54379
35246
92183
46768
84069
54849
10180
39892
14448
91571
92770
75661
10636
38553
30831
33411
69694
41247
11736
99794
48428
20908
72259
37908
97898
10682
54625
61045
69331
75717
99213
84977
81515
36932
86323
34078
96350
7648
32904
49618
53423
89928
46044
4102
14162
10145
79004
88026
5087
37515
70791
59761
5852
35965
34024
60771
11267
56070
73488
61892
89073
63659
40507
21784
34301
63568
2182
2501
53383
50132
53761
81117
33025
81102
81668
4909
38412
78254
3698
50535
59374
83924
80241
41947
18679
53507
86204
86007
38683
66944
87035
41266
35733
47579
28017
58565
86433
58680
27739
14879
12126
98316
61295
2774
99953
62050
29275
74492
99321
89432
702
8162
99446
53526
27431
91964
29235
14338
90667
41899
62477
73952
93987
2149
9131
64163
95086
71787
58942
86631
36557
84753
72012
9560
19300
77101
42420
97463
88054
77887
78396
35437
15276
7170
46605
33523
40516
50686
14937
22968
78025
56935
25034
45474
87713
27485
38630
4531
45849
67503
23303
82440
98304
96365
28087
98048
78774
7035
11321
4588
16903
69340
32505
56788
17891
72085
12232
85530
9936
32324
13402
61441
5090
73483
134
87139
5460
33193
10373
84381
95466
50585
39061
34592
93290
52764
54295
94807
9694
58309
82729
55658
53745
91426
61640
75371
16185
58648
52548
95673
55040
46341
25801
94735
89551
58274
27156
7907
37898
96919
64006
55327
9673
76299
10648
83611
48093
38615
35930
80830
14957
34149
3904
99495
9252
83117
96245
68216
41139
91192
38496
69431
16011
96654
28703
71487
35706
26941
30017
85638
63139
69688
73545
7559
76157
45847
59878
36070
70646
41518
9502
3392
93804
27768
35522
67199
10003
11147
96026
111
91587
39535
47420
26455
9312
69379
92317
96939
35962
31075
53277
91712
77084
60853
29535
36291
84207
48387
29642
8296
27484
78131
17549
92843
6465
20265
65966
78012
76026
99346
32720
80841
63342
45668
78893
88772
24085
53152
78109
19460
27511
17269
73647
78547
84015
90683
69035
3637
59662
23331
47355
91802
58019
87070
63237
13659
76935
81977
66148
64782
6542
64461
82777
34990
64257
92008
43053
89049
42411
76868
52139
99526
47610
88685
6514
61645
47685
80491
35635
71207
70501
83268
8292
78541
12214
39847
25668
36072
20394
70331
76054
26841
66750
62121
95889
65715
27920
22409
18915
96108
31344
96044
44930
9123
50435
76169
298
58156
70631
84340
99534
68999
86184
61891
79145
93807
19431
78991
77358
41480
63037
15258
1176
95792
87065
52786
27682
55860
14149
97679
20814
7901
88489
36544
27893
29451
98058
91993
37131
91921
60809
87676
20397
17132
88700
38576
19228
99797
77253
26974
86896
82584
23065
94228
90310
12337
61269
34749
75567
25591
14792
81473
70546
27388
48647
13142
8198
98780
86837
53356
99421
47177
59165
74654
58994
88487
77876
6165
47376
7088
58049
90992
74983
7223
77369
83091
86854
72934
87554
57594
2329
90833
11496
74034
60947
60827
95974
38232
37292
22081
82531
35478
1272
71695
7527
29137
10455
49916
55591
80012
42449
22485
68770
2355
65905
27873
86886
23709
44789
65885
46606
87290
30463
370
17818
50263
13425
59082
52137
17494
49996
78338
46933
41130
72619
14775
55960
43244
80304
96410
7450
2061
78247
39827
27569
17076
77787
37957
73579
67193
22767
39342
95535
43467
17781
62214
11651
53844
83460
12841
64530
85755
41897
54740
16459
99379
77700
11085
62265
56210
46512
35602
48069
37323
23451
8887
76684
9754
5129
93296
52254
2883
92029
29869
12707
24092
72559
8395
59169
4340
43830
4996
88089
41794
2670
39823
39515
8690
17970
84123
45499
75971
46566
49602
29122
7949
27551
84796
72867
88806
92936
21352
94899
27573
64840
63111
6131
8719
7072
17997
14057
25532
60255
76055
10798
7022
93770
88689
27869
20777
39514
23736
26497
76971
49592
60343
71955
94855
70992
98377
67864
74253
44714
43783
78638
83273
42518
27177
98150
78273
52811
26400
69183
24355
71067
32520
31747
50875
12255
12498
18769
32920
20906
82110
87227
32890
37729
69866
62078
21526
87897
63942
18933
73060
43795
18184
4805
59708
33333
34757
22427
51528
40193
54715
69889
30055
56085
45217
69939
84690
82755
93731
68213
25056
70542
79907
13839
10847
83451
64829
82325
33100
38688
54004
39833
52545
4590
17783
85898
1023
38327
4862
34712
84570
47696
6998
63457
80954
18673
61276
54985
65777
65303
53349
67783
90643
55082
71851
9071
66724
30133
96538
11788
41028
79989
88107
59515
20250
64761
78666
21593
29498
40882
93069
70348
46887
75457
74209
12691
66731
98456
44291
50302
83010
95478
34902
2705
17418
98733
33861
57440
67537
47734
91262
58256
13614
69340
9304
24386
642
17037
41009
61222
69269
93178
49974
96332
4612
85180
7033
58516
69995
96406
11411
97409
66700
70497
92095
26810
1962
39605
85004
76728
51475
2290
68643
18570
75138
88450
74799
82485
6097
87037
32427
99371
58052
21222
9650
67108
94817
64157
16429
83476
7777
29174
80806
1576
92785
73226
30603
59922
54751
41965
33055
78138
97470
87655
26491
43150
30114
41742
33702
3175
39429
63982
71875
38676
89381
50559
14952
25443
81472
49790
61479
21244
60461
53516
67165
42887
10272
35867
10068
89189
24205
10773
22544
63368
6265
5520
40488
66868
55212
3775
31445
31153
64487
72066
37856
73586
52713
69638
58695
16269
29286
32807
53971
21073
68082
82704
1623
35606
48317
50761
71020
71273
82899
11851
76845
37632
30049
55112
39607
88593
59837
64264
93436
89985
98199
21519
65665
35848
75911
4548
81946
44579
29072
62496
16168
62617
37903
99205
47438
90437
71484
5804
2293
47288
57887
76412
5432
9921
30444
61398
90260
72455
65556
80070
81878
92664
51489
28889
84017
7556
74489
3366
30935
44608
52168
62580
14268
36043
30124
26975
14405
39777
9433
52030
12006
76085
26252
24741
18847
88619
78353
49946
11773
64431
45134
68902
76411
42549
41815
88990
89153
39189
36021
43064
26705
20543
79145
48029
35565
18859
34501
80112
97533
51581
25019
44503
78896
36401
27768
94781
83213
73223
52162
87726
65251
54159
42974
7674
68956
24526
9445
35690
65859
54805
94899
72006
37103
82220
80015
87160
83161
95229
54983
35286
52520
71092
83617
80708
50364
61717
85637
99234
27173
85157
80069
38411
66947
33857
58461
64649
53043
77897
79310
25024
35556
53955
20407
65396
63528
3178
55232
84147
17440
35990
59697
76503
23428
90707
75955
6776
59923
3276
51302
82856
25676
98021
46086
8892
15838
18887
16231
36124
60070
38924
74453
1609
85909
73504
57888
86937
20777
3231
26230
88087
55250
12187
29264
38625
72587
55918
94212
82004
21452
73984
85556
24843
74628
55616
85198
92175
51144
7954
13234
73003
86643
58403
61149
57750
67674
10911
38751
84390
54601
45645
2903
14443
42708
76335
80930
85879
49392
3437
77046
82249
67968
57027
82168
68717
85802
66448
81436
6401
39582
529
94448
56576
59607
39869
27345
70550
22561
81047
32147
81813
20309
52444
60566
96334
61563
29882
25282
38396
44359
24461
25188
19373
86525
12368
96578
4736
10012
11597
92529
72448
18845
43973
25349
32798
12983
15348
33791
94027
63202
82517
65829
66300
20658
3853
87605
79447
65082
11080
9871
22787
63565
86695
51719
20626
98263
50052
32284
9223
693
88516
82898
10003
56793
17467
65745
57735
72180
99361
39758
10445
95638
53164
42129
90167
93080
19290
19533
20808
76525
28458
48756
19382
23193
24632
47472
51349
24987
58875
82410
11230
64701
63528
69435
42848
39504
49722
52957
78525
30597
68520
16254
68576
23541
36227
99565
71876
34099
373
28381
77123
69574
2064
4665
40127
79177
53443
95106
77648
42345
95378
19381
64088
67284
72900
99950
11251
95922
7689
94314
9220
66214
92397
6100
56847
32503
25221
79277
57730
44463
3709
10667
90633
78388
24334
68510
87635
85244
8428
2546
53320
79607
61779
90612
61401
8578
8624
8888
12578
10269
75862
19811
25737
64459
38632
18843
76026
53684
62258
61396
41257
53009
93678
26764
20905
76832
7014
65887
91258
80560
52485
16155
16039
91838
38673
67077
4885
42876
9622
52272
64948
48171
73632
23872
21863
930
56414
78362
14483
59671
98977
92745
49014
24040
60700
75890
4592
12560
67605
44870
74837
60930
70142
88620
13361
91230
52045
95660
64858
33618
95714
36153
81950
95763
51145
7690
19524
15789
27247
81647
27442
39740
38396
37008
50075
83773
39519
2060
5431
24038
13167
89760
94868
92909
63849
80376
99112
68645
42195
83540
98661
64818
28396
71196
88653
36839
7942
35269
64843
72787
98442
82823
53742
75292
91999
84210
85735
88617
82269
67464
75124
16646
87462
66585
49383
1697
15282
53628
36509
30665
12510
52291
7281
17970
31177
47330
94225
79826
19894
61429
79205
56258
59227
1705
61705
3297
27099
98334
69011
96039
38553
64782
96486
28408
58083
41820
8115
80206
3585
64119
75409
14361
26032
84845
75666
93807
65330
61270
13137
61857
3273
76091
91270
51246
69422
29786
30143
86972
54189
82825
56941
81856
3987
35632
81603
15532
79380
51633
65268
31468
11213
99599
96402
88740
97055
13425
23549
60057
83793
46632
3477
1130
7334
31338
5025
95558
89434
13145
44602
54874
98707
59648
72928
22153
72856
95831
39668
97032
83067
14880
89349
51040
31313
67521
99951
16141
64013
37240
44953
42078
80497
40619
91614
27039
57404
40036
79964
62352
77400
25220
81597
13266
90141
48475
97005
56650
10103
13890
65143
18754
59045
33205
95968
30518
7144
28820
26586
63718
58275
14212
52854
90744
877
19100
675
63304
67172
86390
81259
57128
1905
68771
95185
60233
4843
23173
55317
83627
28254
6272
32833
15752
75890
10744
23935
71479
53993
70539
89066
88905
3549
44179
83732
34176
92871
75739
85210
34850
70337
66521
16542
74290
60211
82184
49773
80617
46635
25884
95450
70452
91276
4747
91820
59639
55053
31985
46267
85518
58144
7857
67329
52550
41018
93297
33549
28034
47297
50486
74583
20611
31919
15194
79974
13286
16999
67757
81394
46296
75408
7148
87613
19604
77972
69100
52109
18597
73792
38900
17746
61602
94609
94986
29363
61215
27558
70891
2779
30852
19795
55504
99279
62286
9475
7099
8670
59902
99146
34284
59359
61412
77208
58337
40731
35149
27468
93648
30449
93786
47991
79979
12516
89972
70395
85396
42377
54086
89143
31357
69009
60406
19435
72033
28911
31676
36298
69120
45192
87106
34453
74325
93112
35295
56074
9220
61400
62340
93942
96143
41526
83908
64361
22294
67024
2521
54327
90129
52715
6823
97673
33037
8406
96301
12270
51146
71463
45958
47982
35991
74148
94457
12632
3591
47911
57960
72311
73299
11523
97979
35478
2191
62340
99753
91277
58731
2039
24411
68838
26292
42877
11639
25213
55731
37460
37790
70809
33470
7061
19957
33611
71528
9542
56024
74538
53010
10912
62827
13692
67286
76611
77567
11944
81095
40524
77756
99782
59983
56868
24529
61760
92554
12068
322
52590
96899
8037
53210
91802
93575
67226
51911
64818
97113
99643
23216
43625
87434
69454
51988
48727
77771
28823
8320
29657
65261
48365
87475
79753
66511
31719
79264
66976
62758
11143
395
61379
45891
968
10348
29350
13969
72034
88010
87603
69365
27744
47397
27605
58300
53194
53730
20173
29635
97235
59211
43236
99131
945
92515
26512
11121
26547
42800
5256
14381
54666
3071
52617
70421
78327
26546
55330
17667
65550
4900
89542
83955
85441
93293
31729
80172
99231
19026
47407
63872
80271
80339
26806
22617
48256
9442
10898
30387
87000
16278
55345
9013
58419
21113
88544
4063
64233
37229
33542
68500
44336
68328
54777
88178
60977
53791
19739
42676
85420
10122
7373
5198
23637
1734
35773
8668
5411
83511
90285
64586
60708
18977
70048
39444
76202
34611
70409
31674
76263
65952
74176
6566
680
46283
60865
71720
10830
26999
59631
31818
87837
68405
24555
5776
30563
94802
99760
1754
32899
38902
43975
3043
90005
67429
34848
99560
39188
97539
98762
77505
28612
38926
36052
93614
99118
63443
97979
75324
84790
55918
64016
96579
7536
36155
81792
19145
78400
24103
24023
52611
71854
53448
81986
35810
98044
82212
79291
60247
37887
31639
85042
98973
67352
47592
67915
56116
92500
90904
41090
7329
29804
91034
34874
74056
31977
98948
59493
67020
66292
89927
3977
24615
81826
25600
87313
89365
97784
69967
5087
1330
82849
76654
18489
96919
61472
34292
157
27660
6131
80437
4389
80604
13463
57499
32618
95951
96618
4170
85227
95134
83188
84258
62997
50919
84606
2095
76884
4195
28096
93015
14352
95776
48866
77606
63197
90066
89429
77350
64648
39466
14423
91448
2856
43527
72950
71752
34515
21856
75878
87506
40028
74006
47202
67017
27291
24270
29681
46328
50987
30297
14163
3306
5320
85329
19557
15589
93010
40983
31076
18119
81658
32154
39618
9092
46332
82547
24303
40881
43617
59564
26047
19537
72336
73086
59042
27912
45511
31775
38546
38061
88780
45888
72422
84354
12596
61017
77185
46979
42121
10425
40363
14345
14464
9986
87626
36381
7178
26715
74207
91512
27156
98260
98080
67532
66229
80432
27551
31463
55507
9612
2666
64639
65279
77176
17181
11324
51777
87459
83236
67192
54383
2941
72974
48280
75590
94914
23967
5935
2556
13208
24301
90336
92041
11364
67664
73985
69455
30606
13766
99568
79196
79381
73436
62709
52820
43638
40929
90104
83967
87885
4546
87562
56315
29218
23487
5631
65625
70272
75640
30099
84126
28915
52368
37545
43503
92781
66442
60611
93159
53349
47878
21436
24904
72804
48306
37497
99296
53776
47334
61906
96252
94055
50012
80764
86136
27855
90625
18504
72970
3029
85209
68487
23991
48059
2872
6087
80771
58778
27074
41695
72122
71974
2435
1900
74747
84755
13533
42687
89293
66686
69516
57234
62021
43742
85923
4590
77560
23323
72287
3789
21045
17681
99318
65292
67073
58365
35688
3216
77435
96083
79165
70809
58098
46707
76586
67370
23022
21381
1646
61053
12325
46582
90971
35567
12871
7891
3118
21187
21501
73704
13844
63379
4627
98693
61339
21548
77974
33634
4868
33220
33292
95341
55061
52443
14889
91494
75884
68086
23794
79495
62460
75845
96135
44622
25652
43674
56907
92763
79502
551
19506
95182
32148
75322
49281
82960
57519
16823
56557
73199
3111
82138
23424
478
3020
32112
74532
98245
87677
93408
529
7135
53939
78317
80597
56559
24645
63066
33092
11380
37278
19036
74245
18187
71842
96342
53407
98313
71529
45231
88830
65940
49108
12829
51086
14284
59788
49224
67264
62634
68823
5766
49753
40463
41480
32645
93446
38831
57392
40106
99838
51023
50372
67683
10150
69836
64887
49627
40047
94197
61646
62331
58163
97302
45604
24497
85256
74259
94596
79383
59807
73798
19645
26315
55064
75277
65955
15679
89671
2514
87313
78627
67937
21778
63280
77023
6541
95570
20400
73334
6765
79252
6035
53227
21405
22979
1675
6440
83191
14626
17469
62841
52878
26176
26857
40983
32009
74620
53887
12806
16115
88377
51514
57814
29818
77011
95483
23913
24315
7998
23862
78005
45077
53365
13998
72013
30573
88376
25223
19216
33367
54511
43158
64544
73240
5693
43971
67012
32449
28841
23801
21790
69224
59329
43219
11184
5809
37732
94860
5322
59105
15568
24943
69878
83730
185
30195
63897
25558
89479
67113
75535
72069
56890
46795
73499
8497
35688
35472
48199
54961
54060
26903
63856
61606
39115
54349
26190
89552
51963
85325
93444
56047
23160
98721
95925
31055
38849
38135
34062
73277
74454
25011
3422
31775
51837
96971
79870
92611
7533
34760
59114
93039
89782
6812
3300
20386
91390
4750
19878
3316
68304
59490
80397
18579
74719
8439
58477
87473
32761
70804
78092
33632
41109
6342
61383
18595
16876
59305
75563
9142
6755
8184
18295
56675
22802
15255
48884
86203
64724
12444
83283
29186
28466
69164
25946
59630
57747
64206
88919
24000
24382
19972
47515
67211
936
35506
32605
4704
14598
59349
88933
55717
8771
29609
89202
92309
67731
25769
53032
74387
82190
73037
68462
58666
69299
61657
63985
28094
96324
73036
43511
53099
49257
5971
67553
65115
10641
58212
3878
91575
66977
52732
40345
70989
91213
82198
96411
44873
21583
65977
11884
2461
98995
45500
9634
13018
37770
49479
24340
72492
98625
59050
45105
9107
56721
4539
47092
30950
13332
17096
2020
1585
54052
38285
48389
80859
67306
17886
66555
115
848
33919
82165
42832
97756
14322
38020
8595
95878
90604
66282
41991
23016
17169
34868
50960
96125
53101
81259
62604
62467
49365
21359
79449
39166
10247
88468
54494
19168
86966
93163
98231
21819
69470
45721
22947
78721
79937
57471
57874
75379
92458
15235
61329
57467
27812
26789
74869
69629
84642
17225
52630
75784
98140
31535
35453
6696
18114
10174
38370
72224
73035
26274
62622
10390
13180
87516
63388
36941
52097
80651
62819
26285
31715
96660
2960
28687
68759
23489
89309
9114
86564
47519
65590
90385
48411
8202
95778
35348
60500
3623
744
78351
80875
72476
74050
54152
38266
45771
34311
43430
96386
42769
98127
19430
42510
25065
95840
56717
48624
59325
88753
91835
73418
93683
39958
89623
92416
31337
90257
10837
91017
88226
92372
93874
83144
27309
69923
50698
86675
95515
55272
38791
12875
1263
5923
74032
66361
40338
98750
61908
53725
83702
96693
2968
43802
81239
59957
59664
65337
26850
1886
91704
10743
6848
15686
97136
95566
9742
42468
96050
16535
10012
58183
44873
3704
96631
9511
85427
83253
86986
86308
76689
70679
8602
29157
3562
82853
74154
66471
62306
48134
87690
48477
65540
21053
80973
40021
16050
18174
86656
27365
77521
61913
89300
67105
94643
35241
10205
61290
91546
10581
31438
54705
13169
86567
42068
39984
71753
2836
35171
9464
84585
35895
42290
50708
53004
56488
93310
8739
92958
47114
8333
67210
31764
45896
99153
13996
50292
60664
28858
8673
80885
56593
77122
85631
20043
86138
82667
46465
38857
78030
11990
83410
69876
80762
40222
42884
41464
13763
44712
29910
73176
80111
65397
54476
13060
62827
11627
5466
48901
81323
1538
55346
5751
60694
63661
20210
21169
72036
1755
59660
5310
79094
8635
94885
63925
31229
5235
72182
87777
70970
27771
77744
77774
10090
31815
25733
7716
54213
5321
10201
76631
22726
56390
90353
41856
29466
52710
95039
30105
37122
58238
84583
77220
91734
45189
17787
55328
81440
66210
1135
17094
65994
78760
93819
89920
42898
23613
35649
88188
92696
93334
38701
54554
11383
54234
35418
83508
46164
65753
92113
29022
66393
65497
76375
25173
89609
1645
42470
44143
75445
31570
52569
52900
79629
36572
84159
18095
4477
34952
27827
83127
58180
99456
89550
59261
99749
2123
7788
49957
93334
11987
88403
91099
17834
34996
60672
99335
84211
48123
51986
28206
94907
39190
72343
67411
2200
2766
64291
95397
41952
76897
60809
52753
23721
78817
18623
33306
79893
46737
83332
63290
38940
66324
29243
87259
43474
82024
73647
46922
38704
4468
81424
1235
27079
61761
90912
12072
66500
84555
74023
86823
39725
92450
94730
84952
66528
31547
24753
56692
33153
91905
37361
28783
51001
89848
18925
79984
31491
41677
64169
76536
54509
85073
34848
96058
92992
16365
39611
59027
37323
78418
87248
83945
17600
75956
79719
93455
93701
91945
78771
97400
77307
66571
91323
90601
37832
26244
31984
11627
53852
28040
81935
23255
90222
75807
1970
67333
22133
81687
20235
75391
6529
38837
78449
78901
24627
14692
67352
63523
60807
3636
59635
15117
92374
44328
14486
47768
70638
59473
56179
6347
69537
72649
2097
69033
67924
5544
72461
97810
36061
47246
9022
53199
23057
25684
4205
80911
15471
24658
40916
59484
87238
34843
73905
74285
79897
32172
52196
4911
2334
34942
62828
16031
34803
48919
29417
44496
47090
19481
71194
40372
18046
67345
63362
93104
32356
26626
10706
80116
52649
22402
68780
50606
37458
12864
24890
69649
86999
12958
59498
82447
30350
6164
59922
54792
27748
43357
37978
73653
2660
37266
30796
8768
9954
15126
24598
71557
25894
23255
85737
74350
16233
13679
84038
42740
43056
36048
57765
98581
82884
73527
53161
36362
52270
66164
27641
15662
11113
98118
96840
14641
79771
74413
59270
25534
41447
21652
83803
96569
38976
62210
76608
83646
93229
33209
40508
96500
42385
35935
64869
12594
48469
67464
59414
16510
2997
15145
43341
9483
31643
11761
23957
18618
44013
62069
2632
60204
32795
17842
99992
36013
78064
80664
33743
10896
14782
94449
44457
98984
90375
64213
34303
37790
71475
97497
75480
33042
21196
55432
88330
98082
70512
11829
2339
82493
1981
62909
62116
4512
37074
85416
1524
83948
44529
50560
3641
59944
31204
23674
22902
84971
36295
55887
89192
2518
70165
3618
28692
1499
47993
80414
28286
98613
64049
1478
91137
3793
37371
13152
23521
58232
79931
39141
92996
30000
26941
60465
21946
37117
77641
98246
53698
84288
14682
30685
75234
40592
8685
48632
38767
60721
52920
67401
11786
31319
71016
3296
50103
44430
33582
80976
23138
56939
10968
48488
30080
64458
61039
2451
14273
97038
44666
32792
94051
31740
64789
57019
5869
77576
97591
52710
19956
91523
57440
5061
51042
52735
59420
18952
45910
33939
70078
37414
88597
66794
94696
36890
49073
823
54667
70290
24167
16556
55210
77576
28482
962
98773
15958
810
53287
47727
26003
27729
35876
9870
7610
48869
85878
38644
26562
60823
43736
21141
56539
53091
8190
15623
47925
66178
64579
70640
40955
17489
25645
95705
45054
18365
29509
32394
3885
37693
39219
83556
75537
65229
65253
96766
84064
55866
51006
93400
85748
48936
85916
50923
33473
15972
89082
68154
64142
50432
27286
67613
17308
29641
69616
38562
83564
62784
58754
95753
88917
84557
91515
50087
33298
78846
84060
77043
11333
7777
3505
39125
33483
54178
41992
89057
17590
32890
94041
27229
92942
26004
25574
23115
64528
8831
87534
62839
98866
92321
27646
31517
65811
88778
41657
37031
4859
53236
29653
75176
63568
95858
35248
53963
88871
50928
24376
36532
34767
64685
42221
33418
68990
25878
37833
26207
79550
92991
5350
56634
58885
36043
42263
68372
88271
55674
8796
91585
16232
53650
20198
27492
28246
92950
87982
19437
79461
52183
66821
39162
64123
24408
17407
38471
29599
45554
52434
1065
83241
90814
60134
75755
35013
75967
24804
1871
8548
23436
91822
74431
8822
32158
71830
88629
39329
33874
86561
5832
27797
55692
94739
54205
78819
35180
89594
99127
33112
45652
44312
64797
20514
805
61743
22167
29268
15532
13143
85379
66736
68020
16771
63262
93173
41889
48488
93555
76536
10978
93749
21105
67008
93219
63335
88706
94097
6388
22289
7757
65174
49592
2092
47154
98384
74277
67685
56911
42867
61115
56475
65503
93259
95412
72489
17949
16811
15763
84344
28215
19176
27244
58737
40057
48510
89992
19424
51532
48171
88428
22694
50903
61363
27084
5356
40701
77338
81317
60971
15142
85160
69062
53398
90836
7312
99681
98971
65964
1688
30294
95269
71477
74410
20439
80165
38123
11451
46125
18968
57179
36108
10719
83953
62856
61331
38363
99427
34297
3232
74025
22364
66785
7456
62466
34204
55658
20910
86357
34990
35463
75479
50755
92331
45986
62054
57028
33001
71060
27484
16929
51648
16677
26045
2134
77162
61294
34477
86692
54716
73889
45959
89626
64812
2165
38008
16315
72964
59893
86320
20346
64907
14449
45982
40312
52955
54705
38483
57489
37687
55960
61411
42112
29110
45464
69849
30398
6917
62639
32055
27750
16888
65259
30047
15423
8249
58883
6625
70778
55011
44768
37967
38654
57839
22960
85332
49923
56506
71360
55156
89158
74567
81652
85116
59866
7829
48451
55275
32853
86612
67763
17935
28630
6887
59759
45533
7979
34561
24646
94797
15910
88682
51058
98339
99643
43658
79127
8108
79420
44313
6916
17085
22791
19561
83374
80375
40964
57638
55453
26767
77787
71063
11465
99156
28922
26377
32433
43759
85935
65964
65447
95730
47826
3838
18018
70017
89309
49987
89418
75763
36584
30498
13175
53739
34969
32850
10316
12010
56372
71320
90691
78002
12036
59463
57609
43786
88644
13935
25953
39097
54287
35081
91298
44743
4512
29653
74347
73678
12466
77000
23528
51433
61149
97629
20316
6898
30766
30595
67989
116
23886
19551
49753
47755
15276
89824
80898
26675
93195
41628
23134
99151
16487
70582
58921
51463
64726
93637
93247
25768
5083
23478
79602
89076
12268
51705
33812
56472
36478
80927
14006
59017
35664
55130
12444
78283
82556
9853
96039
96136
6921
41926
68130
54211
23122
4136
11746
55695
80181
61064
89276
84739
99428
70276
95116
58032
51758
14351
87251
97427
77877
39723
57552
49887
60179
11356
46355
72834
41410
30438
4473
89554
93587
47707
98333
33758
89167
82449
45772
3912
11913
58119
58746
18846
82011
36660
57986
89903
52983
48942
3088
87597
65816
12823
12143
43331
92390
80515
83673
85990
78051
79433
98001
83879
37462
93713
29454
55207
35772
39990
21745
3967
8959
74216
27861
91133
76579
51433
937
63524
80514
12879
67897
15189
39585
14824
25874
38156
12538
93197
9814
83421
64625
36595
53166
80146
85066
14284
36235
93273
90933
13556
71291
29932
69510
67120
40148
63716
26302
60653
95502
19610
85940
62403
20388
12607
43932
94901
87244
70948
35956
41000
78521
86552
17212
72354
50504
40879
26052
22532
78039
59547
22006
77446
91873
43964
47874
79719
75820
18073
57535
795
2265
73238
45718
15527
61578
9776
15817
1546
63106
53106
82297
25229
84109
33221
66611
36612
90396
12182
96739
85977
82396
32542
64620
2863
69044
43470
9598
53537
65546
57191
37923
49832
14895
69636
13188
67179
22311
84688
17089
53551
15648
17584
55893
60472
40788
72951
81750
91012
15480
62178
24845
46136
66725
65520
25982
6040
4867
72700
85904
85986
27880
40294
8215
14873
15498
96397
81914
34397
19238
91462
82385
28977
51568
50913
74878
91545
15020
35804
17114
22373
22788
15270
17156
29669
35377
63617
58907
62438
73839
56362
35223
37066
68031
11015
79730
45143
17094
87908
26778
20778
40731
98644
85295
74564
48376
49409
9442
78089
15432
89916
20183
86134
64920
91487
23646
894
62182
4766
88803
5584
39722
51289
45550
88984
46239
48516
4213
27210
27990
46691
61552
11756
1175
63488
28529
85127
860
52490
9143
91917
93789
74758
37362
75767
58620
85497
43654
18842
31285
17263
6796
79983
51865
80053
9771
23720
87815
85267
33723
18607
13269
45410
16247
30901
75594
35071
63302
61883
14350
66585
45594
44698
60348
50790
85290
68878
872
34142
77441
94135
82602
9218
74462
62686
76993
43823
33709
21154
9262
77788
76260
81447
46004
64431
17231
35396
44952
64161
41322
15894
56890
36077
13767
10694
25999
17140
10794
38301
54072
61936
58311
32530
67296
85466
10861
6320
36769
10736
71238
31035
98746
74364
87432
1427
93079
13267
31351
43243
44638
40754
33774
33724
21901
78725
7627
55516
70598
93795
16279
58451
13612
49758
94884
57137
51643
20264
37565
68304
39006
24107
19065
14190
86835
27232
28463
5781
9721
69072
12044
70255
37504
19808
50051
25341
80840
56873
74314
22303
26462
5581
36843
32404
45853
86866
86993
60943
13177
2876
34972
62603
43637
5089
80814
29114
14504
38819
38504
76665
27653
70445
67399
31104
31380
68392
89738
57196
64393
47550
48693
39397
93320
95269
76520
63179
94830
1219
72003
77252
33152
58162
23427
32330
60156
65742
50417
58389
5741
67455
63318
68430
5985
88362
91429
82996
4207
20961
6847
81834
80778
89770
29170
49856
18016
37045
11688
84539
57749
82006
72966
19693
5628
53179
16703
70990
17844
6530
5641
66534
90842
22205
81036
82418
26878
6030
23236
37175
64411
78718
46711
85276
55201
15205
92486
99299
62693
9663
3241
88786
74196
94572
85510
46364
74689
35642
87461
82586
95999
86391
62071
46755
40883
97873
29003
86012
54924
62557
27911
90935
80024
97300
36667
65866
51258
23124
6401
2404
75430
70111
87884
44079
62509
21218
1834
57706
75671
70134
82075
85394
39685
88388
76565
93331
74334
61859
47391
19834
19611
82300
78221
43682
98005
30006
88859
97056
96835
33321
37922
36769
94083
15567
90839
74241
40226
28718
83158
58843
47745
79980
37114
29456
27748
74934
92450
88822
47569
82707
91574
40414
23358
53722
59590
94784
1491
42375
63788
71650
98064
38369
82485
35033
50801
32064
53740
52458
65616
99386
93508
44828
89352
76437
36830
8987
37974
53429
96319
49435
72013
15898
14346
25005
14551
31686
35017
594
56305
83972
16917
80214
55516
60351
82979
60530
51242
60638
86303
39431
32819
97818
65856
20446
90897
6266
72101
75842
21860
70748
98533
97046
89724
87913
10462
31708
39298
22606
25948
49019
35189
54724
64690
40245
27646
70050
88127
78359
4554
46717
8064
44349
25063
49511
97864
92643
55123
64060
9451
74009
67249
24703
46425
67639
32344
22270
47530
76598
52944
85225
60559
40210
54532
36984
42377
20091
60782
89071
14158
84074
13457
12677
947
1594
23901
45739
10869
84987
44870
8500
30009
60927
21216
29327
38984
9036
5970
37680
64952
58405
3656
73411
30244
30451
40924
57337
93551
80228
80325
52017
1991
74993
10779
51619
76423
29836
53483
90167
22813
99160
49545
49
48509
69653
18274
6765
35394
4594
43849
12771
60473
69479
53176
89416
86715
3619
79182
21222
12333
30074
45043
58786
10457
14923
53156
56732
85431
12034
73676
98696
49123
35569
84258
74968
79143
66573
45672
14186
88897
60421
72626
11368
46282
18296
59277
13766
56896
4132
96881
52648
68214
75620
92582
35149
64740
99009
27364
5324
58630
44082
30228
83931
11531
36324
37027
9641
24364
46756
34077
79863
19349
56892
33736
72677
60849
37252
78273
15709
54800
60878
55208
73665
80160
98206
81262
54312
84324
68071
6339
70082
62714
35040
63585
91355
37134
14904
25809
46528
36561
9202
90019
47802
93468
78638
35896
2817
7113
25887
51536
23255
55822
3449
28183
5878
84355
15815
9748
93346
36608
32553
77576
16825
81351
66291
99007
69333
76645
32063
51641
20689
15343
1320
49933
20286
68584
61659
47970
85780
50718
85582
79945
99950
17565
16919
70321
89090
78922
54740
78712
47246
87904
74711
30563
4304
446
94437
29637
94620
39674
14125
74025
6685
46904
74662
36522
84392
39970
76765
89834
79945
38371
65620
6738
4875
70242
99149
58278
59013
7296
99333
79118
23511
91422
9190
52848
51531
61667
46588
65659
1908
78149
27139
94031
39142
5740
87287
81193
22224
19126
27353
7928
61747
29528
80606
15215
41798
54589
93501
2402
54336
81775
69420
47623
7973
57447
49301
65035
35003
62448
46128
98032
33070
40338
25288
85055
40115
93747
33213
9494
63265
92933
6476
48088
99372
60127
11659
39367
97140
40016
79083
16453
85239
42302
49274
4083
90050
31697
49422
77238
46224
40214
26331
29908
5122
46443
72324
71382
86838
40640
66997
18063
85077
34470
41745
92317
14139
45469
83649
76524
11604
30987
67986
50517
97196
99455
89164
83349
74531
69618
67264
76607
19737
87422
5856
9616
13643
58769
80776
58936
99492
60626
60278
21604
40013
57529
85842
1559
41622
56847
53454
15602
26107
26391
70746
30570
71233
99739
71982
34893
4716
75307
57104
37598
95618
17977
49043
20908
50391
46857
82624
89722
92633
63990
75805
70660
94429
51929
83222
62049
71805
46244
21833
38204
75082
68585
28229
57220
45157
16788
3876
84403
86811
43072
31270
32262
53085
32264
52111
70073
75041
60401
37564
3793
56869
99395
30228
21122
34643
33047
87028
74911
89770
30987
5966
35715
79027
80204
8313
7229
30527
63259
39376
64811
52902
45504
21506
8586
97926
16460
64082
22122
58561
97326
50314
20726
12332
51358
1757
64845
99508
41290
23613
32205
68022
24575
53952
95847
81094
35198
75022
65452
48680
92517
56020
17623
43138
95772
19076
33852
32272
36841
30371
57593
24025
58101
90588
11700
88642
56948
96203
30289
91934
26426
40315
24573
30873
98015
66829
84794
91531
50056
64109
59003
36357
84145
41079
29015
68929
35980
91100
64370
26218
32168
17496
44208
66226
97932
36818
78552
80581
56409
68967
48540
87190
78054
9490
67596
27160
93309
34541
59243
6090
85160
19131
24875
97533
37197
43440
55533
60291
83689
46194
46991
72874
88549
47718
61077
46193
42251
55946
6343
72439
3595
53146
20092
40578
7618
36919
2788
14611
83853
57585
40559
98598
72274
12
38074
4435
64810
52288
95176
17917
5967
96799
65312
82119
93539
70654
25757
4415
37373
2960
51140
1256
33823
16905
14792
34247
8558
98609
42836
41111
42074
44494
40454
57553
96189
93250
43364
58870
22806
1217
23979
69251
81925
77143
25092
15510
97300
19648
86658
20029
26619
86418
80005
6852
70388
52836
83561
35035
49035
23680
64082
30029
68884
714
46718
32003
85077
9664
65142
74285
28933
88400
87855
60541
77782
59376
46073
59414
25526
19923
70271
93302
94084
67960
56551
83483
81732
53020
9386
3310
2147
6467
58406
53655
48128
43169
26622
73800
55543
45360
38299
82313
13279
41037
50141
39548
36713
92490
59563
86577
57061
7471
47168
65947
27062
5955
30132
37818
67741
57417
92232
37354
84505
8275
40502
84164
68171
70141
36768
7195
12
13050
3884
29231
96710
90687
42244
73978
36347
13656
8152
11166
39873
65281
85943
14536
75150
24842
72128
6264
86916
35619
26388
57419
60900
46106
46054
69439
52593
62963
58946
5629
33565
42270
84629
75110
6657
19670
66198
86714
96107
75929
57441
80828
19699
28542
687
26665
9106
92917
88076
6667
89248
71191
62142
21188
17921
12164
25919
23154
57481
89459
87136
80321
9820
8086
74105
82098
45213
57680
70781
12438
41662
36828
32935
43998
47366
14961
66901
10827
95666
84619
66765
89079
83555
62474
2995
60571
21383
73370
49818
30012
47483
7874
51182
35148
18024
6236
40451
70753
82974
31372
38470
22697
75208
46786
32897
11102
64897
77648
78084
22411
82499
78532
59309
69684
97725
22503
9022
15787
37595
79584
7037
79620
33344
51694
39747
14653
17962
20190
58172
96933
53100
42510
74993
61204
38529
47997
8484
87987
3063
4492
42682
90356
70579
67952
79670
70445
59020
36818
71786
14692
76140
68602
59365
97406
48336
15588
65871
31080
93816
80698
87346
40111
264
44128
30215
78219
43300
72655
9133
50281
87384
34761
76041
15020
82997
92786
91022
63138
40805
45877
88525
70201
52227
34876
255
29618
33549
40433
27067
24220
3913
26767
6383
8477
91304
98828
30829
94219
90541
89829
40938
39543
32043
34249
10708
12831
44176
99557
81035
6533
42208
83721
99240
9366
88981
31039
88360
6067
66516
24122
15230
96838
49792
34595
2701
87261
90612
21104
12324
44942
95776
22141
66341
16140
70464
49712
5012
20242
29546
16904
97546
44909
71463
70779
99153
29961
8347
54401
86756
5012
45559
8376
56364
54775
50103
9663
33675
14023
46810
37042
90849
37839
82419
95060
35310
23681
81049
54959
95296
55059
66004
57142
82242
67168
44607
9548
13515
7922
31086
86053
55598
6416
97170
90222
87887
42025
8356
20357
41044
33731
75638
38586
56458
63291
54353
171
12495
7486
33308
4526
81063
53906
56256
93362
98027
65394
4642
6353
72232
18000
86463
17930
42695
72178
97788
36483
74910
29742
18599
79301
31294
79382
25259
12656
79325
49189
20040
29806
9517
96013
17063
36266
21060
89454
53022
96027
2086
95828
2714
72489
38914
74485
15443
71850
23873
80705
10353
6874
46133
46985
65121
99622
35721
9038
35882
17473
3774
14587
12482
10708
70878
75325
71071
1243
15949
14022
72919
25957
8535
28224
59276
27589
58893
94718
2492
77583
91961
51762
3802
37898
81755
77933
73989
22311
92090
99341
84264
10945
16887
2866
65680
60858
74833
29996
61924
20691
95732
17573
23026
41451
78728
42035
11916
6189
69377
58332
48682
28305
63815
4500
94037
31477
70947
8005
97389
49764
86358
20134
70075
13579
30746
80325
97265
15896
39524
33615
506
93204
87482
37636
18494
19449
54252
41405
22273
65370
27301
3105
48681
37829
62711
86523
48355
19516
86758
44075
41425
85127
96004
1740
92860
36998
11150
92754
3021
99826
56792
27558
37233
2679
19076
3860
1713
47838
8882
83007
50136
3748
79112
6013
88399
81739
15388
70670
15929
43579
42198
38606
8453
86397
38416
83541
79419
63101
63526
56151
28128
84702
56889
38955
89872
95507
82169
9130
58588
69823
40664
66729
36482
81754
51341
40972
9697
51582
24296
26443
85999
72871
47422
73885
44133
28815
47574
6445
47114
7671
93079
38118
88480
48772
54658
68429
14342
80579
82089
9451
73756
99305
398
26291
19974
5187
67881
44913
5839
51933
38825
3472
79944
4379
93704
69531
7903
34143
76913
16428
10976
81212
33323
34696
58560
40617
4968
42152
86108
19119
84316
99535
961
46360
5839
7373
68275
79550
61221
51710
87541
11824
52319
84043
42438
88757
91767
23937
3903
32869
95326
27840
6994
61141
75631
43017
81823
11902
93899
38497
57071
65345
36466
31641
93046
34926
74565
15425
54713
2024
83870
93870
3502
74149
21541
32943
57146
27794
19052
47931
40954
2588
47918
80455
98882
76096
7043
62834
37913
39520
49935
19136
88203
5140
33978
30045
50527
15879
78146
76071
10566
69085
56482
81336
12186
31057
84903
17663
6970
20224
72241
23097
74251
5195
22632
31254
86348
80617
17698
30883
66850
7446
71262
1957
1386
80646
69857
93219
72729
31301
36170
80239
50255
69736
26812
73279
98212
65746
30212
24008
30629
7488
94360
87283
76733
8831
75217
53584
11367
99057
32362
8048
14364
56126
42156
47219
9728
42426
36950
80287
86505
16746
2488
21827
94933
6811
88781
85669
71437
51275
46516
87268
26425
50535
12416
52076
14425
56105
28598
85771
19743
9858
50100
92594
72916
57998
46066
51288
90018
89797
53076
1289
44034
75604
39428
54679
67863
66032
38893
19541
1
99542
36914
2984
47087
33862
39076
84964
80008
33162
80932
77247
31932
55286
83260
50178
70315
64753
56713
28236
39887
59733
60030
62209
75888
13905
374
68764
10345
2819
80768
75143
22952
18949
59429
19112
79465
32172
5685
80173
53042
86699
54338
72521
82364
31054
96656
11851
56726
14510
11716
57887
98373
20034
27137
28649
1783
56986
4962
28527
23709
33799
41242
43471
94102
54689
74401
96776
78814
46226
19531
15828
59453
74836
52184
89320
49577
71642
95618
8786
39412
20281
64162
70498
97897
76063
49018
58143
25508
69503
90883
41541
98083
47226
72491
11036
71035
59771
60326
75212
31573
37057
3651
36658
29846
62909
11563
26367
71878
8954
91801
58283
99085
21623
82072
64471
65181
80200
93644
56618
27692
74889
65093
21981
91964
98687
28105
87500
58950
76456
28912
62701
3046
55659
1972
67023
95188
84873
58308
28903
96363
60204
27171
92232
99066
48829
32309
19006
10288
37930
6153
13215
23828
27014
48490
65841
38510
56687
10786
66858
33799
24272
85443
28910
78987
70780
11793
15867
81366
48203
27219
29615
66598
20617
73430
62749
31412
45319
8695
24558
56573
44817
9545
30777
58562
4253
56244
53880
69547
9247
68949
5205
86525
47390
33588
79422
15995
34427
59416
75096
54042
73105
11321
76097
15128
96527
20516
55295
64767
93206
18050
96987
57895
87520
41676
8360
88077
83465
65052
75277
63110
77404
49086
44902
52149
44807
16871
28480
82060
66127
33440
46254
92768
17524
31032
59832
4016
34267
40400
66904
46239
10193
10428
87233
8031
28140
26968
66025
8137
52864
98142
66604
73244
59455
589
24930
43131
64111
42137
99030
38177
97514
41289
42481
4928
62594
33418
52126
80025
88949
34991
28870
48775
21686
32127
77561
22707
76862
48447
37590
59981
11671
39383
42388
67608
78898
26866
48510
98436
59661
86893
83185
83688
4194
37083
97965
94902
17737
43807
76750
94683
57583
57470
48704
58911
48671
9897
96758
74618
54160
66708
31073
37795
70777
68133
18847
19012
82752
67798
49248
70271
43226
36775
82903
21518
50086
1960
33870
83502
45926
303
41471
61893
17824
25696
16168
45558
8655
71609
38794
85413
88793
42774
91091
5465
73705
58067
38347
90901
22288
16815
31721
41546
58681
48237
12577
52242
56636
14770
81401
83336
29643
32269
84780
30295
2485
42917
81005
28666
60176
38970
90499
77574
26040
68240
56175
34405
23259
50119
17612
20510
51079
72907
38782
68762
39700
65403
81955
1201
37223
44737
75572
94714
90866
83949
71243
88709
73794
45752
36891
21372
83836
18556
38809
93035
8240
77746
46620
15835
24129
13454
18176
8633
86206
10478
30191
22206
68834
59118
70663
50195
54257
88214
91558
58458
3419
65213
54204
98954
89664
5935
98053
51146
39248
34427
23733
77399
92220
34823
78537
77704
23335
1372
76917
93658
33510
25495
82220
64989
51417
40725
73407
34471
62913
28094
78558
7051
55382
53442
61209
23053
51588
73826
72841
93771
69745
8541
92817
32545
70335
86295
54262
77561
2223
66955
27585
18978
64060
64654
61527
20250
99112
14194
52351
78813
18505
45781
26215
33704
99497
36361
66970
65838
12737
41399
716
95910
91901
32031
79295
21554
2282
99809
83219
88541
78943
80825
79583
41210
25559
76552
75747
91518
34448
81482
1552
86762
79854
88445
10636
25458
44326
63208
5314
44580
58753
7725
85760
31978
92563
93067
10697
30898
12902
62712
34829
85414
79836
9991
64685
69745
73597
56233
58881
96341
67052
34329
69600
18962
26587
64400
15592
33971
73084
28831
88525
52580
71354
19238
57974
2408
39195
90445
71500
66999
82859
50812
9905
13777
35782
7881
40906
60395
64555
8426
34556
74542
9607
47967
68490
75522
4433
11166
62593
73283
54136
72810
77066
60810
1928
25913
31434
60831
62134
53455
92052
93361
98808
69465
7307
83649
63461
64761
63311
39392
45975
33157
96773
33015
54661
37801
86292
96631
13989
70699
62597
74517
72455
79585
76251
76543
66846
57913
58128
90353
19208
97424
18763
76816
84821
57923
11171
41138
38362
37346
16347
76
8813
39241
97288
16056
80246
99441
45863
73735
18233
80645
65558
47858
82080
92458
47947
31117
20542
64723
59345
25596
42940
71880
93
92878
96101
35701
98692
62520
53403
40776
89019
68721
28379
36591
51695
99502
11127
61096
52975
5705
18579
44817
66814
95769
60041
92098
87849
47122
63682
38231
49776
39376
25474
22916
81734
70327
95326
62582
83732
24666
76212
34984
75995
51250
41929
20044
93285
52556
65275
3124
7259
76186
46381
11279
77669
53167
36881
59568
7867
49394
76245
99226
92233
67734
56033
82438
68314
69682
8402
63173
7910
11681
1097
26772
24800
25546
52327
43639
47722
43811
57371
56617
78057
22230
72895
71613
11421
68728
22373
98810
2145
4513
14124
73814
48039
8631
53549
22322
84928
19277
78366
3259
51707
28830
25835
19098
74596
32374
89820
94584
94461
54602
73168
62635
76260
82540
43808
66206
