13
20
24
29
39
41
62
64
65
66
71
77
82
83
89
100
102
110
137
152
167
174
177
181
195
209
212
221
222
223
224
232
247
252
258
261
287
290
295
300
322
329
334
336
355
360
389
389
391
394
396
466
498
508
515
516
543
545
586
587
588
613
625
641
648
671
673
673
677
678
685
687
703
703
728
731
734
737
743
744
749
753
773
785
811
812
823
833
835
840
844
847
853
857
860
877
881
890
893
896
897
901
907
923
927
929
971
972
977
989
996
1025
1027
1034
1036
1036
1037
1037
1047
1051
1079
1082
1086
1120
1120
1131
1131
1133
1137
1164
1170
1177
1183
1196
1198
1201
1201
1210
1216
1224
1234
1239
1243
1243
1270
1293
1298
1302
1307
1317
1324
1328
1328
1340
1340
1351
1358
1370
1372
1373
1380
1388
1409
1414
1435
1487
1513
1523
1527
1532
1537
1555
1567
1580
1583
1589
1600
1612
1615
1615
1625
1646
1647
1649
1667
1669
1680
1682
1685
1685
1688
1709
1714
1735
1758
1758
1765
1765
1771
1777
1786
1789
1793
1828
1839
1896
1909
1912
1913
1918
1924
1928
1934
1937
1942
1945
1948
1948
1955
1960
1972
1976
1990
2016
2027
2048
2050
2055
2067
2068
2091
2091
2098
2101
2140
2153
2171
2175
2192
2192
2194
2198
2198
2221
2240
2243
2249
2251
2268
2273
2291
2306
2371
2376
2380
2419
2426
2433
2435
2435
2440
2440
2455
2461
2468
2468
2472
2474
2495
2508
2510
2511
2513
2523
2540
2541
2548
2563
2571
2587
2587
2589
2589
2591
2605
2615
2615
2640
2660
2679
2681
2689
2690
2745
2791
2811
2811
2814
2839
2849
2853
2857
2878
2881
2886
2915
2916
2929
2936
2946
2948
2957
2965
2967
3005
3014
3019
3027
3032
3040
3042
3078
3108
3113
3134
3138
3142
3155
3159
3170
3172
3175
3176
3176
3179
3183
3194
3200
3210
3210
3261
3264
3271
3300
3312
3338
3356
3360
3375
3379
3384
3397
3411
3422
3426
3429
3429
3440
3477
3488
3503
3510
3516
3523
3546
3548
3549
3568
3574
3576
3602
3607
3611
3613
3625
3631
3633
3654
3654
3658
3664
3674
3682
3694
3694
3694
3701
3714
3719
3722
3737
3743
3744
3753
3774
3805
3814
3817
3833
3855
3857
3863
3864
3867
3876
3879
3896
3906
3922
3936
3937
3938
3945
3978
3984
3997
3997
4011
4025
4031
4051
4066
4071
4091
4104
4124
4144
4160
4168
4171
4171
4202
4209
4219
4225
4226
4239
4242
4254
4258
4270
4273
4278
4279
4296
4296
4301
4312
4342
4349
4351
4359
4389
4389
4403
4406
4433
4446
4469
4480
4483
4491
4492
4499
4501
4503
4510
4521
4526
4527
4530
4534
4537
4547
4571
4577
4594
4595
4602
4609
4611
4616
4618
4638
4647
4654
4659
4691
4692
4710
4711
4727
4744
4745
4765
4767
4809
4818
4841
4863
4880
4885
4897
4912
4914
4918
4920
4923
4944
4944
4949
4952
4953
4954
5015
5016
5026
5028
5030
5047
5048
5059
5066
5076
5089
5091
5093
5096
5110
5113
5114
5142
5143
5149
5163
5167
5171
5173
5193
5204
5224
5224
5247
5250
5250
5263
5266
5266
5278
5311
5316
5324
5332
5335
5356
5358
5360
5363
5366
5374
5399
5404
5404
5431
5464
5468
5476
5479
5504
5515
5527
5549
5581
5606
5612
5616
5640
5646
5660
5665
5675
5691
5695
5701
5710
5717
5717
5729
5755
5783
5784
5785
5785
5795
5811
5814
5831
5835
5859
5873
5876
5886
5898
5918
5923
5932
5969
5980
5980
5993
5995
6022
6024
6031
6045
6082
6087
6087
6094
6107
6122
6122
6124
6128
6147
6154
6157
6166
6169
6190
6193
6196
6209
6224
6242
6249
6255
6288
6301
6304
6308
6313
6319
6324
6330
6338
6346
6349
6362
6371
6375
6382
6395
6397
6401
6409
6411
6434
6447
6461
6467
6481
6485
6526
6554
6566
6572
6572
6575
6588
6597
6605
6625
6627
6649
6660
6669
6678
6685
6692
6704
6718
6752
6754
6765
6775
6825
6842
6842
6844
6847
6855
6858
6875
6896
6901
6914
6917
6937
6938
6950
6951
6959
6960
6963
6967
6968
6988
6992
6999
7043
7058
7059
7060
7065
7074
7089
7116
7118
7124
7129
7139
7148
7150
7175
7184
7213
7224
7232
7240
7260
7262
7271
7283
7286
7290
7292
7296
7317
7323
7339
7350
7362
7375
7376
7378
7401
7414
7415
7416
7417
7420
7421
7424
7442
7449
7451
7453
7457
7485
7498
7516
7518
7527
7528
7528
7543
7555
7560
7574
7580
7595
7602
7608
7621
7629
7635
7637
7648
7654
7660
7695
7698
7704
7706
7721
7725
7741
7748
7753
7765
7780
7795
7802
7814
7816
7832
7832
7841
7851
7874
7883
7885
7886
7886
7897
7909
7937
7942
7943
7982
7986
7988
7989
8000
8007
8013
8016
8062
8065
8088
8106
8109
8124
8155
8169
8210
8214
8244
8295
8312
8316
8325
8342
8354
8357
8367
8368
8368
8382
8387
8387
8411
8414
8414
8419
8423
8431
8433
8433
8467
8467
8470
8474
8479
8488
8504
8509
8521
8533
8539
8549
8557
8567
8571
8579
8587
8589
8589
8593
8596
8599
8604
8605
8608
8611
8614
8626
8630
8631
8639
8642
8666
8690
8697
8708
8744
8765
8771
8777
8785
8786
8788
8790
8797
8803
8818
8829
8861
8861
8887
8888
8898
8902
8902
8903
8942
8944
8950
8977
8978
8988
9002
9003
9010
9027
9037
9045
9046
9062
9066
9076
9082
9083
9086
9089
9093
9110
9125
9133
9136
9141
9149
9180
9189
9200
9212
9250
9257
9258
9324
9332
9336
9344
9346
9359
9396
9398
9400
9405
9453
9461
9473
9476
9479
9480
9484
9502
9519
9532
9532
9535
9548
9560
9569
9576
9588
9589
9598
9602
9602
9604
9647
9647
9651
9652
9668
9670
9705
9716
9727
9736
9749
9750
9752
9763
9769
9776
9784
9789
9792
9801
9836
9836
9842
9843
9872
9883
9891
9907
9912
9913
9928
9929
9942
9953
9954
9955
9956
9962
9978
10008
10028
10028
10046
10065
10072
10073
10086
10089
10117
10119
10122
10133
10149
10150
10156
10159
10161
10164
10170
10175
10205
10213
10220
10238
10244
10268
10291
10300
10306
10309
10338
10364
10368
10371
10379
10392
10395
10397
10402
10414
10419
10419
10431
10488
10492
10501
10507
10512
10519
10531
10537
10538
10547
10557
10560
10560
10571
10588
10608
10629
10631
10643
10644
10646
10652
10666
10671
10674
10691
10694
10698
10698
10705
10711
10719
10751
10756
10774
10778
10783
10803
10845
10845
10845
10849
10850
10865
10889
10892
10896
10897
10904
10916
10928
10932
10945
10972
10977
10984
10992
11001
11001
11022
11024
11024
11032
11052
11053
11073
11115
11156
11166
11170
11188
11192
11193
11200
11204
11216
11216
11220
11228
11237
11239
11240
11246
11250
11253
11271
11276
11284
11309
11311
11333
11345
11367
11374
11382
11382
11385
11386
11423
11434
11447
11448
11451
11451
11462
11478
11480
11488
11499
11506
11507
11515
11523
11525
11534
11540
11550
11554
11554
11561
11565
11579
11583
11586
11587
11588
11616
11617
11664
11665
11704
11708
11730
11732
11740
11743
11749
11762
11768
11802
11811
11815
11820
11843
11856
11859
11864
11881
11889
11904
11930
11932
11949
11956
11979
11991
12022
12028
12041
12045
12047
12063
12068
12073
12079
12083
12092
12108
12125
12132
12133
12135
12137
12161
12175
12177
12179
12227
12229
12233
12238
12241
12244
12280
12288
12322
12328
12333
12334
12350
12358
12364
12368
12370
12390
12418
12427
12435
12445
12453
12461
12467
12471
12480
12485
12486
12489
12509
12513
12526
12534
12534
12547
12568
12576
12583
12598
12605
12626
12649
12669
12670
12679
12687
12691
12703
12720
12724
12749
12755
12777
12779
12790
12811
12823
12824
12834
12835
12846
12850
12883
12902
12922
12940
12952
12959
12963
12993
12994
12995
12999
13003
13025
13035
13042
13067
13078
13085
13089
13131
13131
13140
13145
13145
13151
13171
13178
13202
13213
13215
13233
13253
13270
13275
13281
13284
13291
13296
13337
13338
13366
13367
13372
13374
13382
13383
13395
13400
13408
13413
13423
13429
13436
13441
13443
13447
13449
13468
13469
13470
13475
13484
13519
13525
13535
13536
13544
13551
13601
13610
13673
13674
13680
13682
13686
13696
13704
13714
13725
13726
13726
13727
13734
13736
13740
13748
13749
13750
13752
13763
13767
13776
13776
13797
13807
13822
13837
13839
13840
13844
13864
13867
13868
13873
13923
13934
13937
13959
13964
13974
13988
13996
14016
14019
14020
14049
14060
14064
14065
14072
14080
14090
14092
14132
14168
14169
14175
14184
14184
14188
14211
14223
14234
14238
14244
14276
14284
14290
14302
14309
14329
14341
14349
14354
14386
14414
14419
14439
14447
14453
14474
14478
14496
14504
14505
14514
14520
14526
14556
14557
14560
14562
14576
14605
14607
14615
14616
14622
14649
14663
14664
14666
14677
14684
14695
14702
14708
14711
14712
14725
14725
14732
14755
14774
14779
14796
14797
14802
14812
14815
14820
14824
14828
14847
14852
14853
14866
14874
14883
14901
14901
14907
14909
14911
14919
14949
14953
14958
14962
14977
14981
14985
14989
14989
14993
15005
15007
15009
15013
15030
15030
15045
15053
15056
15062
15069
15101
15117
15133
15164
15182
15193
15201
15217
15224
15240
15251
15251
15256
15291
15306
15309
15327
15338
15371
15388
15394
15424
15436
15437
15442
15442
15444
15467
15467
15475
15476
15508
15508
15511
15527
15533
15555
15560
15575
15576
15591
15593
15610
15623
15626
15632
15657
15659
15679
15694
15702
15708
15709
15716
15721
15727
15737
15763
15767
15775
15775
15812
15817
15824
15824
15830
15833
15847
15848
15850
15855
15859
15860
15876
15900
15904
15915
15930
15965
15968
16015
16017
16020
16044
16047
16052
16057
16077
16080
16084
16099
16100
16104
16107
16164
16174
16174
16174
16177
16216
16217
16241
16251
16254
16255
16276
16280
16284
16304
16308
16312
16313
16354
16362
16364
16367
16379
16401
16401
16402
16402
16417
16418
16450
16453
16459
16460
16471
16476
16487
16498
16499
16519
16522
16523
16525
16529
16532
16545
16546
16547
16547
16548
16556
16560
16582
16584
16601
16602
16632
16651
16658
16667
16669
16675
16697
16707
16714
16717
16728
16729
16760
16764
16778
16778
16779
16813
16821
16826
16831
16836
16845
16848
16859
16869
16871
16875
16886
16888
16904
16919
16947
16950
16957
16960
16967
16971
16980
16984
16985
16998
17004
17016
17018
17022
17048
17071
17075
17085
17087
17097
17097
17112
17117
17133
17135
17138
17138
17140
17149
17175
17192
17210
17222
17224
17232
17234
17248
17251
17261
17292
17293
17297
17301
17308
17312
17336
17336
17346
17349
17352
17355
17357
17376
17377
17392
17398
17399
17406
17416
17437
17451
17457
17470
17473
17473
17481
17495
17522
17525
17528
17541
17546
17547
17557
17564
17565
17567
17578
17587
17599
17609
17618
17625
17634
17641
17648
17669
17686
17688
17705
17714
17728
17732
17739
17747
17756
17758
17765
17768
17777
17779
17784
17786
17834
17854
17857
17876
17885
17913
17922
17941
17944
17945
17964
17966
17975
17981
17985
18020
18024
18028
18029
18033
18038
18039
18049
18073
18073
18078
18088
18098
18106
18123
18126
18134
18140
18142
18152
18162
18167
18167
18172
18173
18177
18182
18183
18185
18190
18191
18205
18219
18224
18224
18227
18228
18237
18242
18248
18255
18257
18261
18269
18289
18301
18316
18331
18334
18359
18382
18395
18401
18403
18418
18424
18425
18444
18446
18454
18476
18481
18485
18486
18488
18489
18504
18509
18511
18533
18538
18543
18546
18548
18550
18551
18563
18567
18581
18597
18597
18605
18621
18639
18656
18674
18691
18700
18703
18706
18710
18724
18744
18747
18763
18771
18771
18785
18819
18832
18833
18834
18838
18846
18849
18857
18862
18881
18897
18925
18927
18947
18976
18979
18982
18985
19011
19028
19035
19044
19054
19055
19090
19092
19100
19101
19103
19103
19132
19150
19163
19171
19172
19175
19185
19244
19246
19252
19253
19253
19271
19276
19300
19304
19322
19325
19329
19331
19349
19351
19368
19380
19394
19399
19402
19406
19416
19417
19418
19436
19447
19453
19479
19495
19527
19535
19547
19551
19555
19566
19569
19589
19612
19628
19665
19669
19688
19697
19698
19726
19729
19737
19766
19768
19769
19770
19793
19806
19815
19842
19845
19849
19864
19883
19892
19904
19909
19915
19938
19938
19948
19954
19970
19976
19997
20001
20008
20023
20033
20033
20038
20041
20051
20054
20072
20076
20100
20106
20109
20116
20203
20206
20245
20251
20260
20265
20283
20292
20297
20315
20317
20336
20345
20348
20349
20351
20353
20357
20360
20371
20374
20377
20377
20390
20428
20442
20464
20472
20477
20481
20501
20513
20542
20552
20553
20593
20599
20608
20624
20632
20643
20678
20681
20718
20751
20751
20752
20768
20784
20789
20836
20840
20851
20860
20863
20918
20931
20936
20938
20938
20945
20963
20967
20968
20999
21009
21021
21034
21044
21054
21056
21066
21085
21097
21100
21124
21129
21135
21145
21149
21150
21157
21158
21159
21175
21179
21180
21199
21213
21230
21231
21236
21240
21248
21257
21265
21289
21292
21294
21331
21346
21358
21363
21370
21393
21403
21406
21409
21419
21422
21427
21432
21447
21453
21458
21478
21486
21490
21493
21498
21498
21512
21514
21534
21538
21549
21567
21567
21580
21614
21615
21648
21651
21655
21678
21700
21712
21740
21748
21752
21756
21761
21776
21783
21791
21796
21798
21800
21814
21816
21824
21824
21829
21837
21838
21846
21873
21876
21877
21879
21900
21918
21921
21922
21924
21954
21955
21975
21988
21997
22001
22008
22012
22023
22043
22058
22064
22066
22097
22102
22118
22118
22121
22146
22150
22151
22156
22159
22161
22178
22179
22201
22207
22216
22218
22232
22252
22256
22264
22271
22285
22286
22296
22310
22314
22316
22321
22322
22330
22338
22342
22350
22353
22359
22359
22361
22391
22394
22394
22399
22411
22415
22415
22437
22437
22443
22447
22453
22474
22490
22504
22539
22549
22559
22567
22578
22595
22596
22603
22606
22608
22609
22611
22620
22627
22632
22649
22649
22656
22679
22683
22706
22716
22717
22718
22723
22728
22728
22729
22733
22739
22757
22759
22778
22796
22797
22799
22800
22806
22814
22825
22828
22844
22845
22848
22861
22865
22875
22878
22879
22889
22918
22920
22920
22937
22941
22941
22953
22954
22956
22968
23004
23042
23044
23073
23078
23087
23091
23099
23105
23114
23118
23126
23142
23159
23171
23177
23189
23193
23203
23211
23216
23218
23254
23272
23295
23303
23309
23314
23317
23319
23333
23343
23351
23359
23389
23404
23416
23416
23419
23469
23470
23471
23481
23493
23497
23508
23511
23513
23521
23523
23539
23549
23575
23622
23632
23644
23672
23678
23729
23740
23742
23743
23746
23761
23784
23790
23794
23798
23800
23818
23818
23821
23830
23836
23845
23855
23856
23858
23859
23861
23863
23873
23875
23883
23916
23922
23928
23956
23964
23977
24007
24013
24016
24026
24028
24029
24030
24031
24034
24051
24053
24056
24058
24067
24068
24071
24078
24082
24092
24097
24105
24112
24116
24119
24125
24134
24163
24182
24186
24190
24195
24200
24200
24206
24207
24220
24223
24225
24238
24238
24243
24245
24249
24260
24271
24277
24284
24291
24310
24315
24318
24331
24356
24363
24376
24385
24398
24403
24408
24413
24424
24431
24442
24445
24489
24529
24546
24551
24560
24570
24573
24577
24578
24587
24591
24595
24608
24613
24629
24638
24648
24651
24651
24664
24666
24675
24688
24688
24700
24715
24742
24756
24757
24764
24765
24768
24779
24789
24798
24814
24816
24846
24847
24868
24874
24890
24904
24910
24919
24920
24922
24946
24972
24975
24990
25010
25011
25016
25030
25031
25038
25080
25093
25104
25108
25116
25146
25151
25152
25176
25184
25216
25227
25235
25261
25265
25268
25292
25295
25308
25324
25340
25348
25351
25355
25362
25384
25388
25395
25396
25400
25416
25417
25431
25445
25451
25451
25458
25476
25498
25507
25507
25530
25536
25541
25543
25554
25573
25576
25580
25590
25600
25614
25625
25650
25660
25685
25689
25689
25690
25695
25696
25730
25757
25761
25790
25793
25797
25799
25808
25810
25821
25823
25830
25831
25833
25833
25834
25837
25871
25887
25911
25932
25934
25938
25971
26028
26038
26043
26043
26063
26063
26064
26081
26097
26099
26120
26122
26124
26143
26144
26148
26150
26179
26190
26190
26194
26203
26206
26221
26229
26254
26263
26267
26272
26296
26336
26336
26338
26349
26350
26363
26398
26410
26433
26434
26455
26460
26479
26512
26522
26522
26532
26544
26564
26578
26590
26594
26599
26630
26634
26666
26676
26677
26704
26718
26726
26731
26732
26748
26770
26772
26793
26795
26797
26808
26827
26860
26869
26875
26886
26886
26894
26909
26916
26917
26921
26927
26950
26954
26964
26977
26979
26979
26987
26999
27016
27022
27026
27033
27035
27050
27051
27067
27072
27073
27074
27081
27113
27126
27126
27130
27153
27170
27171
27177
27190
27201
27241
27250
27264
27282
27282
27305
27316
27330
27345
27346
27347
27353
27358
27359
27364
27391
27431
27433
27442
27463
27464
27488
27492
27493
27516
27538
27543
27544
27547
27555
27570
27583
27588
27597
27607
27616
27627
27645
27659
27674
27676
27679
27689
27693
27694
27700
27709
27726
27727
27733
27740
27741
27745
27748
27757
27773
27777
27814
27834
27858
27860
27882
27895
27897
27921
27924
27933
27938
27959
27961
27979
27988
28011
28044
28071
28104
28118
28122
28124
28134
28134
28139
28168
28172
28179
28194
28199
28201
28204
28206
28207
28220
28228
28264
28279
28286
28286
28298
28300
28301
28321
28328
28358
28361
28384
28384
28388
28420
28422
28424
28439
28447
28460
28474
28502
28506
28510
28527
28532
28536
28539
28556
28562
28568
28570
28570
28589
28595
28612
28626
28630
28634
28636
28660
28661
28667
28673
28690
28701
28714
28716
28716
28719
28744
28770
28782
28783
28789
28798
28816
28819
28828
28832
28839
28877
28889
28903
28916
28935
28935
28938
28946
28955
28955
28956
28958
28958
28966
28967
28980
28984
28992
28996
29000
29002
29003
29010
29019
29021
29024
29031
29032
29090
29092
29098
29103
29113
29119
29121
29121
29124
29134
29140
29156
29207
29207
29212
29230
29231
29270
29272
29285
29288
29292
29300
29320
29341
29357
29362
29366
29369
29393
29401
29419
29426
29427
29430
29435
29445
29445
29459
29471
29473
29477
29489
29509
29541
29547
29577
29587
29604
29619
29619
29632
29643
29651
29656
29662
29663
29665
29669
29671
29675
29695
29706
29721
29749
29763
29763
29781
29783
29793
29832
29855
29897
29903
29911
29923
29986
30002
30004
30005
30040
30042
30051
30051
30056
30061
30062
30071
30078
30084
30085
30090
30096
30101
30108
30119
30129
30152
30158
30165
30185
30195
30208
30221
30222
30229
30250
30262
30265
30275
30284
30287
30294
30300
30324
30328
30356
30359
30362
30366
30372
30381
30393
30407
30410
30413
30424
30447
30467
30473
30483
30493
30494
30498
30502
30571
30576
30592
30611
30616
30620
30626
30629
30633
30634
30644
30651
30681
30690
30691
30704
30705
30714
30723
30727
30736
30737
30743
30748
30749
30757
30785
30792
30803
30809
30812
30814
30821
30821
30835
30844
30855
30864
30867
30876
30876
30879
30881
30883
30886
30914
30917
30920
30951
30956
30980
30985
30996
31012
31028
31038
31046
31055
31070
31079
31081
31124
31132
31134
31164
31169
31173
31184
31188
31200
31222
31240
31240
31274
31280
31282
31302
31305
31307
31312
31342
31346
31347
31388
31409
31418
31443
31446
31451
31461
31482
31513
31529
31531
31561
31561
31562
31575
31583
31596
31598
31602
31604
31623
31625
31628
31652
31653
31667
31672
31673
31687
31689
31725
31750
31753
31775
31780
31795
31802
31806
31809
31810
31820
31836
31845
31847
31856
31858
31885
31890
31901
31901
31902
31912
31913
31916
31935
31937
31940
31958
31962
31968
31968
31985
32002
32037
32052
32055
32078
32080
32086
32106
32108
32116
32118
32129
32133
32143
32152
32164
32164
32170
32173
32184
32187
32188
32220
32221
32234
32237
32244
32247
32254
32255
32265
32280
32339
32346
32353
32355
32389
32397
32417
32427
32436
32480
32485
32493
32504
32505
32516
32518
32527
32534
32552
32561
32579
32581
32585
32593
32619
32625
32651
32664
32671
32680
32688
32688
32690
32702
32705
32709
32730
32738
32745
32746
32748
32751
32754
32768
32791
32792
32804
32819
32824
32828
32830
32835
32848
32873
32901
32904
32922
32927
32937
32944
32949
32949
32950
32954
32970
32971
33003
33009
33011
33012
33018
33033
33047
33050
33053
33055
33057
33074
33091
33094
33106
33109
33110
33121
33148
33151
33164
33164
33189
33191
33199
33204
33205
33213
33214
33236
33241
33243
33247
33274
33287
33290
33295
33305
33320
33341
33351
33353
33355
33361
33367
33372
33375
33384
33405
33423
33434
33449
33454
33458
33469
33490
33504
33513
33518
33522
33522
33528
33533
33538
33547
33566
33580
33580
33593
33598
33604
33609
33623
33640
33652
33654
33667
33673
33676
33677
33686
33694
33702
33704
33710
33710
33732
33761
33763
33768
33770
33800
33806
33823
33837
33860
33873
33879
33882
33882
33884
33887
33904
33932
33937
33943
33945
33952
33954
33954
33969
33976
33990
33997
34012
34024
34052
34065
34091
34106
34116
34130
34148
34154
34170
34187
34198
34208
34216
34221
34223
34226
34236
34247
34258
34261
34262
34270
34293
34297
34300
34304
34309
34313
34329
34339
34339
34372
34380
34383
34388
34390
34404
34426
34444
34444
34461
34464
34468
34475
34475
34479
34491
34498
34506
34514
34525
34527
34529
34530
34544
34585
34599
34600
34601
34620
34627
34633
34634
34643
34666
34686
34693
34706
34708
34715
34718
34727
34746
34749
34749
34776
34784
34784
34799
34799
34811
34814
34824
34832
34833
34847
34851
34859
34867
34883
34895
34904
34916
34921
34924
34980
35026
35051
35053
35060
35065
35065
35065
35074
35078
35078
35084
35094
35097
35106
35110
35124
35136
35136
35137
35163
35176
35181
35193
35194
35203
35217
35235
35237
35239
35240
35244
35268
35270
35272
35296
35315
35324
35351
35362
35372
35372
35379
35382
35386
35390
35403
35409
35420
35443
35446
35455
35462
35482
35495
35500
35502
35505
35507
35509
35527
35528
35534
35548
35571
35577
35581
35583
35617
35624
35626
35627
35628
35631
35645
35663
35670
35684
35685
35691
35694
35708
35711
35719
35735
35759
35762
35770
35777
35785
35800
35836
35860
35911
35948
35955
35960
35962
35970
35977
35995
36041
36042
36062
36069
36074
36089
36095
36102
36108
36117
36120
36132
36132
36167
36168
36171
36173
36174
36178
36187
36190
36191
36199
36221
36267
36272
36286
36289
36338
36341
36359
36367
36416
36429
36448
36452
36502
36504
36523
36529
36530
36548
36552
36559
36560
36582
36585
36618
36623
36627
36647
36652
36653
36654
36655
36683
36689
36705
36713
36723
36733
36754
36761
36766
36770
36796
36797
36806
36815
36816
36848
36849
36870
36871
36878
36879
36912
36921
36931
36937
36945
36949
36949
36967
36983
36984
36992
37014
37037
37062
37076
37077
37081
37084
37096
37108
37115
37143
37155
37164
37175
37179
37188
37195
37200
37202
37205
37211
37219
37221
37231
37234
37244
37246
37248
37252
37256
37260
37271
37272
37273
37274
37285
37299
37311
37311
37327
37331
37332
37352
37365
37367
37376
37377
37381
37406
37411
37414
37419
37432
37437
37443
37451
37465
37489
37528
37553
37556
37567
37585
37587
37591
37592
37605
37612
37623
37631
37641
37681
37688
37689
37707
37708
37721
37756
37768
37779
37786
37824
37824
37833
37843
37849
37854
37861
37875
37879
37895
37896
37904
37908
37908
37911
37923
37936
37941
37958
37976
37978
38007
38017
38043
38055
38077
38089
38091
38092
38094
38119
38120
38123
38128
38131
38151
38167
38174
38183
38185
38192
38218
38226
38228
38234
38235
38238
38243
38247
38263
38271
38291
38311
38314
38317
38327
38328
38333
38333
38337
38348
38359
38381
38385
38392
38407
38409
38426
38430
38436
38440
38444
38460
38463
38479
38504
38522
38535
38538
38570
38574
38579
38612
38613
38616
38626
38627
38636
38642
38642
38658
38685
38693
38719
38722
38731
38742
38749
38751
38756
38760
38765
38781
38785
38789
38797
38798
38800
38800
38811
38811
38816
38823
38823
38841
38846
38865
38870
38871
38890
38902
38908
38908
38911
38914
38915
38916
38922
38929
38938
38944
38944
38946
38947
38958
38958
38963
38984
38986
38987
38989
39005
39011
39023
39025
39039
39088
39090
39094
39147
39147
39167
39167
39170
39178
39189
39195
39199
39203
39209
39215
39227
39227
39240
39254
39260
39261
39263
39290
39292
39296
39297
39303
39318
39326
39334
39349
39354
39365
39374
39384
39404
39408
39414
39416
39418
39438
39448
39454
39484
39500
39509
39513
39523
39525
39543
39554
39568
39571
39577
39586
39586
39591
39591
39608
39620
39629
39638
39638
39647
39649
39651
39657
39666
39700
39703
39704
39718
39734
39737
39737
39748
39750
39751
39760
39778
39791
39794
39802
39836
39857
39857
39859
39860
39862
39866
39866
39879
39880
39893
39899
39922
39940
39943
39952
39955
39972
39975
40012
40060
40078
40095
40108
40119
40132
40143
40146
40151
40161
40164
40187
40192
40204
40213
40220
40246
40257
40265
40305
40317
40328
40329
40341
40357
40363
40368
40377
40378
40384
40402
40408
40426
40435
40436
40440
40460
40463
40483
40492
40495
40533
40536
40544
40544
40551
40564
40577
40580
40593
40596
40599
40604
40606
40607
40612
40614
40627
40627
40627
40640
40659
40669
40684
40684
40687
40691
40718
40720
40723
40745
40748
40754
40759
40770
40770
40777
40778
40779
40822
40829
40832
40851
40853
40853
40878
40882
40882
40883
40886
40895
40902
40916
40943
40948
40948
40970
40974
40981
40982
40988
40992
40996
41000
41006
41007
41008
41013
41015
41015
41021
41027
41037
41043
41047
41079
41080
41087
41088
41117
41125
41133
41160
41161
41165
41191
41198
41201
41210
41211
41223
41223
41225
41258
41264
41269
41280
41281
41290
41298
41310
41322
41332
41345
41356
41383
41383
41407
41409
41411
41416
41438
41438
41441
41450
41476
41485
41522
41523
41564
41572
41583
41591
41608
41611
41618
41618
41640
41640
41657
41669
41683
41695
41712
41713
41714
41716
41721
41730
41737
41764
41775
41775
41815
41819
41821
41824
41828
41840
41854
41899
41901
41916
41933
41947
41949
41961
41966
41968
41970
42004
42007
42014
42014
42015
42026
42036
42049
42051
42055
42058
42072
42075
42086
42089
42096
42111
42126
42140
42143
42153
42160
42161
42180
42192
42194
42195
42196
42206
42212
42220
42226
42251
42253
42256
42258
42284
42287
42288
42295
42322
42324
42332
42351
42354
42355
42411
42415
42422
42429
42432
42439
42447
42451
42457
42457
42484
42493
42497
42520
42531
42554
42571
42578
42595
42601
42607
42618
42621
42624
42626
42629
42662
42663
42668
42675
42694
42712
42734
42741
42748
42770
42781
42798
42799
42800
42813
42824
42833
42838
42855
42859
42881
42885
42887
42894
42900
42907
42910
42915
42916
42916
42935
42940
42940
42945
42951
42954
42963
42967
42970
42998
43003
43016
43018
43027
43028
43030
43030
43035
43036
43046
43050
43065
43078
43087
43099
43099
43110
43117
43118
43121
43150
43152
43180
43192
43195
43201
43231
43241
43269
43285
43291
43297
43311
43315
43317
43328
43352
43352
43358
43369
43370
43389
43393
43399
43408
43410
43423
43435
43452
43483
43498
43501
43514
43523
43535
43537
43567
43594
43603
43618
43624
43679
43696
43706
43712
43720
43726
43770
43772
43785
43792
43794
43813
43825
43831
43835
43836
43838
43850
43857
43860
43860
43891
43896
43904
43912
43921
43922
43925
43956
43965
43983
43994
44007
44011
44026
44031
44034
44038
44046
44046
44055
44070
44080
44081
44086
44095
44098
44108
44126
44126
44147
44160
44163
44168
44174
44181
44194
44198
44204
44215
44220
44230
44234
44239
44250
44265
44279
44327
44346
44348
44368
44372
44384
44409
44413
44414
44419
44420
44432
44434
44452
44455
44455
44472
44476
44480
44485
44495
44514
44532
44538
44539
44543
44546
44551
44556
44557
44569
44587
44596
44601
44608
44608
44613
44616
44617
44641
44643
44665
44671
44679
44686
44690
44691
44743
44744
44794
44801
44810
44824
44824
44833
44902
44912
44915
44949
44957
44963
44981
45001
45017
45032
45035
45037
45038
45055
45066
45080
45095
45103
45119
45136
45145
45152
45170
45174
45183
45200
45208
45212
45215
45234
45235
45245
45247
45277
45282
45290
45308
45315
45333
45335
45336
45337
45348
45350
45367
45373
45374
45377
45392
45394
45408
45439
45443
45465
45467
45469
45470
45491
45495
45502
45507
45534
45540
45552
45555
45565
45582
45584
45598
45624
45652
45681
45704
45722
45725
45726
45730
45731
45738
45739
45740
45747
45750
45755
45780
45785
45787
45792
45800
45800
45842
45843
45857
45857
45867
45899
45934
45936
45937
45942
45948
45959
45961
45964
45981
45988
45993
46007
46031
46034
46035
46037
46045
46051
46051
46057
46058
46067
46070
46087
46114
46120
46122
46122
46143
46157
46160
46161
46166
46177
46202
46217
46227
46228
46257
46275
46283
46298
46305
46329
46333
46349
46354
46367
46381
46387
46394
46415
46421
46422
46426
46427
46436
46439
46442
46450
46450
46467
46468
46473
46483
46498
46503
46509
46510
46518
46526
46527
46549
46551
46555
46556
46570
46571
46595
46612
46612
46629
46639
46644
46664
46676
46682
46683
46692
46701
46709
46710
46717
46729
46734
46738
46741
46746
46752
46757
46757
46759
46768
46772
46776
46776
46778
46788
46800
46826
46831
46832
46839
46847
46864
46883
46888
46913
46914
46917
46920
46921
46930
46943
46949
46954
46959
46997
47010
47010
47025
47032
47046
47050
47074
47095
47104
47104
47134
47159
47169
47170
47172
47178
47187
47190
47202
47207
47216
47222
47231
47243
47259
47278
47291
47303
47317
47330
47343
47345
47362
47411
47437
47458
47470
47488
47495
47502
47512
47521
47530
47551
47557
47558
47582
47589
47595
47630
47636
47641
47642
47649
47653
47663
47668
47670
47673
47685
47692
47697
47697
47722
47736
47742
47748
47765
47787
47794
47802
47823
47825
47831
47840
47847
47866
47871
47872
47874
47875
47889
47905
47909
47912
47929
47961
47972
47976
47978
47995
48001
48009
48025
48027
48039
48042
48047
48050
48060
48068
48073
48097
48115
48125
48128
48130
48135
48146
48154
48155
48166
48171
48175
48179
48227
48227
48232
48233
48237
48268
48273
48284
48294
48303
48319
48326
48334
48338
48343
48357
48366
48375
48378
48385
48387
48404
48411
48428
48437
48441
48446
48451
48468
48471
48479
48486
48495
48495
48526
48548
48549
48554
48558
48565
48622
48629
48633
48637
48659
48662
48663
48669
48677
48712
48716
48717
48729
48737
48755
48758
48776
48804
48804
48810
48827
48830
48834
48861
48861
48862
48868
48887
48889
48900
48920
48927
48968
48971
48977
48978
48986
48996
49005
49010
49025
49032
49035
49049
49055
49055
49060
49064
49069
49082
49093
49094
49118
49152
49174
49176
49186
49195
49197
49201
49218
49228
49234
49240
49255
49257
49272
49296
49302
49303
49306
49311
49355
49372
49378
49382
49383
49389
49390
49428
49433
49452
49465
49479
49490
49504
49521
49542
49560
49565
49571
49572
49578
49589
49590
49601
49608
49608
49616
49621
49655
49656
49666
49670
49675
49683
49695
49713
49724
49726
49737
49757
49771
49777
49797
49799
49799
49802
49811
49813
49819
49821
49829
49830
49842
49848
49851
49857
49860
49873
49883
49885
49886
49913
49925
49925
49925
49934
50003
50006
50008
50032
50035
50037
50052
50059
50062
50091
50094
50099
50109
50125
50133
50144
50162
50164
50182
50190
50199
50211
50223
50235
50256
50283
50288
50295
50330
50357
50359
50389
50390
50392
50393
50396
50403
50411
50416
50420
50421
50444
50457
50476
50477
50480
50484
50485
50502
50541
50570
50576
50592
50616
50630
50642
50645
50656
50662
50666
50672
50675
50681
50685
50719
50762
50774
50792
50799
50833
50846
50846
50855
50877
50878
50899
50901
50911
50928
50943
50956
50958
50980
50984
51003
51023
51040
51043
51049
51051
51071
51079
51081
51081
51100
51104
51107
51117
51118
51119
51125
51125
51134
51135
51146
51178
51197
51206
51208
51212
51250
51255
51257
51262
51305
51312
51321
51326
51351
51353
51371
51371
51375
51379
51381
51389
51390
51392
51417
51419
51452
51468
51470
51477
51477
51489
51499
51503
51527
51533
51538
51540
51550
51560
51571
51603
51608
51612
51618
51636
51652
51664
51672
51684
51685
51710
51714
51721
51726
51731
51740
51753
51755
51755
51763
51767
51781
51784
51796
51819
51821
51826
51869
51885
51898
51929
51944
51946
51950
51953
51957
51965
51970
51985
51989
51991
52003
52007
52030
52039
52047
52060
52069
52078
52085
52087
52094
52103
52110
52119
52138
52155
52156
52166
52197
52242
52248
52257
52303
52314
52319
52320
52320
52334
52344
52345
52352
52368
52372
52372
52377
52378
52378
52395
52415
52419
52426
52442
52500
52506
52515
52538
52540
52548
52550
52558
52571
52575
52577
52594
52616
52621
52627
52628
52631
52641
52662
52668
52695
52702
52708
52709
52732
52737
52764
52767
52777
52788
52788
52789
52789
52826
52843
52864
52871
52912
52922
52922
52927
52948
52953
52957
52963
52966
52968
52969
52978
52978
52984
53008
53039
53042
53044
53047
53049
53134
53149
53158
53170
53178
53179
53183
53183
53183
53185
53186
53187
53201
53206
53220
53228
53234
53245
53246
53262
53284
53285
53287
53301
53301
53310
53319
53335
53372
53387
53394
53396
53405
53405
53409
53421
53434
53450
53455
53460
53483
53495
53499
53502
53507
53529
53545
53562
53563
53565
53569
53570
53573
53576
53579
53581
53598
53628
53638
53641
53646
53647
53652
53654
53666
53676
53685
53689
53691
53705
53711
53718
53727
53741
53744
53770
53775
53781
53814
53820
53830
53853
53877
53878
53881
53883
53898
53905
53911
53930
53953
53965
53973
53975
53976
54013
54020
54027
54028
54041
54045
54052
54053
54053
54057
54077
54084
54089
54107
54112
54115
54117
54133
54136
54152
54162
54172
54189
54195
54227
54249
54272
54284
54287
54292
54296
54329
54364
54365
54376
54390
54405
54410
54416
54418
54418
54421
54432
54441
54443
54444
54445
54462
54464
54465
54473
54479
54493
54519
54521
54533
54537
54539
54540
54549
54555
54578
54593
54625
54629
54662
54666
54683
54683
54701
54703
54706
54706
54706
54717
54741
54752
54755
54773
54774
54779
54800
54815
54818
54819
54834
54860
54862
54877
54880
54899
54953
54962
54969
54978
54980
54983
54986
54995
55012
55017
55024
55041
55056
55090
55106
55112
55127
55128
55148
55189
55191
55191
55199
55206
55207
55258
55263
55267
55284
55292
55293
55294
55300
55304
55336
55336
55341
55353
55363
55381
55394
55410
55416
55419
55434
55456
55462
55472
55472
55481
55486
55490
55504
55513
55515
55519
55521
55527
55528
55558
55565
55575
55581
55582
55591
55601
55601
55610
55612
55642
55660
55731
55738
55746
55746
55748
55758
55767
55781
55783
55816
55829
55846
55853
55856
55862
55880
55884
55902
55923
55936
55946
55953
55956
55963
55971
55997
56001
56009
56014
56022
56027
56047
56050
56053
56057
56057
56060
56073
56092
56093
56096
56102
56106
56111
56115
56117
56125
56141
56144
56147
56152
56160
56171
56184
56187
56197
56199
56203
56217
56225
56235
56241
56249
56253
56261
56278
56282
56285
56289
56297
56309
56315
56325
56344
56358
56362
56385
56385
56401
56419
56450
56454
56456
56482
56485
56487
56496
56498
56546
56546
56548
56562
56566
56572
56578
56601
56603
56609
56631
56639
56640
56642
56648
56649
56685
56700
56723
56725
56760
56766
56794
56806
56806
56809
56814
56821
56825
56835
56842
56869
56890
56898
56902
56922
56938
56940
56941
56949
56950
56963
56968
56998
57017
57021
57027
57035
57042
57047
57063
57065
57065
57069
57069
57091
57113
57117
57145
57150
57156
57161
57167
57177
57179
57179
57183
57206
57213
57215
57229
57233
57242
57243
57246
57264
57311
57328
57352
57354
57355
57377
57384
57385
57419
57442
57451
57464
57471
57490
57523
57553
57556
57556
57582
57584
57603
57610
57625
57625
57672
57682
57702
57706
57712
57725
57737
57740
57769
57777
57790
57800
57819
57828
57846
57855
57863
57869
57874
57877
57893
57894
57923
57937
57951
57953
57956
57960
57980
58010
58020
58021
58047
58050
58066
58081
58098
58099
58106
58112
58120
58135
58137
58138
58160
58171
58172
58197
58231
58231
58232
58238
58252
58258
58260
58284
58288
58289
58292
58292
58297
58299
58344
58345
58348
58349
58352
58354
58356
58393
58404
58413
58435
58440
58448
58449
58452
58456
58488
58488
58498
58501
58512
58514
58528
58551
58555
58576
58585
58596
58596
58598
58599
58601
58606
58622
58647
58671
58678
58681
58682
58701
58701
58731
58742
58758
58763
58765
58772
58777
58779
58781
58793
58796
58805
58811
58824
58844
58855
58857
58868
58878
58879
58880
58886
58887
58891
58893
58898
58915
58918
58923
58925
58938
58953
58959
58977
58978
58985
58995
59017
59031
59050
59060
59069
59073
59090
59090
59107
59113
59116
59121
59131
59147
59150
59163
59175
59180
59194
59205
59207
59234
59240
59244
59245
59265
59273
59279
59286
59286
59292
59308
59311
59317
59339
59357
59372
59376
59378
59384
59389
59398
59421
59443
59449
59454
59455
59456
59463
59467
59476
59478
59485
59498
59499
59503
59509
59510
59573
59581
59590
59594
59600
59631
59631
59635
59637
59640
59649
59661
59669
59686
59689
59700
59712
59717
59731
59747
59754
59788
59807
59814
59817
59820
59826
59843
59849
59852
59853
59859
59867
59878
59889
59891
59892
59894
59895
59898
59905
59912
59917
59917
59941
59947
59949
59979
59985
59993
60004
60047
60049
60051
60056
60080
60082
60087
60091
60106
60108
60110
60111
60121
60122
60151
60156
60156
60163
60189
60222
60236
60238
60260
60264
60267
60270
60271
60275
60286
60295
60310
60330
60347
60364
60364
60369
60384
60412
60421
60434
60449
60452
60475
60488
60493
60515
60518
60519
60544
60563
60570
60576
60578
60584
60592
60605
60607
60616
60639
60669
60675
60689
60696
60697
60730
60730
60744
60745
60746
60756
60760
60775
60784
60786
60810
60824
60833
60843
60846
60849
60870
60879
60887
60901
60939
60951
60953
60965
60981
60987
61021
61021
61022
61043
61045
61049
61084
61085
61098
61100
61110
61117
61118
61121
61125
61133
61148
61156
61199
61227
61239
61239
61253
61268
61269
61275
61287
61289
61297
61322
61366
61373
61374
61376
61392
61404
61407
61427
61453
61455
61460
61466
61477
61484
61494
61518
61528
61536
61547
61548
61570
61583
61614
61631
61647
61658
61691
61692
61699
61714
61738
61742
61756
61756
61767
61782
61793
61797
61804
61808
61815
61815
61817
61820
61820
61822
61842
61853
61853
61862
61875
61889
61890
61894
61899
61899
61901
61904
61910
61920
61925
61929
61933
61937
61940
61945
61956
61963
61964
61998
62010
62069
62074
62076
62089
62099
62106
62118
62131
62145
62150
62166
62169
62172
62173
62177
62203
62203
62230
62246
62250
62251
62264
62280
62282
62287
62299
62299
62301
62302
62334
62343
62345
62353
62382
62396
62411
62414
62423
62448
62460
62475
62476
62494
62513
62521
62537
62539
62542
62554
62566
62578
62589
62590
62606
62606
62608
62624
62629
62633
62655
62664
62672
62688
62698
62703
62704
62723
62737
62753
62767
62775
62778
62792
62803
62804
62813
62822
62831
62839
62854
62868
62869
62869
62900
62903
62921
62945
62948
62953
62953
62954
62963
62973
62975
63012
63023
63040
63041
63043
63045
63052
63059
63060
63077
63090
63091
63131
63167
63194
63197
63206
63208
63209
63216
63219
63251
63280
63285
63295
63297
63303
63304
63317
63319
63324
63350
63354
63365
63410
63429
63437
63441
63441
63465
63476
63484
63484
63495
63495
63521
63523
63528
63544
63571
63583
63604
63610
63610
63615
63626
63628
63649
63655
63663
63673
63679
63682
63701
63705
63706
63706
63709
63710
63742
63743
63755
63770
63774
63779
63785
63811
63851
63857
63857
63887
63888
63910
63921
63924
63926
63928
63929
63933
63945
63960
63962
63966
63975
63981
63981
63985
64004
64013
64017
64065
64075
64093
64103
64165
64187
64191
64195
64210
64217
64218
64235
64260
64262
64267
64274
64276
64280
64300
64349
64355
64385
64409
64412
64431
64456
64461
64479
64482
64493
64534
64538
64538
64539
64539
64547
64570
64574
64576
64582
64588
64590
64597
64599
64599
64613
64625
64652
64655
64667
64668
64672
64676
64687
64693
64718
64723
64727
64734
64739
64755
64762
64785
64792
64797
64800
64818
64837
64848
64856
64865
64865
64891
64898
64905
64907
64919
64921
64925
64936
64951
64953
64965
64972
64983
64986
64989
64990
64993
64997
65018
65029
65080
65107
65117
65126
65129
65135
65141
65141
65164
65186
65190
65194
65213
65225
65244
65246
65254
65283
65298
65324
65332
65377
65378
65381
65381
65394
65409
65410
65415
65430
65432
65454
65455
65462
65463
65473
65501
65545
65546
65549
65555
65555
65578
65607
65624
65641
65648
65687
65688
65700
65702
65707
65729
65730
65749
65758
65763
65773
65780
65788
65819
65820
65823
65828
65833
65854
65856
65859
65866
65876
65895
65917
65929
65934
65949
65957
65981
65993
65993
65999
66018
66041
66049
66053
66059
66060
66079
66096
66110
66116
66129
66131
66165
66165
66177
66181
66186
66201
66210
66232
66236
66244
66248
66251
66261
66264
66280
66281
66290
66294
66315
66323
66335
66349
66353
66356
66369
66382
66383
66391
66391
66395
66399
66404
66429
66429
66438
66439
66439
66449
66449
66452
66459
66471
66479
66495
66501
66501
66514
66514
66538
66574
66585
66589
66594
66602
66615
66623
66623
66630
66643
66645
66661
66662
66664
66677
66686
66734
66744
66747
66768
66769
66811
66829
66846
66861
66864
66884
66946
66947
66956
66958
66964
66970
66992
66996
67003
67016
67042
67048
67050
67080
67092
67105
67115
67119
67119
67153
67159
67162
67188
67198
67220
67222
67228
67254
67259
67265
67270
67286
67294
67295
67298
67300
67309
67311
67315
67321
67333
67351
67356
67360
67363
67364
67364
67381
67398
67402
67409
67412
67422
67428
67429
67433
67436
67439
67441
67459
67465
67466
67478
67500
67500
67508
67516
67525
67571
67587
67601
67602
67626
67631
67639
67640
67644
67649
67673
67683
67688
67690
67696
67699
67721
67730
67737
67746
67761
67761
67782
67808
67812
67815
67845
67862
67868
67879
67885
67909
67929
67929
67931
67939
67954
67970
67977
67988
67991
67992
68014
68024
68035
68050
68071
68072
68079
68084
68104
68108
68126
68169
68179
68182
68197
68200
68230
68253
68265
68272
68301
68310
68316
68317
68326
68327
68329
68333
68336
68341
68396
68403
68423
68431
68494
68500
68508
68513
68514
68527
68532
68540
68552
68552
68553
68606
68620
68625
68654
68676
68702
68707
68719
68741
68742
68749
68750
68751
68755
68773
68783
68800
68800
68801
68827
68831
68862
68866
68878
68886
68896
68927
68930
68937
68943
68951
68952
68969
69004
69018
69038
69041
69043
69057
69076
69077
69079
69080
69113
69131
69132
69146
69150
69160
69165
69166
69166
69172
69183
69212
69219
69236
69240
69256
69268
69292
69315
69320
69341
69348
69351
69381
69383
69392
69398
69402
69419
69420
69425
69434
69471
69478
69479
69481
69489
69503
69505
69506
69517
69536
69547
69556
69565
69567
69600
69621
69644
69646
69646
69648
69674
69678
69680
69684
69691
69697
69698
69707
69728
69738
69752
69764
69771
69785
69794
69794
69813
69815
69834
69835
69836
69839
69839
69843
69853
69878
69932
69935
69963
69965
69987
70002
70023
70039
70044
70045
70053
70058
70078
70109
70112
70112
70131
70139
70145
70146
70167
70177
70179
70181
70203
70212
70222
70225
70226
70227
70228
70232
70234
70240
70249
70254
70257
70271
70293
70311
70328
70354
70363
70382
70388
70394
70400
70404
70406
70426
70430
70439
70453
70467
70468
70484
70499
70503
70509
70521
70538
70540
70552
70557
70568
70572
70574
70619
70621
70630
70636
70637
70652
70660
70662
70663
70682
70698
70717
70724
70726
70731
70743
70744
70762
70767
70773
70792
70813
70816
70817
70817
70823
70824
70829
70835
70870
70877
70889
70895
70896
70896
70908
70919
70926
70932
70950
70951
70955
70980
70987
70991
71002
71004
71016
71019
71034
71046
71049
71076
71078
71083
71102
71122
71140
71149
71152
71157
71162
71164
71177
71182
71194
71210
71215
71255
71263
71267
71273
71275
71278
71300
71300
71309
71327
71336
71342
71367
71369
71374
71375
71385
71387
71387
71392
71408
71418
71432
71473
71500
71504
71506
71514
71520
71531
71540
71601
71638
71645
71667
71668
71669
71676
71676
71688
71711
71713
71731
71755
71773
71774
71782
71789
71791
71793
71802
71847
71857
71870
71878
71888
71895
71918
71930
71930
71937
71940
71941
71953
71958
71959
71989
71991
71994
71999
72000
72009
72012
72019
72043
72045
72046
72049
72065
72066
72071
72082
72086
72097
72113
72117
72125
72129
72136
72149
72168
72185
72205
72220
72226
72231
72238
72239
72242
72254
72270
72271
72277
72288
72296
72303
72327
72330
72343
72352
72357
72361
72381
72391
72392
72405
72436
72445
72446
72448
72449
72453
72454
72455
72486
72501
72502
72537
72541
72546
72549
72560
72577
72579
72590
72590
72590
72628
72633
72639
72646
72646
72647
72668
72675
72681
72685
72692
72698
72714
72717
72724
72730
72755
72759
72800
72831
72832
72833
72836
72840
72843
72865
72872
72878
72879
72904
72939
72970
72974
72980
72983
72989
72991
72992
72995
73007
73008
73024
73038
73039
73042
73045
73051
73054
73070
73077
73079
73100
73100
73101
73110
73120
73126
73129
73131
73137
73140
73145
73161
73162
73172
73176
73181
73191
73191
73200
73210
73213
73250
73260
73277
73288
73301
73315
73320
73339
73346
73356
73362
73363
73372
73374
73380
73383
73384
73390
73395
73400
73401
73404
73411
73412
73416
73429
73430
73431
73452
73457
73473
73476
73477
73488
73498
73504
73508
73518
73527
73549
73554
73574
73596
73598
73611
73621
73623
73631
73634
73647
73665
73709
73760
73765
73768
73771
73775
73784
73791
73795
73834
73860
73875
73884
73885
73886
73890
73895
73908
73909
73915
73918
73926
73927
73928
73931
73942
73947
73951
73974
74005
74033
74036
74047
74050
74058
74100
74131
74132
74143
74154
74163
74164
74165
74184
74185
74187
74190
74203
74208
74211
74223
74244
74257
74260
74272
74285
74291
74291
74306
74316
74317
74321
74332
74334
74340
74356
74359
74371
74402
74406
74412
74431
74452
74472
74473
74487
74488
74532
74534
74542
74550
74560
74576
74582
74585
74585
74585
74587
74592
74598
74614
74618
74619
74625
74641
74641
74656
74664
74697
74698
74724
74726
74756
74795
74810
74835
74844
74851
74852
74868
74877
74881
74887
74905
74910
74912
74952
74956
74959
75039
75040
75048
75056
75090
75114
75120
75126
75129
75133
75140
75145
75187
75191
75204
75211
75230
75241
75262
75267
75278
75278
75289
75308
75318
75319
75325
75326
75336
75338
75340
75356
75389
75397
75402
75419
75431
75436
75451
75458
75469
75469
75480
75481
75508
75511
75511
75526
75533
75540
75556
75558
75562
75610
75620
75626
75627
75628
75659
75662
75665
75666
75680
75705
75712
75732
75745
75755
75765
75777
75784
75788
75796
75839
75866
75888
75888
75893
75917
75930
75933
75946
75954
75959
75961
75995
75995
76000
76010
76032
76049
76054
76060
76077
76077
76078
76085
76090
76109
76116
76137
76150
76160
76166
76184
76204
76216
76216
76217
76219
76227
76269
76282
76284
76291
76327
76332
76399
76407
76422
76441
76450
76452
76454
76455
76464
76467
76470
76473
76477
76488
76491
76493
76494
76501
76505
76508
76509
76511
76516
76519
76531
76535
76536
76537
76549
76573
76584
76592
76594
76608
76625
76628
76649
76656
76676
76684
76707
76718
76719
76721
76723
76728
76745
76746
76760
76765
76772
76773
76774
76798
76811
76820
76822
76834
76850
76855
76863
76868
76874
76885
76888
76930
76933
76941
76945
76946
76951
76951
76952
76960
76974
76977
76984
76988
76998
76999
77003
77019
77032
77036
77051
77055
77066
77074
77082
77087
77092
77092
77110
77119
77136
77137
77139
77151
77154
77166
77169
77172
77173
77173
77174
77191
77194
77227
77242
77243
77254
77262
77280
77300
77320
77332
77343
77370
77381
77397
77409
77415
77421
77430
77431
77439
77450
77452
77459
77460
77464
77500
77505
77506
77514
77518
77523
77533
77534
77552
77560
77562
77568
77568
77571
77572
77575
77579
77585
77590
77592
77606
77623
77642
77669
77682
77692
77698
77711
77741
77775
77775
77783
77812
77815
77816
77819
77821
77824
77826
77832
77888
77890
77940
77950
77970
77986
77991
77995
77996
78010
78035
78036
78053
78062
78064
78065
78067
78070
78071
78090
78112
78132
78149
78250
78250
78253
78255
78255
78261
78267
78270
78275
78286
78291
78298
78298
78312
78351
78388
78412
78425
78428
78439
78455
78455
78459
78460
78461
78464
78519
78525
78530
78533
78543
78556
78562
78571
78589
78590
78597
78600
78607
78642
78673
78692
78693
78705
78714
78717
78719
78752
78756
78766
78767
78769
78769
78783
78792
78793
78811
78824
78827
78832
78857
78858
78871
78879
78883
78893
78903
78910
78914
78926
78926
78939
78946
78950
78956
78966
78969
78981
78983
78987
79007
79010
79012
79036
79040
79047
79061
79082
79083
79093
79094
79098
79107
79122
79126
79139
79142
79144
79151
79160
79172
79191
79206
79227
79232
79238
79246
79267
79277
79279
79283
79292
79293
79299
79300
79301
79308
79308
79317
79329
79340
79342
79351
79359
79390
79391
79393
79396
79407
79413
79432
79441
79448
79448
79456
79470
79474
79489
79499
79511
79534
79550
79555
79586
79591
79605
79634
79639
79648
79654
79679
79681
79683
79697
79703
79708
79737
79740
79753
79759
79766
79776
79788
79790
79824
79828
79839
79841
79853
79859
79867
79872
79892
79905
79906
79909
79933
79941
79956
79957
79960
79983
79984
79992
80005
80038
80041
80069
80070
80071
80073
80073
80107
80109
80123
80146
80152
80155
80155
80163
80171
80176
80181
80188
80242
80245
80248
80252
80254
80259
80267
80267
80276
80277
80299
80301
80319
80336
80362
80365
80366
80367
80375
80387
80403
80404
80407
80410
80415
80418
80418
80425
80439
80440
80447
80462
80471
80521
80522
80531
80532
80534
80535
80544
80545
80554
80555
80562
80569
80570
80574
80576
80583
80622
80634
80645
80647
80667
80668
80672
80721
80732
80733
80759
80759
80760
80765
80765
80778
80781
80791
80811
80818
80822
80827
80835
80853
80865
80868
80873
80887
80897
80901
80906
80925
80932
80933
80953
80958
80977
80977
80978
80995
81014
81016
81045
81062
81066
81078
81081
81085
81153
81156
81158
81169
81179
81211
81225
81228
81246
81254
81270
81271
81276
81277
81279
81290
81314
81315
81322
81324
81326
81335
81335
81335
81368
81382
81390
81397
81405
81407
81408
81418
81420
81454
81469
81483
81487
81489
81510
81513
81517
81528
81530
81539
81548
81549
81557
81558
81559
81566
81571
81589
81593
81607
81609
81615
81620
81621
81622
81641
81657
81664
81675
81680
81685
81700
81709
81720
81731
81741
81745
81755
81764
81771
81777
81785
81789
81811
81812
81828
81834
81841
81841
81843
81843
81845
81846
81847
81850
81859
81862
81864
81887
81898
81907
81953
81967
81970
81979
81994
82000
82000
82019
82024
82031
82033
82043
82047
82063
82066
82070
82107
82119
82122
82124
82130
82139
82150
82152
82168
82188
82189
82192
82201
82204
82208
82230
82234
82235
82241
82250
82259
82263
82283
82293
82317
82328
82329
82333
82378
82398
82398
82426
82442
82452
82486
82491
82514
82523
82525
82533
82537
82543
82556
82564
82568
82569
82570
82574
82589
82590
82601
82610
82613
82614
82633
82650
82654
82659
82680
82689
82689
82694
82696
82709
82711
82715
82718
82748
82755
82787
82807
82812
82815
82821
82857
82860
82863
82869
82915
82927
82928
82929
82931
82934
82942
82944
82965
82983
82985
82999
83003
83004
83004
83005
83010
83013
83033
83034
83043
83055
83067
83072
83078
83089
83099
83129
83145
83156
83156
83190
83194
83201
83224
83231
83245
83266
83268
83280
83294
83294
83301
83301
83311
83313
83318
83319
83344
83352
83401
83405
83409
83413
83416
83426
83430
83452
83453
83460
83483
83487
83502
83504
83505
83510
83522
83541
83545
83560
83586
83622
83624
83642
83644
83659
83665
83681
83700
83704
83726
83733
83741
83746
83752
83755
83771
83776
83778
83786
83786
83807
83808
83812
83834
83839
83843
83849
83865
83870
83872
83878
83882
83914
83937
83943
83949
83957
83958
83961
83961
83962
83970
83983
83984
83993
84009
84013
84016
84028
84039
84042
84052
84091
84118
84121
84122
84132
84134
84161
84171
84174
84177
84184
84192
84195
84196
84201
84214
84219
84222
84222
84262
84277
84311
84315
84323
84331
84333
84351
84354
84364
84414
84419
84430
84431
84434
84436
84439
84439
84447
84449
84465
84492
84502
84505
84507
84507
84511
84513
84523
84541
84549
84549
84552
84565
84571
84597
84607
84610
84615
84623
84626
84640
84640
84645
84645
84651
84674
84703
84716
84740
84741
84744
84749
84753
84757
84758
84762
84763
84783
84790
84801
84805
84805
84814
84815
84820
84835
84848
84887
84899
84902
84903
84905
84906
84911
84927
84952
84958
84963
84965
84971
84981
85000
85017
85020
85021
85026
85031
85042
85052
85053
85055
85066
85082
85091
85097
85101
85121
85123
85123
85165
85177
85198
85212
85226
85241
85258
85259
85272
85273
85284
85288
85319
85321
85329
85350
85368
85368
85372
85381
85400
85417
85418
85437
85441
85451
85460
85470
85501
85513
85515
85517
85525
85527
85528
85529
85534
85536
85549
85555
85562
85568
85577
85582
85598
85610
85618
85628
85650
85651
85666
85672
85688
85692
85714
85723
85730
85734
85744
85753
85756
85758
85759
85769
85778
85790
85807
85808
85817
85818
85857
85863
85865
85873
85882
85886
85886
85897
85919
85924
85971
85978
85979
85980
85985
86018
86019
86035
86039
86040
86050
86068
86079
86081
86087
86089
86092
86099
86102
86104
86107
86112
86115
86123
86128
86128
86134
86140
86163
86181
86196
86206
86208
86228
86231
86241
86242
86244
86248
86251
86268
86286
86287
86327
86329
86335
86342
86347
86348
86364
86377
86378
86378
86383
86394
86406
86409
86415
86421
86428
86434
86437
86437
86445
86493
86513
86515
86526
86526
86534
86556
86556
86572
86572
86585
86600
86601
86603
86610
86621
86634
86640
86650
86652
86665
86667
86670
86681
86691
86705
86712
86714
86739
86741
86751
86766
86767
86772
86777
86791
86796
86802
86815
86832
86832
86840
86844
86854
86862
86863
86870
86871
86881
86881
86894
86896
86897
86898
86904
86921
86930
86934
86963
86967
86967
86969
86979
86992
87000
87001
87007
87022
87035
87036
87037
87045
87061
87072
87087
87105
87138
87139
87139
87143
87146
87157
87157
87159
87182
87189
87197
87217
87220
87224
87225
87232
87246
87251
87262
87268
87268
87287
87289
87295
87299
87304
87343
87347
87379
87383
87391
87393
87394
87398
87402
87409
87411
87418
87418
87420
87422
87431
87443
87454
87457
87458
87460
87466
87469
87471
87472
87480
87502
87510
87545
87562
87563
87568
87570
87580
87596
87608
87621
87636
87643
87644
87650
87660
87673
87711
87716
87719
87723
87734
87738
87742
87787
87790
87804
87813
87818
87857
87888
87889
87892
87897
87897
87920
87933
87936
87948
87960
87965
87966
87969
87973
87998
88005
88006
88018
88020
88032
88032
88038
88043
88043
88044
88054
88080
88082
88094
88106
88107
88112
88114
88124
88148
88159
88163
88190
88191
88197
88204
88208
88213
88220
88231
88240
88241
88244
88252
88267
88273
88280
88302
88304
88338
88344
88346
88351
88353
88353
88365
88371
88375
88381
88384
88397
88414
88415
88417
88441
88447
88447
88472
88477
88491
88496
88503
88514
88521
88527
88554
88581
88584
88593
88600
88602
88617
88623
88624
88627
88647
88659
88661
88700
88713
88716
88720
88723
88742
88743
88745
88762
88762
88767
88784
88804
88814
88826
88869
88873
88874
88888
88905
88905
88906
88910
88923
88929
88949
88973
88982
88995
88997
88998
89007
89019
89019
89025
89026
89028
89048
89048
89062
89062
89075
89079
89084
89089
89097
89104
89117
89118
89129
89149
89149
89150
89162
89165
89172
89178
89185
89189
89210
89211
89211
89217
89219
89243
89250
89262
89277
89279
89285
89330
89333
89333
89339
89340
89344
89370
89376
89381
89385
89397
89411
89420
89425
89435
89448
89474
89475
89478
89480
89484
89492
89493
89493
89498
89502
89508
89511
89517
89521
89538
89551
89557
89558
89562
89566
89599
89600
89601
89609
89613
89661
89686
89695
89699
89715
89715
89731
89759
89760
89767
89778
89782
89783
89825
89840
89868
89869
89874
89881
89891
89895
89900
89907
89914
89930
89933
89963
89977
90069
90077
90077
90078
90080
90094
90095
90096
90096
90112
90139
90143
90150
90153
90160
90168
90175
90177
90183
90191
90192
90198
90203
90206
90215
90216
90218
90220
90221
90226
90228
90233
90251
90262
90266
90272
90302
90314
90328
90328
90331
90341
90357
90365
90380
90384
90385
90400
90425
90425
90433
90437
90452
90460
90461
90474
90480
90481
90483
90489
90494
90523
90546
90550
90556
90573
90573
90598
90600
90650
90651
90653
90666
90670
90677
90701
90718
90720
90750
90753
90765
90766
90775
90789
90796
90799
90805
90819
90823
90833
90846
90850
90867
90870
90893
90896
90897
90925
90936
90945
90950
90955
90963
90969
90970
90999
91004
91009
91024
91029
91030
91037
91096
91105
91130
91168
91175
91178
91183
91197
91206
91218
91241
91254
91260
91262
91273
91277
91280
91280
91289
91297
91312
91327
91332
91364
91367
91371
91371
91384
91423
91424
91430
91435
91438
91440
91481
91482
91502
91513
91528
91601
91602
91611
91616
91623
91628
91684
91689
91696
91712
91738
91749
91758
91769
91774
91775
91783
91786
91797
91823
91837
91843
91852
91860
91887
91889
91889
91953
91953
91959
91969
91977
92028
92059
92069
92070
92070
92110
92120
92132
92152
92154
92156
92157
92168
92187
92199
92209
92226
92234
92247
92254
92261
92263
92275
92292
92299
92302
92306
92319
92330
92333
92357
92373
92380
92384
92390
92404
92410
92416
92427
92430
92445
92454
92469
92470
92482
92504
92521
92537
92539
92544
92547
92562
92566
92569
92576
92591
92602
92603
92614
92628
92631
92640
92659
92664
92667
92696
92696
92720
92751
92756
92761
92806
92823
92828
92837
92856
92871
92882
92887
92888
92900
92908
92926
92937
92946
92981
92990
93027
93031
93035
93041
93042
93053
93071
93076
93078
93086
93096
93122
93134
93140
93177
93183
93185
93240
93245
93251
93279
93282
93286
93286
93286
93292
93299
93312
93324
93342
93348
93354
93364
93384
93447
93452
93464
93471
93484
93488
93510
93515
93546
93552
93617
93621
93632
93654
93693
93715
93721
93724
93725
93728
93734
93757
93772
93776
93777
93783
93790
93794
93795
93795
93810
93815
93846
93859
93882
93890
93910
93911
93925
93928
93932
93933
93938
93946
93947
93960
93963
93982
93983
94007
94016
94019
94024
94024
94029
94055
94066
94071
94076
94094
94100
94107
94111
94125
94141
94146
94162
94170
94177
94189
94212
94218
94230
94239
94259
94266
94267
94313
94358
94360
94360
94364
94368
94387
94387
94390
94400
94408
94413
94423
94426
94432
94476
94489
94502
94526
94537
94538
94539
94548
94549
94557
94560
94561
94584
94607
94625
94629
94630
94634
94648
94667
94668
94668
94672
94690
94692
94699
94710
94718
94727
94734
94744
94750
94758
94772
94773
94784
94786
94807
94837
94849
94852
94858
94859
94862
94881
94894
94894
94896
94896
94912
94923
94923
94932
94947
94958
94965
94966
94970
94980
94980
94989
94994
95011
95012
95013
95015
95024
95030
95035
95040
95041
95068
95073
95088
95105
95111
95113
95114
95118
95123
95126
95170
95175
95175
95181
95185
95209
95211
95219
95225
95227
95232
95244
95266
95271
95279
95291
95309
95326
95339
95359
95362
95362
95369
95380
95388
95391
95416
95423
95426
95449
95453
95457
95469
95471
95494
95508
95515
95543
95544
95545
95546
95556
95571
95578
95586
95586
95587
95595
95631
95637
95644
95656
95664
95683
95689
95690
95691
95701
95703
95719
95737
95763
95769
95780
95785
95785
95786
95793
95794
95822
95828
95835
95841
95845
95850
95852
95855
95888
95917
95921
95932
95935
95947
95952
95956
95976
95978
95979
95980
96000
96004
96019
96047
96047
96050
96068
96097
96101
96104
96108
96110
96110
96134
96144
96163
96171
96173
96178
96178
96194
96194
96196
96200
96213
96223
96237
96246
96251
96254
96261
96268
96277
96291
96292
96294
96323
96324
96362
96363
96365
96372
96373
96376
96389
96393
96397
96398
96407
96409
96412
96423
96425
96437
96450
96462
96482
96499
96501
96503
96505
96509
96518
96518
96524
96528
96532
96533
96538
96543
96550
96569
96580
96585
96599
96607
96612
96621
96633
96639
96654
96654
96667
96668
96668
96669
96689
96698
96704
96705
96723
96729
96743
96744
96760
96769
96774
96775
96777
96779
96782
96807
96807
96814
96895
96897
96910
96918
96923
96931
96935
96938
96940
96944
96946
96949
96953
96967
96977
96979
96981
96982
96994
97004
97014
97038
97065
97079
97098
97100
97100
97103
97107
97108
97111
97112
97112
97120
97202
97203
97215
97218
97270
97280
97289
97295
97295
97306
97341
97354
97358
97361
97384
97391
97396
97399
97402
97405
97407
97409
97420
97435
97438
97492
97498
97518
97528
97532
97537
97543
97543
97548
97592
97603
97606
97611
97615
97649
97650
97675
97697
97698
97704
97710
97721
97731
97735
97758
97777
97793
97807
97821
97828
97831
97835
97841
97858
97868
97886
97889
97901
97902
97902
97921
97955
97958
97961
97966
97970
97988
97989
97996
98008
98014
98025
98044
98058
98060
98061
98071
98074
98076
98119
98120
98124
98151
98156
98160
98164
98170
98176
98179
98204
98207
98209
98221
98241
98276
98287
98288
98314
98325
98343
98345
98348
98349
98353
98357
98363
98370
98393
98408
98439
98440
98446
98472
98475
98478
98479
98495
98500
98521
98527
98532
98537
98540
98552
98553
98562
98563
98573
98576
98602
98610
98620
98622
98622
98623
98626
98643
98648
98649
98702
98705
98705
98710
98727
98727
98743
98753
98754
98763
98779
98790
98793
98824
98836
98852
98867
98871
98877
98896
98900
98904
98911
98918
98927
98961
98964
98964
98967
98983
98984
98992
99006
99030
99031
99039
99039
99041
99052
99052
99052
99053
99072
99073
99081
99093
99098
99105
99112
99118
99121
99127
99139
99164
99196
99248
99260
99263
99302
99307
99309
99311
99348
99352
99369
99394
99399
99412
99420
99430
99442
99442
99451
99453
99459
99496
99512
99531
99597
99607
99608
99609
99621
99638
99647
99652
99656
99657
99667
99676
99682
99686
99701
99705
99715
99719
99728
99739
99743
99802
99810
99822
99826
99845
99847
99854
99875
99896
99898
99905
99909
99918
99929
99943
99944
99950
99957
99957
99995
99995
99998
