4
29
47
57
70
83
92
92
115
118
131
150
155
157
163
166
167
180
190
192
197
220
237
273
275
278
279
281
295
327
345
362
366
380
386
401
403
410
452
487
498
502
521
523
538
574
604
619
626
644
647
651
661
669
679
684
691
694
748
757
770
790
808
811
826
833
840
867
873
888
892
902
909
913
931
943
946
956
956
963
967
997
1000
1006
1013
1019
1026
1038
1049
1059
1087
1087
1089
1124
1129
1159
1173
1194
1221
1221
1226
1231
1238
1242
1250
1251
1261
1264
1290
1291
1293
1302
1307
1329
1329
1332
1336
1344
1352
1358
1364
1366
1366
1397
1410
1415
1422
1423
1426
1445
1446
1450
1464
1513
1534
1560
1582
1592
1592
1595
1597
1635
1655
1670
1681
1682
1683
1684
1711
1720
1754
1758
1759
1762
1763
1764
1796
1799
1802
1802
1819
1820
1856
1856
1856
1858
1862
1873
1885
1887
1890
1892
1898
1903
1905
1909
1917
1932
1939
1940
1958
1967
1990
1992
1993
2002
2007
2028
2032
2033
2045
2051
2068
2070
2107
2108
2110
2114
2127
2131
2139
2139
2158
2168
2179
2184
2220
2223
2233
2272
2272
2300
2305
2310
2328
2338
2346
2348
2368
2371
2396
2413
2432
2438
2439
2441
2448
2455
2463
2465
2477
2478
2479
2504
2515
2531
2533
2560
2569
2570
2579
2624
2627
2641
2644
2662
2671
2687
2689
2695
2703
2704
2707
2732
2742
2752
2767
2784
2805
2805
2822
2831
2837
2845
2849
2849
2866
2886
2891
2896
2903
2907
2932
2938
2943
2947
2974
3003
3008
3050
3057
3059
3072
3076
3080
3095
3095
3118
3149
3178
3181
3189
3194
3203
3206
3211
3234
3248
3255
3263
3266
3272
3276
3277
3280
3282
3308
3309
3314
3324
3325
3325
3336
3355
3367
3395
3402
3407
3409
3420
3421
3424
3426
3427
3434
3476
3507
3538
3539
3539
3544
3556
3577
3578
3608
3613
3622
3636
3638
3643
3646
3649
3655
3660
3669
3670
3683
3683
3683
3690
3699
3706
3713
3722
3733
3765
3765
3784
3790
3793
3806
3820
3827
3837
3839
3856
3865
3868
3874
3880
3891
3905
3905
3909
3913
3920
3923
3924
3931
3945
3946
3957
3969
3993
4004
4005
4011
4024
4031
4053
4064
4066
4074
4089
4091
4133
4141
4146
4149
4159
4173
4178
4185
4194
4196
4202
4205
4210
4211
4216
4223
4231
4238
4254
4257
4278
4281
4323
4335
4349
4360
4387
4388
4404
4404
4412
4433
4434
4440
4453
4464
4469
4472
4489
4508
4529
4539
4556
4562
4565
4570
4572
4578
4604
4629
4629
4633
4637
4637
4652
4666
4668
4687
4707
4713
4714
4737
4741
4744
4745
4748
4757
4757
4772
4804
4810
4811
4811
4817
4821
4821
4825
4827
4842
4845
4845
4848
4861
4888
4914
4916
4924
4931
4935
4939
4970
4985
5001
5040
5048
5051
5053
5065
5072
5076
5089
5091
5094
5104
5113
5116
5132
5137
5159
5160
5179
5180
5183
5198
5213
5215
5218
5218
5221
5224
5250
5267
5268
5284
5285
5291
5296
5304
5329
5333
5362
5365
5366
5387
5393
5395
5408
5428
5432
5440
5479
5493
5497
5497
5499
5503
5519
5525
5543
5561
5566
5574
5592
5598
5601
5610
5612
5615
5616
5618
5621
5627
5634
5636
5648
5649
5661
5669
5684
5684
5686
5691
5694
5709
5723
5725
5736
5738
5743
5772
5788
5814
5824
5858
5867
5901
5905
5907
5918
5919
5920
5926
5957
5967
5973
5976
6006
6016
6017
6029
6031
6056
6061
6076
6077
6084
6087
6129
6144
6165
6167
6168
6178
6179
6194
6201
6206
6207
6213
6213
6215
6240
6241
6243
6246
6249
6250
6250
6267
6283
6296
6305
6323
6337
6349
6352
6356
6359
6362
6367
6370
6374
6381
6397
6411
6413
6416
6418
6421
6444
6447
6447
6451
6452
6457
6467
6479
6486
6488
6488
6501
6509
6519
6540
6542
6543
6573
6587
6610
6612
6613
6624
6636
6638
6659
6660
6666
6677
6691
6702
6716
6717
6725
6730
6738
6759
6761
6762
6764
6771
6791
6797
6798
6810
6835
6840
6844
6845
6850
6851
6886
6905
6909
6917
6918
6942
6962
6962
6965
6966
6979
6982
6983
7003
7005
7005
7027
7029
7042
7051
7053
7057
7089
7095
7116
7117
7125
7127
7127
7128
7144
7150
7163
7164
7173
7174
7195
7207
7219
7230
7234
7237
7241
7250
7266
7271
7299
7301
7314
7350
7360
7373
7385
7398
7403
7403
7409
7417
7418
7429
7435
7438
7443
7455
7461
7474
7484
7485
7495
7501
7523
7534
7551
7557
7557
7557
7565
7577
7580
7582
7589
7610
7618
7631
7674
7675
7678
7687
7691
7694
7699
7722
7735
7738
7748
7751
7755
7767
7771
7779
7784
7806
7814
7823
7848
7859
7860
7879
7884
7915
7927
7950
7965
7990
7996
8021
8022
8065
8088
8096
8097
8107
8110
8130
8142
8150
8151
8174
8185
8207
8209
8235
8240
8251
8252
8254
8266
8315
8322
8324
8329
8351
8353
8387
8402
8402
8421
8442
8445
8446
8457
8459
8484
8496
8503
8512
8520
8524
8526
8538
8539
8544
8560
8560
8569
8571
8595
8598
8602
8602
8622
8623
8624
8624
8631
8660
8672
8679
8687
8689
8702
8705
8716
8720
8723
8730
8733
8752
8759
8767
8775
8783
8792
8807
8811
8819
8846
8858
8867
8882
8887
8889
8902
8906
8918
8932
8938
8948
8956
8983
8990
8998
9000
9005
9023
9032
9034
9042
9048
9070
9084
9097
9107
9110
9112
9129
9130
9144
9158
9185
9199
9201
9211
9229
9238
9245
9282
9296
9309
9352
9357
9368
9370
9377
9395
9403
9414
9414
9424
9424
9429
9435
9448
9451
9457
9474
9478
9502
9532
9545
9574
9576
9584
9589
9605
9613
9619
9632
9635
9647
9651
9653
9659
9662
9663
9664
9674
9683
9704
9722
9750
9752
9757
9768
9774
9782
9787
9793
9805
9809
9813
9821
9827
9836
9839
9849
9853
9856
9876
9888
9931
9941
9973
9973
9979
