10795
72903
1356
33003
169
95540
61349
33046
81212
61909
21735
18086
16101
25150
73543
60682
95109
18436
67827
15593
7330
75766
79820
80479
76966
13462
45893
24867
95855
39760
87809
15786
65625
82953
42193
97805
17704
67645
90828
76752
37804
7967
39372
64274
84255
63144
61939
7894
50204
98595
65949
41012
11251
74296
1479
20785
8546
52326
74488
26168
81071
52417
49554
72417
40986
29566
32440
8751
42806
19644
13572
73662
98133
36021
27331
88403
7543
86973
43399
90676
68765
45221
24772
76606
22059
57300
47222
344
10864
28006
73506
99569
94003
64629
2765
49889
4594
43924
93104
83620
9603
33980
82018
63364
94620
2644
53528
5012
44189
47442
86198
26552
52281
95824
88660
64987
88994
30729
32444
52900
69705
64051
25717
79951
52924
76001
78307
33172
36302
55357
74144
65351
42012
34028
60808
91308
21562
24949
47463
33582
70428
22321
25228
7879
8507
27565
20373
6795
27277
52668
45764
79325
1540
37645
64646
4366
3733
51992
95198
40668
90273
91335
18387
80872
2541
99978
94210
82999
50886
91685
68750
18554
56551
1705
39527
19493
4190
19346
1323
8076
12161
64005
1973
3079
26618
14925
66178
53969
41482
46
81850
10193
87877
12923
94631
12575
35148
11078
9002
64365
18079
88183
87858
56783
83481
84050
31736
88507
46647
7491
28985
26391
93597
94937
41239
79047
11646
48156
23337
1568
39744
84928
63032
48652
26899
89677
13177
84988
33280
74235
92917
28720
36483
607
20166
40772
27441
51667
4647
22712
79553
66240
33050
11479
31188
44508
83295
74546
11156
32768
77112
14287
35891
20555
5331
76155
37099
76681
16871
18632
89326
78965
59909
8634
63950
61605
81340
6876
8238
45857
61521
62136
81653
35119
42366
56131
48076
8371
45765
975
76288
14051
96727
70705
78384
55488
27931
87940
79867
64077
40622
57538
52580
61558
21954
9869
58993
10292
22539
33774
70426
12558
44146
22338
852
44269
51714
1213
38757
34745
49671
86077
22846
28929
99252
99038
54840
48712
87087
14359
20440
81670
85864
47069
94821
22524
87240
29246
8490
55368
86812
75374
14073
58323
8128
69623
97034
79022
49224
38344
58171
705
62809
48733
50876
31553
24728
29009
37214
74094
69097
41763
53246
39768
35256
85853
83980
53976
36443
2854
39787
49506
516
65649
80297
68023
4486
34424
58741
63450
42999
10037
41777
87302
80366
18346
63504
72145
66702
32412
69936
91095
71900
94915
28655
20280
98163
91000
52347
14555
46225
48623
72787
42020
38647
44203
99786
30330
24625
26437
32116
89676
51674
2527
82090
88963
57413
31346
59051
71653
64668
52488
2740
93055
30725
57678
60335
13971
85566
19638
84443
48583
15821
23776
78957
79470
84670
67173
96572
41611
46917
70375
95953
97215
22273
32697
82201
80142
37614
3989
62605
24966
28921
60996
83150
23814
54728
31290
58807
84808
80555
95179
80706
75222
17536
40635
13068
2135
86315
54921
38207
84351
15499
74110
74194
54327
6342
35368
9830
33943
14362
19722
61649
98794
50544
49034
3776
15478
42413
71132
80588
56747
68935
82424
29597
36590
29822
65173
30922
70094
51723
72436
22392
54454
26812
27671
8384
75688
91225
85397
43958
85004
32263
33519
62786
75228
26042
54672
32135
22591
79698
10881
21370
71975
56210
48795
72550
92806
80738
19459
38994
80810
35230
86732
60765
12263
68760
56748
63183
21515
58953
20032
76284
3922
88383
14291
24940
12806
21116
68449
51374
82773
37904
9276
76137
89059
91305
10414
74267
33807
72891
54811
92654
26611
62862
72062
21749
49946
88423
32761
36490
249
45884
5178
7434
14633
61297
16391
77317
7468
72602
69168
64536
11592
23079
51319
4100
93949
98189
1336
74551
8276
48101
73078
87440
26898
26208
93104
86200
40267
31766
58923
95748
62103
63776
40978
74923
31143
90969
5197
75414
66593
20551
3937
61467
48524
25761
72124
92896
30505
30518
43931
34555
80423
16564
86215
32241
17174
3657
83858
30257
44142
96732
49811
50669
7468
66277
2266
59137
31855
87811
94532
80662
44235
88064
27584
24941
66074
22190
36141
30536
12709
34777
14157
75987
75438
55695
39863
96840
35362
71720
17697
30081
33855
66298
1373
2520
74835
8387
49092
6873
67523
47988
70029
37352
84527
68901
48434
3644
30234
7009
20367
77733
69319
71976
14957
15889
39117
64446
98183
69641
67679
71442
23601
47550
76326
35869
44794
70706
2523
86755
66837
20728
35640
65307
91834
56796
8448
53214
27259
12107
90876
61248
54371
24133
2814
66304
67367
94529
43168
25462
5618
12886
85881
377
27651
51627
7710
15566
94704
22519
39486
81327
92750
36230
27519
18558
10407
2497
65990
57907
5148
56804
37752
79482
168
16649
55607
92088
39070
2577
44163
24528
29209
92214
88926
82948
71017
17509
20305
47795
42169
87483
77746
10
39884
3622
50185
39045
21773
31974
14651
23077
7030
92734
18033
2542
50661
51861
78679
57952
40148
30315
72694
1237
60507
63136
90514
51655
96194
72723
44140
40698
58260
6672
64091
60330
30134
1275
81711
68994
86003
93304
16108
42810
99650
33884
59366
74446
43937
94597
59114
78246
75025
87420
85479
41017
18804
27348
31138
77116
92850
6908
40057
71045
49997
61899
91551
14842
53381
95969
36869
58631
84862
9473
36727
62046
2728
44098
6134
19921
41939
87847
37494
63597
68598
16471
13186
12669
71358
44734
85106
261
60732
81930
73715
22964
24923
25857
40496
28770
48431
30720
44439
32697
36353
59268
46595
20466
19847
77366
81250
39607
89511
38242
68103
4323
79320
54461
60343
41905
78214
25063
25838
4510
5386
45894
20715
63031
96384
45787
50033
73956
92393
55906
13704
74682
9472
38662
11562
77066
60450
52783
36547
85308
15656
85994
9303
63357
93497
84461
76670
92593
83863
24755
35930
40951
375
22609
50379
16754
44436
9875
63940
19012
64631
91850
74374
49803
95725
66004
93851
39817
75751
94538
37493
52578
57723
48501
34928
71627
4488
30933
70836
72607
95330
18389
10824
725
20360
44795
28638
12043
12476
74043
2606
99864
231
26082
62892
60720
39746
44307
29842
85443
23141
29249
64517
47443
95020
18637
21806
78715
87817
64237
44910
98026
38801
8653
95839
31711
82029
76545
48000
79067
8746
79892
75821
23983
78055
38048
1362
46926
47485
88196
94258
39267
22056
81436
86231
70099
54253
74791
17949
47307
25200
48344
30941
66690
57928
60190
52309
53699
14192
18726
68527
78556
95990
81877
97819
14335
28752
58735
33608
99874
81979
90160
51598
70725
98427
20132
34547
8961
97608
53307
92693
49656
12999
16967
45254
96416
62399
21958
52934
78793
13420
49794
88501
53110
36546
71016
89357
13113
94342
62239
55734
41541
23750
45857
56754
13007
37118
37456
34639
3343
22630
3562
25035
28698
87969
48831
74571
14750
77842
60461
40617
44553
25818
56977
72319
19620
75929
58360
75230
1392
21695
88414
92295
62683
14588
98861
42803
58752
16209
57314
87715
16586
6338
18493
69465
94504
69634
45410
44769
80101
36811
44382
64257
1914
15171
84808
15540
93034
2025
26506
49752
29525
78534
46080
46372
46243
18059
31757
22286
39042
83692
17535
82486
56446
20077
76262
17061
80293
43220
143
19518
67999
49258
93279
47683
42525
81994
34996
92754
30740
74735
96174
8409
22165
83608
49686
89595
59085
20916
76911
7563
72117
9424
84297
56933
61048
86362
55586
92410
33771
9102
32751
62362
84717
91599
82587
80783
94331
30513
76362
9354
72419
46425
59727
8244
56867
58222
29552
1490
79058
51172
74551
31726
3627
3217
66000
67805
25094
22905
3680
28995
83560
57750
19079
38271
86571
58386
88316
3977
46098
13686
51051
81344
79506
1398
50220
60882
92818
49288
48068
48292
58413
73795
35995
22763
95143
52010
18467
8045
18747
1186
74319
63417
42697
56295
81562
9816
41606
55996
68226
44349
93686
77943
15814
27525
25918
89410
33119
68190
39789
57695
84484
98940
51208
57021
6395
58073
13693
49999
26742
36463
39568
46768
82788
5806
78005
49066
26429
69768
62808
31830
88302
88730
12899
55957
59400
98963
60514
83329
75374
28872
81237
24397
88668
54860
69585
81684
44003
38828
531
35192
91138
42594
66403
6166
21814
63484
37576
3480
87299
14911
95411
63108
53233
68778
16914
5587
59403
90047
96450
80682
19953
19138
27095
19556
82899
36416
61526
23717
69258
80314
10616
21743
3654
79412
52499
61012
98133
46299
83096
60118
4688
13864
61980
56755
27846
39624
83824
69540
54579
71808
48160
78027
20572
68020
9513
70814
8371
20098
36385
23786
24725
9239
56114
97000
14842
50214
99225
76500
36055
60277
49475
65017
89157
65407
57041
49807
78440
75984
7856
70248
12694
1878
72168
81073
37468
17086
28087
76602
88847
17806
41746
35840
78661
92691
40022
7121
8411
89651
80170
71836
58527
59931
13320
50366
24922
32697
13396
44929
95266
71950
43222
92318
74608
48708
17908
27052
81230
90411
92334
47410
32166
31761
79464
10664
39309
1171
11370
7135
55918
21581
70107
87561
82225
13937
39441
20639
44718
32266
61909
23675
67477
47235
14577
30770
24377
58647
44736
68287
87964
7203
52094
56238
75770
85929
42650
23923
49801
38084
8240
24189
35277
5383
11191
43463
14501
5831
16121
32423
92441
23665
77294
81577
49876
61706
68576
11551
54972
15639
88033
15141
22752
50194
82841
67912
99074
27417
90636
68402
83266
2004
58608
52270
6263
82881
39426
51433
32066
38252
52653
73780
93751
11488
81509
98934
61590
2528
45250
95404
15795
49924
43488
17737
64858
28956
792
34724
65175
86994
3257
52267
89304
14930
23385
31499
37041
7544
5661
58749
65980
75407
44737
17741
6636
1364
36475
66318
69876
77343
72560
40865
15804
41253
28370
66320
17587
37725
80845
45147
13827
83208
2365
12392
70772
14740
87839
95649
17872
46255
30609
3962
15622
63530
99708
86168
12032
63816
15487
6682
62082
75949
99112
74102
29343
44384
69080
55994
6095
14972
23978
76088
79051
53602
71489
50786
81578
38234
75917
67229
76773
63410
36289
24091
55235
50340
30952
85166
1221
75209
95352
2662
37886
89631
71498
85955
74150
2234
77794
81754
50660
3121
99689
9462
38504
49872
97669
4672
18174
72694
38921
61402
18370
99714
89426
83956
81318
32984
43000
29741
83731
20947
29881
19371
19800
63460
4708
5737
11996
83360
5995
19642
71097
15672
9149
45153
44818
95625
19104
39275
13675
28997
7585
78362
29717
47540
43396
68407
35685
96764
40812
92096
63149
7244
94052
10261
384
95913
69435
65604
49582
69753
35795
29821
90294
93966
35662
93599
48201
31332
32769
73591
28061
67012
42404
92569
18153
2089
20453
95958
64840
80634
37115
74294
98295
23551
58150
24661
36629
45508
81968
20578
13097
29067
40943
85660
2765
3084
16304
64593
17918
54576
35851
67941
33528
26153
18367
46261
92055
57902
63121
68398
58911
66753
94807
92284
29996
99441
76594
49490
767
97251
35023
71138
28337
98172
20244
5549
13301
87553
86955
60642
23431
14309
80569
35336
69492
29752
96996
71319
67450
43533
36856
83644
9287
46446
95581
82459
41636
72298
36089
16561
54892
68633
22562
77807
37919
40048
6726
15463
47345
23359
35910
1827
58160
64336
87202
98392
9689
79745
90115
26149
20796
7280
83814
61923
51600
20696
56636
42960
44301
30335
84786
29247
93831
7552
88814
44235
32341
8310
42551
43372
98490
7656
85102
61536
21019
98731
16025
7788
82417
94870
50072
20105
45329
74571
11581
14788
84200
9712
74207
86328
48527
76493
81950
75321
65597
61564
24349
70920
37629
10505
97663
44601
91550
90458
94
70637
1867
77751
10261
70871
58589
43505
18601
27796
21478
97074
91793
88430
2267
61382
90613
73902
44627
29560
47969
27973
69365
41037
5180
58947
34278
34595
97275
69926
37086
5960
81584
99107
80970
5356
16539
98273
51065
63639
13748
62837
74046
60433
7517
11236
24253
40311
96511
79561
29532
12619
73442
1942
64889
38560
4553
61894
67206
56876
7326
96386
80400
60498
97570
63972
55627
70297
27312
60239
34403
58564
23368
49677
17950
11319
75648
24358
57858
8262
10450
89542
48294
36522
94257
86915
99316
58433
76980
7234
19213
77385
52574
23261
54553
88651
68303
55808
40653
69467
23925
50340
85298
92295
59932
4461
16753
56542
65966
18216
2961
55684
33683
60157
30729
4955
77845
22176
63080
64518
91707
67065
44302
46356
40868
76979
9587
3807
27246
80917
41865
63536
66043
94514
66886
11008
79153
99722
21744
35294
62611
88762
71229
19853
76561
64320
49511
37803
71829
29335
93434
36202
43567
50874
67412
91729
81638
80262
11773
60696
26634
28412
46952
58528
4356
19440
15441
12792
50756
89346
65580
99258
9921
19956
54179
67425
97776
94131
66657
21041
50893
41507
92677
94468
85250
34185
53070
83178
75611
66195
72898
53390
30985
66381
5510
46385
99489
75854
49410
49652
32028
43570
86518
47506
36720
37504
43431
28375
13587
16838
18617
73406
99655
14797
89123
43769
52133
67439
81320
87870
87773
46199
17028
21867
92432
63419
34540
2901
3348
26241
969
16379
192
91800
52748
49041
80117
89612
68766
81838
91664
21763
25466
81392
68493
92345
9797
8356
3102
81020
60160
86562
10018
47162
39896
74065
86872
22291
61667
13781
29928
18915
3691
67433
14121
14719
80032
15038
42254
74246
31160
67974
89834
87466
63948
74473
40733
21979
39413
64919
90955
58526
17163
78444
56122
43132
47846
78253
60179
8205
34159
14357
4127
82954
75357
46227
47956
54026
40081
77263
77204
11663
58983
58709
41139
5039
2497
88640
72963
51399
34642
64077
92373
49347
27599
18698
83562
17273
78653
95446
75513
18286
16124
42892
71103
81417
17771
18222
66349
70331
36048
85342
17830
92693
91399
59129
19709
21815
24341
27556
7211
78224
41199
21908
57054
86373
8226
15313
2133
83138
85832
32002
42527
63314
91748
78198
85695
48693
95053
39130
48197
33649
32114
41679
38375
10024
10933
10352
40406
97631
70942
41658
43431
47607
11073
71900
31975
35524
76562
26741
35239
26370
61209
23224
82554
70201
99272
88592
92147
20832
73019
56873
19203
66969
12031
49559
76092
23756
37827
87748
36218
1659
36276
78746
54121
56409
24435
23775
51616
7049
82994
19092
188
94963
74691
40924
84872
21786
27406
51029
52357
86668
54543
41191
84658
74884
50601
74560
99407
84095
27612
75244
32506
86590
90816
42530
47646
30895
87710
40030
41365
9654
78047
46395
28457
49906
50959
15257
41066
49966
93059
82720
48253
59832
48073
75589
16624
26282
49772
78490
86694
67389
13178
31932
38987
26879
91947
1715
75194
47462
23165
99324
85918
409
42936
81785
70769
67714
4517
88854
53550
29620
31807
22073
17971
22905
64907
8761
88373
89077
99393
95695
28022
62892
92778
87402
67819
39531
42763
82169
89555
39997
72604
67695
84907
55587
28649
7226
81817
49572
54996
67839
53463
99883
41084
85104
33718
42415
10059
89635
30676
44008
87026
19491
9972
8536
15516
81888
83836
43125
43773
52801
61309
98100
68930
94683
47325
725
67540
98503
31847
72996
84870
53698
140
96164
48873
66943
64249
24149
18831
6400
32074
11623
83893
44533
76515
51667
47968
70335
28107
41747
64887
7539
24261
71013
50148
72970
99048
20966
57729
47734
35820
79734
81461
24871
73848
89395
30417
56185
28529
18354
23749
334
17692
18256
13638
47429
52397
25993
59628
23408
23964
70810
21158
92900
25585
96860
71596
42959
37381
71841
26590
61053
445
51831
25466
67927
81496
40249
63264
22439
48708
29450
16286
93948
78956
32277
47472
90823
35624
40226
54965
88814
94858
59929
29895
77042
20734
30155
27102
56894
80331
67983
33207
80385
48926
73505
80429
20017
79582
30289
66186
33005
31349
47732
99677
60128
29944
4557
95146
59458
15035
2033
84140
20339
93540
25994
49305
89412
24639
60485
66266
80112
92659
99818
54534
55085
2252
17635
84763
72569
77116
63968
92695
74162
56262
3483
17596
40585
44821
36067
65968
20101
31076
28727
36528
61416
1076
62761
38172
56793
70199
33200
66839
4785
66230
64114
29321
49972
74024
45727
30724
27201
43257
22501
44629
47397
74279
98683
29643
84146
48400
94900
32365
8122
3073
47507
60304
31307
94562
9988
59765
43136
95200
7241
22851
13176
16568
44144
64134
59537
26051
79722
43249
98921
85938
18999
35354
14278
43263
59423
78247
46314
84637
21094
75783
74026
47723
39814
66230
40319
75563
26446
75009
13730
87593
15638
11374
81956
51079
60761
78399
9820
92376
36488
85789
81970
52066
23194
81407
27325
87722
46316
448
86541
68486
79256
1347
42329
84285
44122
77322
81785
29878
10958
93604
42457
91059
54791
19762
4182
88316
52059
12302
70095
67703
80099
68602
41838
8423
21743
20525
14252
5709
98259
51246
59070
23387
69155
13862
44597
36444
53645
64318
99844
93695
65004
49209
51523
90331
11766
39462
41498
64312
89116
56033
29490
83219
48945
29038
81169
49866
47726
70967
77454
21626
17808
78914
82997
2810
58577
28647
46912
56879
23727
46190
45693
12563
91583
26569
72418
38381
45099
3670
52341
78132
8364
36459
51980
25304
7046
78555
13349
84029
21691
50896
46311
51363
51421
63085
19723
97594
56791
91301
40129
13154
8315
94469
57332
61195
79806
18754
55445
78033
13408
47160
84223
61715
82487
77286
22430
19079
2866
48111
35808
77913
23041
45190
77941
34010
3209
13216
67402
29000
70959
48088
72769
72161
51450
11783
17198
77941
82853
69364
86307
52827
75859
95359
18129
17128
54458
45861
84942
57827
85811
9179
18395
55945
14201
23183
8988
21929
38142
51117
76369
48967
36155
75568
29217
50616
71011
44550
7307
66638
41659
6971
60762
79183
6646
30276
69979
70290
59414
78214
34972
39924
71406
84664
98136
27563
28423
51464
66275
4140
86698
62740
10743
14023
45598
56429
3298
8014
61066
80317
91482
94325
23645
4338
17056
47616
45661
33372
34455
99538
136
1790
31779
7207
9425
71195
93925
52371
96368
43132
13983
56772
47810
73896
59531
8519
25515
83820
33494
77184
80253
24335
36280
27885
31994
26889
15498
21245
32652
357
47603
12567
94358
24849
17225
90858
58345
10873
84557
97706
60746
61537
64462
9398
80856
14170
16278
83916
76009
17310
89962
36055
23945
71592
98072
89900
98367
90665
56924
33498
97206
42966
4470
63984
70629
59163
75365
1003
21759
62744
42352
21207
26342
55673
45412
87802
66554
59498
2893
18080
70946
27082
35350
51229
94072
28150
12920
84910
60856
57896
20750
12042
4928
87056
25795
65190
28998
17883
16257
16863
63027
82595
47105
58642
57651
21335
18690
7948
70566
80380
58792
1531
488
36338
31766
34894
2099
17894
33561
24878
45161
27879
55744
67953
35683
98228
91965
75815
92672
15841
24894
78343
16249
65424
13646
50368
30228
9887
78544
16298
20798
9727
24176
65901
95461
75966
57037
93373
20834
22793
46573
73395
80452
12882
54783
90224
66371
29000
72236
43784
96238
52931
88953
95488
43964
79012
49293
48648
97344
61061
67313
61520
13395
18577
22230
9127
52181
68876
60989
62694
76106
12620
76542
27298
16407
84735
83490
64159
17880
33415
19447
10128
196
86525
22954
26212
24882
23395
94097
54000
10107
95679
83377
27843
40091
5208
15585
82872
2007
39432
93769
18786
20870
57405
16661
77817
79405
1395
3692
30461
63169
99248
65593
2247
82477
81510
69296
41324
50744
20036
91910
26009
24691
64153
30687
11862
56991
99703
31420
48789
1045
31960
22297
47894
53519
51220
25241
92169
28947
76334
78575
73668
31105
83145
43547
65913
7588
89646
20076
1906
20146
43841
74076
8225
83279
23473
81665
7394
99532
64521
32036
9009
77797
81123
90595
86483
23119
91117
51738
30352
45175
44017
17364
17237
66911
30205
67575
34550
58370
33062
59389
43390
62994
78906
22175
31938
29680
57751
68600
13192
36012
88404
25743
96524
85330
87593
57388
1320
88730
28543
12573
81037
13115
30502
34799
1621
24069
31748
24401
14536
87017
42523
67512
46319
47770
64562
20494
82481
74490
1278
14326
11161
52209
51617
83781
90130
51184
81780
85124
86139
28684
70765
45491
61631
28520
47771
41207
55750
37995
9122
52328
81214
26777
42558
90750
8548
81101
64535
15668
28545
93631
65094
5140
79171
47639
4253
85387
57974
8607
41257
76892
86876
62576
59150
61862
34952
90135
98806
82586
42164
44846
12269
43261
18910
49136
62199
40376
6341
80442
65103
11192
74085
41511
93132
93744
50713
57345
17524
83948
31159
86758
51271
86887
94977
35414
78983
74156
93336
75294
55308
48134
37062
15032
28176
73115
89357
19986
22491
50057
89097
56031
11884
24937
18922
13069
82029
93328
91625
67291
97337
74104
46596
21597
56191
33976
66867
82141
73740
2555
82378
5715
13940
92875
51491
9270
26361
61685
2416
64234
78858
26057
79368
1135
69258
96742
82459
72735
1862
90610
52811
69484
14535
21637
10307
32858
60705
44791
62557
24045
6205
12768
30266
82972
75688
90622
66157
16694
44889
83243
54952
79982
40176
40669
17447
34726
29257
60276
27936
65858
53796
36963
35185
63621
25629
53454
5957
64833
54594
61823
77978
2228
37617
40448
15106
89259
58607
73913
10236
72948
34406
43003
95179
88510
90385
71997
16664
76984
8712
23245
56055
22436
22531
39329
66698
56357
6334
91802
38221
23878
13711
24255
43150
769
84148
89499
77837
73748
1751
40197
95837
79676
53727
1994
67075
74222
8987
74038
37726
74802
5121
87711
25855
61093
58434
9585
12768
39157
10579
13963
76568
15147
15017
12804
82365
48376
3569
15622
59360
28396
55917
65612
57594
62276
36923
6356
33284
46236
1627
84776
22210
81847
96614
95358
72314
18782
22408
40597
79478
24573
92702
2749
22974
5077
78729
69696
26383
6533
21885
92603
67527
83890
4546
78620
59677
90250
99272
6199
78878
39295
95782
52134
64523
54013
72116
95268
41861
66903
13504
80179
23046
47235
90142
4827
94390
23449
35521
22020
36723
57811
78307
65805
14561
17173
78901
87052
16445
45514
90399
8431
98733
65879
26452
88750
72111
46517
20539
13421
88137
97352
20899
74812
98952
90293
88181
10505
52729
27743
11417
25975
82761
97078
56418
55840
58535
99348
11839
3045
23436
1823
29806
7372
9257
29749
58793
65391
29459
68317
26614
72966
37155
13880
42742
73858
10100
20820
89882
53383
85853
55065
8544
53700
45217
83160
48750
56940
30712
90380
8576
3232
92068
29731
24239
2268
87150
10576
43042
250
57605
68369
55817
42737
16540
76132
84219
97283
15096
65969
55539
58635
46385
58744
64910
6746
12258
45268
22154
9418
2607
89118
30868
57251
99832
74097
2706
75170
51119
93537
74891
27547
65151
18413
18384
83368
98418
89900
13950
48994
6920
14594
2028
5002
5126
5239
18148
64844
3877
4826
43500
78275
33908
26375
36332
80193
83527
68810
3896
49716
67135
74636
17179
84162
33947
1005
60308
83063
40071
55651
31161
30256
67670
17416
32095
37085
53645
46882
73180
9846
31785
24029
75330
10758
2347
16458
25683
72256
27859
71793
88794
54955
16833
69428
86111
51589
1169
52529
87454
93311
7504
13473
66030
63453
35427
88190
92618
58062
98181
54813
62597
47158
43688
85320
98633
5393
67103
84964
82869
21652
40010
71190
23788
25596
45510
95051
86353
450
1168
88753
68787
58063
73437
29062
46719
69994
56922
38769
15868
28560
8163
42580
6160
84194
31357
58580
54539
70543
83034
2302
2016
24305
57499
82519
45181
96890
82187
43858
30488
5518
33866
79713
83806
96527
39394
55770
40206
51334
25552
26805
82952
84370
87615
71291
58099
36522
33583
44128
78105
78988
11961
92549
41054
72926
21945
71312
20511
99997
35924
76446
39671
99995
18669
20283
1127
63019
64365
30379
8930
6524
42059
94896
36201
65303
11885
62456
4101
32969
41916
13422
25944
29017
85041
62722
26015
31716
31612
3201
30730
67341
61857
10763
37510
72913
65486
25070
24864
66871
75895
98939
49232
97221
9695
85676
28223
87284
18976
74605
39750
74579
98048
28395
98543
94145
11987
61252
59956
55484
78539
55071
62413
80724
32487
52875
80488
41374
91293
65582
3768
7672
55631
89946
306
25360
18099
66723
64760
14649
93165
56147
82583
75322
60365
26707
55988
23167
79405
58716
64452
88746
62271
2550
10795
24149
60137
65597
9823
44406
82144
54776
40598
9053
36912
96586
37905
22634
56843
75033
36833
48141
11931
56398
39521
21301
15426
18553
43505
57150
67989
32271
92556
51835
65231
49663
64934
43337
70703
22278
62492
59927
88844
60546
99612
45760
18398
13277
39882
22865
70007
67628
53136
51259
18444
5273
73522
95270
30561
58997
14600
12604
15663
77570
37222
43526
66742
32210
97678
99685
36735
16737
66005
72840
34056
96123
92148
33546
49597
95762
86955
61271
10396
57721
66449
33890
55224
27441
35864
54446
91318
40677
59879
33850
61279
48239
30068
40794
64062
34371
42342
49914
77695
15302
46066
83918
63549
58688
12802
46734
11961
65077
87323
49163
66994
49145
94484
34801
16986
31499
43104
11238
35058
845
66455
7987
14357
88061
72014
65142
96197
69848
74859
80214
25924
84570
48775
87043
418
22600
40740
48827
17665
38944
23901
1895
3718
55689
56440
36655
34202
50963
56870
97789
61374
13752
64342
40859
54468
50010
24165
63266
84807
62384
73083
65631
33000
82144
97427
87654
8106
61023
53659
27077
99243
89514
72963
71182
34939
89949
65050
9169
33265
66249
15988
26318
10811
34006
39492
73812
49472
58123
57114
14710
42299
87529
4980
29821
82582
13353
44783
8948
51044
64596
83587
49086
59644
71535
34574
28601
26972
74019
30912
97021
32063
28735
81578
76922
80368
77808
5829
94288
49063
48788
21431
26321
95776
57864
51357
34042
20212
9525
79043
86927
40258
90966
99492
14993
99690
70710
17275
70993
36409
88346
15340
89104
48340
50297
34327
39893
35931
267
70930
84899
85785
37966
30398
48572
68069
4265
42141
92259
15027
35232
16032
17703
28071
71100
27445
6248
14643
30985
68214
6321
69348
40221
54174
6536
45256
57173
8516
26026
42196
30211
63193
98581
86973
42677
20055
48893
15579
75556
47846
401
88367
1743
76892
76513
72320
90204
48261
7910
17126
68559
2384
47127
64312
10410
49803
60419
77754
9270
40380
4632
92346
49478
82420
11813
90491
10967
50978
48573
69531
39629
82669
41898
67572
55251
1550
51319
85157
16155
60955
38842
19814
4484
87146
76753
24833
99630
93115
73091
49009
31547
45815
41531
87373
57570
18140
16259
39837
23734
52125
54365
9526
97928
33390
39694
96621
93329
18014
67885
60538
1305
589
18662
81067
19031
96287
83676
66101
53280
53647
68082
43570
67091
9630
82427
12002
70567
32568
10868
81361
15858
19393
91276
83818
72997
37450
72889
50202
25989
14912
85366
75102
34743
51336
21070
30400
17823
32995
24045
80539
33375
86102
17662
98148
2433
74229
44371
17653
88946
54379
733
11976
47289
75793
5929
3670
40794
82801
46447
68162
93911
97552
78014
99720
81695
65325
66796
88115
64280
18905
99387
88341
90823
6773
72048
49073
58902
88468
17241
50035
5496
17778
37179
2360
47472
55459
57043
67226
92753
85661
74078
6670
4047
96415
25727
3651
91569
63775
17519
88787
60980
41045
12889
3885
88555
8465
35338
65283
77091
22527
40453
83486
57007
97182
2699
12948
47167
40625
86092
92930
21512
26349
77032
13833
16347
87348
63714
28709
17687
64053
45870
91813
95498
35226
410
18647
24259
72875
1111
16848
42464
77444
331
43025
28327
99825
94230
30170
45329
87458
34458
27514
33346
77681
12769
36132
29809
4534
18739
39417
58441
25806
33267
16271
4343
18913
268
8215
4034
93644
50788
88784
86963
13644
32160
48934
60496
98072
36978
94511
25551
77346
30077
16227
2089
98339
53598
47556
87542
88879
9154
12451
90399
19682
42821
90105
62235
32794
27907
54025
61951
43561
63702
40656
67375
21127
93338
37559
63862
5544
1991
14230
69523
34132
77343
39700
51517
96178
80886
92482
13799
10617
18466
58126
63616
37033
56156
67329
18071
77125
69001
25175
19048
85221
33638
2923
39788
94170
99684
20179
34717
59811
66506
54131
49024
83350
55899
21182
4137
95622
74648
24036
8643
2807
37250
61733
53906
86723
52626
43543
83315
5806
93432
77546
10849
53526
86165
80749
42058
35378
325
94793
17161
78220
52573
21732
44608
13345
50328
64586
2283
53645
42794
94025
59832
91759
85363
63294
93699
98945
62316
7845
84489
66529
98935
56595
22334
71024
48025
79504
54866
64487
46961
95342
57460
83561
49861
40825
88163
92027
51964
97729
57762
54693
96150
17459
24396
28715
55074
39
51010
43554
1615
83568
64708
17698
35863
66809
99727
65228
74581
60837
90738
27372
65671
51114
59573
87787
12337
49366
29546
87055
71157
57643
72636
441
57040
45668
15239
90213
91723
62199
54968
50681
32355
18176
61340
75536
82276
70389
46863
87785
35583
12414
37079
50486
22792
94971
54715
75713
78005
94198
73851
3652
27863
12839
22877
35797
70145
73383
63687
8971
47788
5077
32867
57608
44637
96680
91081
60950
82837
41326
81438
36608
10918
62326
43526
1082
49046
21034
90445
76609
86508
44315
32213
38035
31742
42678
92796
96231
48555
35608
20249
95657
95832
75545
61511
35493
53017
93400
79801
2894
26418
61475
4932
4343
4742
94666
80351
38179
1257
71742
16862
55253
73500
16988
36396
56273
93110
26575
76049
73278
90203
7204
25015
25784
6521
97854
6753
58091
1946
25948
16316
93936
98483
32130
11303
72170
55452
7578
40673
60350
71789
37997
12510
58424
21716
21475
10860
68632
55255
22599
28307
86369
2526
93755
74571
97643
57331
75968
39485
15456
70049
21764
2593
57001
75479
9928
62208
45691
83341
30086
61269
33978
72037
41434
74572
17020
78224
45631
46137
86659
44603
13616
3954
27440
24602
87411
5099
74206
31537
40672
81913
4406
89727
15887
48984
80321
51251
22947
57281
21732
15607
37436
23176
82187
40184
40777
10371
31128
5783
55194
72632
33800
87921
111
12118
13313
69973
22585
23995
61043
70247
14963
21486
62892
43032
28696
82381
11044
76825
91814
77401
4031
27297
91297
37626
19482
22794
57242
11125
25634
49589
48734
88044
40806
37591
53628
54144
11172
6255
63619
30604
77474
71002
52587
86646
72600
20989
29492
26925
60107
72406
32534
62298
42583
98051
98147
41782
41706
15046
77892
80428
86335
49955
95613
23408
35981
31529
8511
82157
15041
92271
93905
13735
34849
55456
3636
12515
85499
62602
75832
39884
30667
85252
44675
92717
40668
5885
70633
2009
49939
2284
87472
48658
58116
72643
4677
88111
62145
47043
60055
74572
51205
94815
12404
45139
51776
86708
50906
79814
18774
20525
8974
89872
20149
30719
51969
83408
98610
36600
22345
66091
94469
32144
92911
90791
55543
93755
99325
97019
41096
66978
52933
79881
49318
3639
85700
69329
17661
2256
26317
75052
7828
71676
98163
18777
15677
72987
71871
48165
61650
56789
38971
71836
82942
85561
27040
34882
85942
75855
77965
18720
75792
89658
97139
76610
45595
31082
82181
49979
54054
49597
89124
59624
45834
92580
60423
20207
34024
91513
16989
82021
55525
33894
88572
23338
47581
99340
91972
71605
43089
49438
6196
49546
54251
75117
49855
50778
80767
22490
46955
76647
6059
42165
19519
44578
32001
54357
58107
47004
51032
84305
16487
18514
28524
35038
1959
20748
28355
57461
72515
67629
5038
95317
91798
23509
21270
24172
79165
77365
57554
18103
500
98476
94286
82356
55578
61643
50522
75646
1924
64572
48950
37162
53843
57427
8788
77533
66558
18188
64088
54034
15675
55131
91828
78661
48423
1500
89308
66688
7239
66652
98350
31529
61430
19573
28660
50485
52897
32792
27435
39121
52777
56122
12826
50573
99761
67023
79172
36577
50136
54250
644
54002
82118
31255
90229
37668
65831
80061
60944
68583
65680
26576
4678
71892
35403
81844
85342
50990
94992
4677
28601
83934
18104
10606
69457
18760
86632
8547
52058
35865
48906
86077
18248
10128
52913
12079
34620
31072
57003
80492
94952
24097
45552
12890
46319
70150
77680
81528
60643
90999
42890
85129
10663
19149
34102
72179
3930
30040
56341
36851
55820
16082
42963
30602
74566
7364
86815
34187
28957
70625
12146
1824
39861
95147
74545
84949
25746
75068
89170
61870
73717
48036
38115
26095
16282
67649
79936
2449
44418
54331
20827
59141
93289
49918
87814
37080
27680
50925
74736
74496
15624
21148
25564
95767
29707
67533
41991
41874
56249
43452
20813
79432
53781
59302
24287
23365
88510
17817
65456
65460
33509
47994
48594
87966
66147
70808
31009
36419
9475
66517
39161
28787
46361
83176
70045
41399
74378
19284
48928
45326
95848
38581
30029
55541
89143
26258
67467
44307
51523
75309
90250
86920
11165
46176
1869
38081
73687
14207
7969
9360
19476
92298
89916
51610
62446
46945
56237
50553
96391
88569
62729
86168
86787
37606
57119
6868
99633
23975
30558
7061
15089
82682
57855
91923
1605
75187
90969
62965
31111
20073
82524
22200
75226
34520
16174
18212
46658
88529
40940
36824
51155
81288
71339
46095
13133
47146
22518
73399
75124
57014
42405
47124
25998
14746
16052
39357
79023
28447
12951
67092
21434
86958
61409
72186
78002
65163
3984
75344
81865
20374
48477
23887
30551
12832
91599
59458
57289
59483
12084
98279
84899
22183
45330
24639
58374
69628
53101
49429
5273
47274
73531
5516
71193
99646
2561
49788
69322
76420
39781
11871
14412
21192
86700
85692
83998
66506
67961
74110
82638
43697
85273
89384
74106
80118
66475
90945
59221
39395
56259
10139
42944
45602
92434
31782
47413
53134
36829
66314
8109
34742
53209
62783
72415
14341
83262
64370
31125
77761
19549
88250
79177
14953
15482
90249
16667
74659
17378
49865
20462
73432
76541
21330
47284
63025
7268
69199
46214
28671
70098
2332
8574
35891
9981
85006
82386
12671
2245
17956
14665
34166
34412
76295
98729
37309
97140
7706
58722
14994
771
2312
68468
47389
22938
67768
94020
51468
81342
88377
48814
64006
82221
89927
31214
98510
36941
83475
22476
61186
53559
73916
91132
27202
23077
94233
23016
45132
7447
15719
74609
42083
32523
34180
57800
91406
56667
10026
97947
15883
73590
56338
32193
99164
34431
90782
61486
4965
7985
57380
51594
93712
85445
11711
91399
72441
40277
74917
60817
15926
90526
96036
75968
12172
58485
82895
88720
65057
54450
19232
29341
21958
90340
62318
32455
62502
62198
10474
65701
79280
28363
55692
75441
37950
28767
88436
91763
87703
89857
41419
62416
28044
11922
71880
54775
16575
99525
22636
17297
81659
30574
55714
3424
622
17193
70251
64769
68809
21704
76447
96028
525
57110
93883
90647
38640
18270
32357
76609
60597
56774
62162
83779
26096
69492
18091
67356
8707
22204
56811
44333
69221
748
59936
55454
73861
8464
90150
28437
14627
67112
26392
26221
55687
99892
98218
56274
61679
28549
17726
84541
94347
30036
2066
36383
24210
99121
71209
18094
48039
67431
99799
34666
24494
7105
28384
86065
99686
83688
75908
69725
64051
86367
21107
85118
10381
76663
88904
85106
76024
19024
16606
7111
52176
16820
32841
14224
71102
67783
82612
47345
95689
51747
93609
9476
8685
4653
59352
94084
69333
42432
42346
50295
98758
82875
70247
17985
14900
81056
7859
35949
48281
14850
57252
40127
4355
47418
73828
4390
47324
6880
98907
11550
10082
55390
93374
18131
14334
20260
96539
72536
81425
73872
31193
83423
39849
69350
97890
39126
6869
30962
87544
69318
31535
10369
41965
32720
3605
87331
14585
13943
89018
45343
32533
42575
46299
5190
6089
50734
42193
50450
24487
68356
73761
69028
63871
74034
64883
98883
54414
41284
93893
86669
82991
1896
42534
17741
27128
22666
84311
41564
10019
3490
96271
1015
9369
61917
32793
99951
55714
91773
11831
731
51209
18212
21567
32119
99329
25800
20050
63496
69006
87204
49219
40363
95718
62322
99778
59639
62950
48234
37251
87556
74993
54273
1140
55784
76773
38093
52128
99268
40252
77589
36409
23097
93104
96432
59347
89180
64332
20998
98737
22013
40921
20013
13990
81734
5332
90863
69829
88687
56062
27779
12701
655
67496
91410
86532
17083
99242
48424
49442
56248
99368
63195
58759
47509
92322
90669
93402
99910
12642
99903
36653
27084
64342
8689
46809
1226
12058
13915
84027
59058
69404
3076
96984
48869
1751
30529
57084
19862
79358
89500
47714
74620
17773
32744
60405
96624
98456
34276
49715
29638
22098
55845
79127
54052
28949
65652
70111
52779
69287
33400
94208
72267
38734
31771
39284
43836
70119
95556
89591
72709
26897
94005
15704
52176
16928
33127
14061
23336
40791
60306
92426
21428
5429
48062
89177
29365
70184
22862
16299
36772
26404
52689
44856
74227
56184
16410
23640
36219
38656
55163
71224
85307
22943
19498
66425
99853
917
10435
82808
76800
70231
2890
49514
79572
49397
64952
3504
62181
9224
76577
22335
47594
40263
58372
49688
28571
79304
88656
21105
39349
77296
23312
2665
88
23058
25942
24973
75134
26455
16843
82419
35825
18098
49822
35133
1594
45668
3769
24308
60430
32493
32638
81660
71647
43100
92867
19413
72926
28314
12378
95443
45136
81792
355
70211
95994
26305
81980
69615
41202
33494
35935
80099
87790
6011
24183
52331
66709
47638
47347
27915
10073
87502
84303
30458
81624
95360
39983
3502
21303
61431
59251
39469
26307
7155
55225
33665
43789
72547
12019
79158
49435
28688
9629
30941
24383
69776
55969
49878
81275
33219
16605
89266
22514
94052
36548
34035
16151
20540
47064
64940
83070
29904
99009
96613
82886
44583
1319
11064
86612
39045
69566
70331
77788
51589
57841
79616
45152
42617
78045
29928
99548
82014
64618
66666
52107
47327
62733
1746
29177
18662
98269
11995
18238
65210
64290
35872
18049
78044
68506
26898
99741
29832
54832
51969
2964
75620
23606
91032
47103
26078
98507
411
11058
30587
36195
14665
96748
7412
63838
21728
46383
16220
38483
1309
62535
26988
44241
24518
87033
65918
59857
15445
89012
39162
96963
94407
39936
17206
24909
49238
39719
485
85929
58570
12586
70738
76961
37390
18160
14309
2917
5870
49260
46885
50484
58889
46743
13509
99580
84221
5097
46904
20207
10159
67504
96402
82598
92569
3774
43104
1308
23132
75396
36711
60119
9010
27120
2199
28654
23931
92495
42473
22203
85722
60479
69564
63466
98653
67801
78958
86234
49825
48222
22793
83806
15106
47152
90192
73229
90815
21078
46416
41807
83341
45663
49784
32381
82856
14819
30970
328
68828
42835
22934
72971
81669
4885
54966
88122
94600
47383
27209
64606
32781
65737
89326
70506
97064
65922
74093
22379
25863
58023
18542
83668
6042
34048
11432
25558
43615
26887
68362
67164
98075
820
44580
88100
16991
5298
4274
74337
25765
24420
71820
724
14467
60426
6225
31964
55725
68896
17757
99107
92368
11711
99915
63153
71233
83036
39024
78660
34384
6939
56518
25609
68323
8734
3841
49882
54697
8567
92494
26288
41724
59029
64325
17040
45049
25709
35636
89559
67131
83435
71672
51498
20496
59646
91206
57054
38187
26963
96381
88271
7889
97604
99050
84021
84488
35962
27376
55546
91006
59845
95841
3530
22893
20502
63062
31173
59288
94221
58259
31118
45023
22749
67118
21678
53843
79842
34293
32399
77114
28015
20734
60150
39203
44851
32213
676
80944
60319
96266
16276
66576
65386
56122
85458
30196
36287
64231
68975
62489
16187
47141
59874
54017
67090
15634
61437
96904
99770
19233
14932
87712
562
52941
77714
49781
40496
61540
89100
65808
2459
43639
61566
30861
37914
56886
24832
25070
93433
44568
46570
82930
70780
13128
7566
27475
61785
73019
74263
14196
65381
77503
1843
97645
10522
33776
60221
31659
15868
86442
91758
70860
46207
77728
22538
17755
7157
31126
41401
39094
67366
2066
91913
54853
98572
62738
49027
51696
91117
36081
36744
97303
83580
28718
89113
56525
4219
47062
82560
11004
9698
92585
97665
13057
78445
93487
19558
69533
47288
55957
16431
78754
85373
13998
44373
23119
22328
17038
9958
50452
72362
30904
65376
7082
41823
21729
42885
46299
36726
26071
52061
6286
72652
1664
4232
87744
55991
89352
81721
55314
98629
60435
37776
68258
59505
99034
22488
72723
91918
37708
65019
71765
34579
54662
1238
59825
33984
65939
11377
78711
75307
46661
83998
59647
15146
35060
93294
87753
39201
33455
78679
54418
73288
86350
30770
36240
68206
29846
72620
55469
41728
36612
61157
89342
37042
73941
86601
54547
61883
81292
81381
57781
76561
12468
67392
90143
49054
464
93708
28694
29335
63209
19040
81577
719
92495
98752
77247
37704
25979
41917
22403
79789
9262
48334
73728
17614
95776
76203
31060
28790
51655
6327
74938
46682
54066
2959
18337
5069
32574
59799
31552
1962
47710
73676
62468
4222
89289
43337
9209
83971
82671
52841
3973
92185
58650
42200
47678
1988
81145
78683
97308
70455
91433
79405
20552
39858
30447
37350
75902
58929
67618
72588
52704
22117
86191
13829
72980
59351
97534
27536
6137
11774
75282
8005
50602
99786
80873
94122
2555
66523
3246
48046
53670
70396
76772
48170
79219
3825
47151
78954
41283
80658
60335
36072
12642
67000
72947
97163
70377
69054
45333
55808
71325
59009
18970
73934
35028
35602
80001
28249
66985
17834
31856
13510
64486
63821
46897
78611
16709
71303
54901
16498
50631
86854
80122
1127
60210
4121
30381
95560
34920
45576
58665
42645
7570
34393
7680
11758
46760
63719
35029
80518
8883
33474
45518
25605
80779
2222
23634
50240
35257
68105
60103
18330
38691
96747
88939
70323
23232
85586
25534
30768
41395
65836
46323
18824
96013
13395
37752
77378
76888
139
48236
19014
58563
91792
57797
63854
24978
23045
77556
87182
24517
65038
67385
37854
70949
67599
22189
11353
47049
78360
81024
15715
65771
43999
51613
77967
70550
88224
95505
76428
95161
83534
4861
15449
62039
75557
60921
35220
65243
26317
46567
69303
86217
56256
74273
88334
1446
18414
21660
98031
90762
68039
39079
53646
4340
83165
99286
30541
59757
50761
28515
81283
83461
43603
45448
97824
20371
62246
81292
12211
65995
43415
67683
43005
60348
90436
49522
94009
37844
77958
28224
76983
85821
70771
63518
30962
8280
15129
13699
33817
48686
3695
12649
74953
18759
31972
21550
81304
18460
61976
29176
94051
15127
13729
24941
37198
86360
45881
66557
8759
4264
83386
19531
75466
62793
92426
89080
48664
90134
12719
14094
25463
29893
80129
19346
58194
61536
35782
26387
48169
46248
72616
82205
6787
12717
11013
37469
39095
33229
2459
3880
4158
36442
58364
69217
53448
84595
85296
62899
40145
54190
31349
7601
39148
87327
67812
41253
66666
30910
96741
42545
67733
62177
11468
66904
23203
98346
1807
30174
76851
92753
75546
19516
19225
81947
81043
16108
28504
9180
3431
1587
72531
37243
90182
63832
68590
54847
2195
73495
29551
80906
50754
68780
53252
48040
15390
97650
63284
72326
32186
96815
78595
22797
52958
18725
78099
63303
51482
35705
62743
73187
77989
62924
39087
42692
31643
43233
67144
41156
26304
56398
46926
25214
65761
46705
77578
46372
38416
31003
93030
56874
26148
84933
778
81536
68333
79830
43605
87330
24718
13015
96057
21344
1701
65418
36614
10114
57925
70050
65861
3945
10094
84924
66770
11703
44367
55945
87997
66588
1794
79296
22243
59887
90387
2019
32665
32880
78682
77143
28756
12274
2130
79205
38058
10341
12105
98904
58498
40063
93353
84946
78757
7435
57313
60414
71718
86812
79294
9275
45795
37698
13989
75814
10755
90566
67185
11926
80607
70590
25641
84236
18133
39476
2069
75963
73738
52043
24782
82353
57736
33016
38549
68465
35015
20595
67586
2378
31652
96023
43058
29344
54506
60052
43951
62547
53421
56787
67472
77195
59272
44001
23271
60666
65133
8095
10863
79346
73536
14062
48579
41803
30839
77041
90306
44872
98223
12959
51406
53497
35335
20138
14150
597
8342
90186
36555
92998
58731
63096
80078
39030
32882
96146
23649
44621
90947
14288
41914
209
20367
70453
73258
58809
78896
83811
43509
13256
60918
76718
86702
58982
89265
96222
58543
16311
15134
740
353
34101
48057
7531
4542
66244
94208
50380
47460
69894
20101
39423
46121
24924
54959
92968
21745
22589
74537
82343
41964
19951
40514
7819
37236
44388
58183
30499
80145
52169
23676
92853
50391
50115
29138
85140
42685
62692
91931
69665
64520
15450
41622
13934
50332
78685
23764
62550
64751
99466
82135
69375
24603
53813
48943
99267
15458
57659
22203
30021
22849
44818
41749
1131
28703
45133
43477
76258
79277
2046
35116
66835
74766
97666
74182
3845
6517
25892
63912
71752
8539
36194
91906
36194
3255
84926
83239
73589
99278
91177
29817
16864
66753
33840
64870
27165
875
43635
61407
10445
56001
32817
34154
77866
20685
74377
12063
90651
664
65495
49787
95541
72535
58207
5067
47991
19164
94027
63216
39525
82743
77957
76446
87064
67040
10687
66577
16960
98014
56292
35536
10455
66438
28164
60132
78940
84813
45477
36789
34753
63110
17581
41885
16276
28550
39810
96403
17804
41773
3069
9627
50292
75621
70042
77839
97807
89884
82202
9822
34905
79952
84585
66481
72877
71971
78588
36312
5884
94417
16086
21464
50515
63420
94399
14041
95233
75309
93936
23743
67225
81267
34939
7408
8812
52853
68342
67934
88517
96837
44127
36312
60946
26415
9592
35404
43212
59610
17948
97155
62432
76129
52877
91338
45739
18397
34910
35556
3201
51304
66996
72477
56995
96974
50441
24292
76962
47870
89008
47390
66
87023
60469
26918
523
88439
62484
47649
36726
92487
9168
77488
12762
29403
88122
24144
57237
69834
24957
27052
52950
79589
24951
72164
73015
65087
76094
8986
92409
91552
1874
56990
96964
14289
88463
44486
96284
18888
37050
18686
41360
91422
64683
22190
75315
92
72085
76977
21125
22398
85401
89624
8293
66669
52232
13421
16789
72548
76133
93042
52034
1366
4715
89517
89365
36395
45553
70331
7364
65813
80975
667
10236
88051
9696
69257
90139
1499
24073
56265
10000
56930
99089
99991
46120
43976
71830
10397
85825
32569
22114
1921
21301
54119
51653
42233
96603
38894
55743
55280
42478
30379
1642
64592
71621
11126
87983
90310
17661
48805
20389
99060
83749
34216
88807
6555
38595
6981
30081
16721
64465
99183
47219
38129
93347
68542
61722
28467
63908
71633
89930
51912
15998
69506
23555
31829
22589
33499
84454
42733
33910
73358
32359
52967
49382
56349
29926
82900
97953
75734
10148
50108
15824
69358
44588
10891
31016
5975
45954
64792
40704
15050
78164
22163
36561
19235
49926
30163
14155
54210
13104
71450
26099
55834
99122
56609
29100
34424
95828
62484
66160
26000
50897
58193
54823
51566
16183
13961
92074
86554
62145
62945
37925
96010
66195
71344
65178
87373
47435
84497
62369
50307
82822
22340
96433
44606
56544
37737
64609
81037
32371
10075
29796
46668
50094
73444
28472
18357
66534
2719
89097
5482
14501
80535
24846
62682
59256
93769
95528
61941
16148
4546
70288
56205
23998
54619
64793
10493
12518
35139
713
43495
35508
24267
99120
46139
52713
71806
91496
9132
30967
69569
192
95578
95266
9552
71623
64492
24662
42205
56442
77600
10387
26558
76292
87438
67479
30771
36150
48378
54753
17230
30723
28166
13804
11563
18116
56946
87676
24892
52863
80854
93850
77562
91450
55440
12276
92739
91579
91953
53082
28793
51782
43065
65729
48587
78885
52511
87280
61218
24023
1216
26811
48831
7503
91042
90327
4993
94586
69956
28606
724
82732
18352
59424
27703
53166
30858
6717
78338
21154
68606
97095
18785
19738
32066
82381
99750
40809
60555
27369
26246
89601
77304
59667
6018
46251
31570
29384
22994
13409
65500
66965
60605
47301
51807
46213
36097
83510
53489
94777
41954
50936
32924
23530
55944
54649
89627
63139
8215
53989
74847
15727
55713
93965
71305
44810
38143
83102
11186
86394
73779
89053
19747
8432
35229
1261
87323
17241
15763
86690
29220
60360
43931
82143
31627
91022
29035
64564
61232
66898
31848
28912
52263
93268
76596
54593
83987
75211
27139
16182
89324
37315
26201
85335
63469
92797
6252
38633
15500
41126
77444
38696
13441
21482
77966
77045
94973
22567
87762
54777
92647
79845
73665
78944
3410
34368
41755
92864
37407
60246
65233
35970
17158
39597
31531
19373
54775
56967
60520
36320
1361
10627
46839
21976
27252
92964
81049
58892
82967
88321
83339
37764
99148
35582
8251
93557
63693
4789
9518
47259
11050
14119
36023
19569
38685
32531
7511
38096
60969
17527
50053
24440
70057
68497
10113
34991
76464
15531
46131
5174
53276
55881
15308
55443
74549
83415
21881
633
31906
20285
77838
84105
86264
20857
15169
96939
48347
9232
5489
89123
7746
21526
82422
96015
83187
46268
20046
69030
20781
93016
9864
44012
13824
70855
28566
26027
56087
99143
90659
94160
67138
44649
91964
39011
6336
55254
35929
60564
33425
58063
7445
49091
25423
15371
38553
91691
81134
13121
77143
59136
43157
30556
14436
43012
1700
24109
68244
77963
90991
84006
72597
39261
95558
31697
30718
76874
88945
62232
88938
42300
31061
41266
58144
73272
62641
43994
35138
88676
4579
12541
87125
8314
43600
67184
27768
23210
26111
94285
30737
4171
16633
91873
91414
53208
21001
56777
36390
29008
54587
70228
99642
98122
57016
12097
94511
52767
95072
31780
37671
27695
67996
74273
51821
5793
16597
76389
67786
60819
97420
99905
53832
21677
87643
26662
52364
33038
62943
47098
77556
3727
15777
38446
24977
32071
76406
16826
3676
11380
57620
15627
92141
25644
43278
44774
96773
97768
50131
77361
73960
18146
43342
68946
98299
69145
32321
95432
40177
16053
50593
13197
96900
61521
72345
7137
86832
76802
20808
63285
33186
69307
78455
92501
90979
15379
25919
85335
3351
40063
64641
71497
60136
34847
92720
56018
13797
49954
57453
65882
18722
15061
88217
4968
75251
45979
61710
73774
33263
33611
31011
57099
70112
17211
49790
56282
16253
54814
42183
49103
36832
24042
12675
26078
10513
33224
75607
51368
3694
74739
31300
47591
80850
7190
61468
9015
2623
55395
95022
65976
99347
82835
18274
85276
1015
65653
15995
94969
23305
7488
54469
48760
87331
19053
74816
50552
46651
67990
35351
74965
11100
3377
18110
44621
28260
97467
79335
96144
58542
72793
73162
55155
8214
82817
54136
87734
69941
20003
29038
453
97715
34421
87416
38205
39348
70304
8004
37647
34616
74212
52370
53377
65622
35066
13566
81325
27193
74665
88576
97062
14788
81904
52800
7396
2877
28995
48592
6198
69636
43138
72051
57181
33190
11762
37642
24518
48752
75025
66382
28985
94685
97710
35690
50003
29504
35556
45033
2624
20077
51779
77604
23172
39195
47571
73999
87057
14648
86215
71469
73129
82331
52275
90643
71872
69250
61606
11769
60222
59091
79782
5387
41182
86584
36851
7524
31905
65707
52459
83794
64578
42064
55800
59505
8919
90876
39769
67463
97688
32817
17499
77162
88782
7977
76562
78159
37717
76132
48045
58900
39354
74131
7258
78859
65044
24623
67710
70510
83972
73062
56589
25977
95798
61846
74082
78546
95225
57570
55763
3122
34657
38324
91788
30562
14988
74908
22857
96661
51678
13466
26868
58213
76351
34701
92975
39991
74834
74119
90110
10747
51526
154
60481
4757
66041
2232
9722
40130
1227
70968
32678
65167
37723
70120
83335
36596
22539
55373
63847
36500
54225
69363
46111
53281
50993
6417
54765
40377
69599
66623
51525
39415
86497
72404
26001
91901
22522
37659
63856
97276
69396
42221
5751
68346
34857
7141
38824
80719
34192
89354
19594
99768
81680
9997
26598
78246
97190
38876
99523
43143
18363
9894
13119
23068
80979
98428
15787
78425
90758
44528
4862
47561
1508
94322
6024
430
16048
69587
70911
25511
28904
2306
28629
55119
72827
37352
8927
15611
86509
66088
66869
4752
47367
97707
22659
38912
10954
76433
24770
52977
72464
28006
3979
69253
59412
48815
64984
64884
6970
55185
93868
25120
97966
9007
2799
24947
90741
43534
51174
67631
59458
77371
95261
36915
75913
23136
89259
97260
98672
87254
33306
6954
721
86293
58741
19932
99725
82128
41870
43254
69567
62021
53152
74612
94312
526
89635
89691
1389
43442
34254
5895
93424
5598
86166
8482
40302
79570
12413
46803
59425
22008
46068
93935
60823
94589
89074
23325
87954
96752
30534
57563
1581
26722
64460
82459
90599
89717
90615
19190
10926
93389
27200
78097
45766
74425
35403
4130
8303
54865
50735
33365
41422
83043
36430
82464
99316
35879
28949
63861
92690
51523
69703
98714
8520
2397
13301
40527
80343
68338
26087
44092
53977
26324
63056
97481
34063
64062
44487
72632
30360
90907
25940
96383
43048
62181
73487
61909
8015
58567
74815
16323
75728
9698
51372
75335
9970
50097
47125
34885
9763
69708
21401
23337
2871
31554
26198
20465
60927
89568
78392
31515
83058
8438
3352
68950
61892
94604
19337
91233
45072
57165
94750
26127
76578
66401
64429
46407
76417
42551
84757
51858
60349
40866
93013
2531
22025
93748
24957
96168
19304
71730
81599
59479
36152
73784
9997
5009
9457
40560
17672
90610
52267
59436
97371
19916
15731
56120
84238
49434
62876
59071
64787
34952
4561
51394
52432
10959
83972
57347
86152
31200
4949
50122
84257
41589
2960
75982
98067
98111
89737
34585
44501
36611
62318
84351
90907
9510
25336
88027
53072
35524
20236
3766
53792
75177
73673
63093
44372
86513
21682
71298
59230
31009
84071
66899
89541
9185
83318
26250
59121
16707
69940
56971
18251
49073
50373
67872
45141
52671
6467
47886
18650
55328
47261
81674
5529
74576
10994
25317
25875
1997
76981
69495
19641
98720
40959
74257
62786
98371
80044
71902
24980
70540
72182
51671
97038
47547
37472
90525
37936
17104
42324
88245
57690
67749
28674
33436
14976
26621
76368
67237
61744
98253
9941
66860
60914
66264
58337
5351
59092
75136
3433
78449
32682
48907
48501
31845
35246
68884
79127
93335
71892
13727
92622
90402
68301
29095
53468
94047
64256
86396
10767
62813
80677
30000
27020
94679
53797
67928
29002
74373
21742
80462
66186
70209
23992
12232
43060
19730
4776
49825
20065
72186
98007
75711
35712
9137
20844
22251
69529
14392
72906
65995
4839
31221
30736
90922
10534
72116
87682
70914
41775
87933
58075
67548
31076
13683
59272
9808
49188
56894
13358
40083
25427
11654
81682
44168
61110
86124
83246
58265
88300
20006
67966
61907
59639
28093
19336
14711
6163
38887
35324
43188
41882
16458
52149
23605
76340
2301
62594
36929
15555
2037
26619
38382
15849
42005
54863
72854
6215
91125
27275
86288
12697
67885
79000
66859
79128
45103
88238
13237
70082
99397
73550
18705
76388
244
34447
31528
26759
5366
57161
80851
90854
85119
99051
68130
48741
96769
571
41330
25693
29922
1494
56707
69394
63379
30008
16784
55734
35871
47963
99010
88345
67589
24019
42225
63265
879
59232
22115
94272
82918
93407
94777
40489
34669
47446
52546
41706
93352
18165
90900
58427
34295
74162
92939
77512
72472
35711
87660
22882
87540
34273
66287
60068
25231
77207
92717
93987
87009
44556
34992
61660
37778
45467
75664
98028
90363
44310
28593
50760
47863
7385
85626
91990
42138
36841
91915
30220
15352
83292
71900
36604
7274
90611
8983
24212
62833
80909
22606
60400
56461
3996
5037
14968
68874
24458
48940
4748
9539
4846
71324
29913
36748
52476
78122
62550
12930
24791
74874
74310
22980
94049
86758
77839
87637
30369
57386
1716
27738
68271
65594
94787
3448
64195
82533
6060
22199
41888
10038
59109
93577
64600
62029
32890
57500
2789
35945
78495
91588
20038
24636
48528
18480
41866
12272
68784
27318
83459
21660
87057
85522
23636
64788
21783
55309
37956
26948
83766
76816
73598
62656
99633
37889
43036
67781
16684
11622
676
45952
79835
53269
45695
90207
30649
15040
22361
31620
39030
30916
86258
80817
70671
31187
52929
15161
12501
66866
72811
52038
75965
96762
73201
3408
22330
48655
84667
13657
94540
47113
25469
19569
87701
21933
69502
7270
84958
53457
51169
6525
82186
84410
4626
30864
42219
22614
51245
92776
80950
3515
75002
39812
28763
30716
11653
58674
72135
38613
3528
49805
19374
55540
27917
29636
41260
92074
23209
14034
36311
66575
45271
90272
51859
71829
46447
80632
82239
79894
70127
11056
40797
63782
79313
47059
22309
41718
41832
67392
45508
21883
34700
67590
42117
54868
39227
42685
95161
76556
20557
27048
86148
47450
11019
25595
81979
94670
95295
57322
42573
33362
58546
8927
61876
33673
33848
10266
91692
97988
70238
95014
54942
75075
52027
75584
35684
82301
11765
28603
89053
90394
1878
68457
68289
30348
15721
79625
18987
27919
91345
72609
83063
23240
69710
25110
90361
4812
24420
51213
76985
65112
88095
84404
60377
22873
12487
37589
62173
6323
23132
4248
49766
89792
62707
4932
3013
85251
12192
44389
25089
54584
97261
96431
86517
85359
56024
79228
75178
71020
83252
50239
70485
16708
71670
91736
4532
3858
76456
54681
87953
80682
14127
60185
3088
73368
27616
67173
2205
70394
83410
28789
8227
27129
41502
20944
25344
84201
31742
97332
20645
38089
40273
41972
33750
61327
34542
38023
89016
49642
32529
17782
53960
66128
86184
68112
28068
82892
39270
18891
63387
337
19994
54168
23440
16993
77944
5891
7034
8788
98903
88627
74743
34059
59392
2321
88865
61713
62541
88407
52765
45705
5600
49508
21274
19296
53790
83492
24995
51855
30771
96903
7097
44173
34855
44705
26793
73207
61885
73326
60377
8989
88327
67464
60718
52953
69445
20242
9153
54627
64918
3229
76046
48684
90684
98891
13790
62058
65016
4823
33259
405
25573
95683
80581
15387
49926
50451
79925
71963
56922
2661
75123
41536
7752
9547
67567
13861
14637
73346
31705
65176
63160
84642
99964
71204
98814
3123
30923
84727
76237
48111
29166
47096
31453
25987
70831
62289
57910
76344
28373
86073
78002
59890
60758
98152
57652
96619
86328
96755
72029
18172
15534
25345
44813
41779
11649
84805
59835
8476
88975
34375
30304
62543
10821
12065
84328
95718
65157
7858
49546
93211
54262
87509
97045
55044
53927
79178
67875
2279
85729
86325
21155
61808
33666
19100
92738
413
78559
10431
2640
70942
27329
85322
13832
82702
5467
61650
89121
34603
65477
34976
86645
62557
53813
42002
14259
77681
19059
86607
40725
63923
62269
32249
39872
10671
48387
43907
83710
97169
40216
33052
94706
83124
47819
97033
43450
52653
68638
42391
7209
33150
17219
96637
88771
18925
19610
49582
8498
7808
6626
80452
50021
23118
88631
61216
24603
93810
554
14438
90759
90944
53515
10103
80931
78491
30150
29329
27599
47312
3300
22643
75504
73416
20732
91425
39468
30446
9172
25471
8687
27276
3843
39355
72407
48993
27412
70637
78290
10151
54549
44026
82781
88008
76891
42454
800
42031
24141
10135
35522
31467
85425
7430
31168
56309
15106
32513
47218
93709
32133
99280
79511
20813
84036
43794
46572
30199
29051
75387
28016
58264
77441
72687
85785
31020
26864
72003
29049
36916
88355
90691
80696
62262
4399
8569
30340
39815
88682
30298
56151
82420
7185
30519
13349
24250
1628
19905
38153
14022
668
25450
6480
36072
96560
64843
26482
31610
51316
15198
56275
96093
94982
71505
96060
35927
5898
28268
85662
29113
30075
38323
20769
36087
82129
34443
83331
21559
29760
28079
75465
54706
34389
33843
63766
9155
61911
65854
25138
26871
77457
5556
21803
37318
48359
93455
83223
39427
856
8891
96003
87626
2973
53399
98550
35068
68030
37644
96537
16240
27100
32735
5953
43533
19715
50000
74426
86854
74311
32607
57307
44331
20376
14432
54329
51502
53349
66576
61571
96059
99851
34324
53414
35482
33642
88515
97761
92988
92024
33921
80219
97740
67655
7657
40780
40467
8631
225
41664
4615
81657
54110
89888
71583
16945
8778
4052
92745
80334
58633
48437
31661
92179
41169
30171
40605
45453
21540
77134
2393
23693
44137
93429
99009
42313
22678
29331
89338
50237
67894
92857
59728
17189
26619
44353
83790
57840
38292
97296
62091
59623
4809
19429
49006
45004
45023
3786
23731
56968
14627
95725
71283
21434
46143
54296
79135
88825
98607
25996
8621
78465
10867
66604
80435
48860
70354
87514
56151
46910
28263
66705
43316
67480
10235
60137
37579
83756
11649
15522
37846
41018
19859
19313
79344
47846
84823
42821
68955
91681
28106
55612
99946
93237
77836
43358
79923
22853
92283
2451
53217
80029
48250
58341
6894
85315
43495
88027
70642
92172
66298
81598
72260
75611
39202
63054
60949
61442
77608
11780
9758
1435
73832
13108
80636
5249
38577
63605
5567
56525
3914
4503
92257
93817
17211
45802
97812
28249
8407
21720
79880
25166
52386
33719
86042
54158
15031
97618
50130
8813
54998
97235
36646
27526
24737
74382
59162
75891
17331
28184
62734
66918
98854
8206
47492
46095
80507
7461
90816
21691
63825
23565
35908
51094
6226
61700
93966
61074
81832
25606
61077
63132
10585
39205
19436
85068
34109
45815
52238
97854
71561
68420
36590
25172
84885
22450
59923
9928
4021
75269
78314
40453
13423
42990
95854
74703
26173
92026
43071
97239
60940
8227
8949
32716
28299
21377
75633
37419
28795
93379
73693
27844
7834
18755
70282
4825
18830
86063
5463
42314
4390
3158
1629
40736
64249
66380
82735
81017
11123
40531
14102
95186
6136
24965
58316
84893
24668
7254
55030
34451
38669
20697
13684
26796
85663
72183
74255
94602
12570
1745
10283
84974
9159
79376
22109
61682
75110
83502
71773
56939
34636
10189
69458
88985
46027
53448
18066
48423
27983
3919
63000
15359
81209
73563
95760
83645
94453
47458
65491
36596
54832
31177
94574
76086
88314
79606
89846
85355
69557
68957
83268
94250
72867
35846
52660
52745
57676
43279
8438
80096
60314
12480
16978
42286
5642
81696
72813
21224
19055
99510
83869
23848
84706
64286
66508
14647
47559
63750
92392
37738
87385
975
17105
85323
8733
1832
41142
78732
40016
82401
73675
84072
23820
42284
7153
35007
27447
21606
51514
28858
11909
80970
83941
37127
7201
26728
92885
71320
77669
91000
40387
13523
31615
98791
49851
90911
73513
6622
66223
93628
56929
14906
25893
62021
30515
21442
62958
14821
71342
13884
64313
14830
58959
53323
7463
15986
60990
36849
78894
95129
74002
60054
5171
44361
91131
87550
93646
29409
30245
41248
62327
6328
47797
28675
18336
31275
70820
66620
35697
34426
57729
24795
63927
93599
62840
70022
73415
86288
75898
18901
48772
47329
79268
80723
5465
10756
66161
80313
81452
72588
77825
53636
80839
39747
37278
52344
60731
91703
48439
62798
71503
80058
4626
57427
51588
31036
41138
89959
71607
12231
25920
26371
19321
40241
18943
22665
13055
78004
10989
1206
50045
63108
32516
45705
21012
9091
62111
16203
53006
55860
72448
75733
70258
97689
1053
75114
46334
31829
82503
16555
81223
63559
71955
99310
3280
73451
98315
7885
39191
4110
59175
91466
29578
95836
62311
45248
29120
87272
97814
68755
84064
60580
44635
20400
43360
10869
19300
60045
58497
73009
56860
99154
52938
82176
41805
475
41612
46389
51308
43763
33800
39377
33116
22083
39583
8191
30702
29044
59965
81549
75989
85234
35818
1715
98231
69652
8165
11825
84832
5460
85849
79479
10041
69074
5646
93575
7400
36581
83945
58856
70113
17159
45656
71210
89278
19774
30126
71064
21668
20899
15942
66188
45781
30169
77622
890
24560
63483
59491
39142
85086
85153
51375
2795
76958
98476
95379
29009
60943
53501
50087
4529
19468
89502
43363
89205
25077
67815
5556
52079
59053
78059
15517
90101
51440
58041
63953
69995
31228
94176
20742
52020
96448
11212
91869
75997
42705
56165
58218
81228
47535
36048
7076
57967
80798
29238
14806
19697
54904
53592
77362
2208
60694
49494
16019
15976
43787
96138
36605
52848
97251
14344
92205
86550
60472
91012
41223
44197
59250
77126
93350
53101
22185
96162
82088
58392
81353
69601
43452
62799
95328
2881
8274
58475
