7169
47
8015
6292
8139
3699
9822
5862
2239
3047
9485
2045
5114
1534
2132
1602
3718
6806
7229
916
6597
7006
6609
4646
9277
1522
9761
9947
3073
5014
7621
3382
8814
1165
4862
2430
6402
8389
1949
1070
3692
228
1733
7703
3617
7361
8656
5540
8584
8453
3563
1593
9719
4364
8799
2143
2173
6630
5055
3539
3320
8506
3627
7749
8210
9132
3341
3610
9999
4581
961
5014
1968
1643
4802
7828
4965
3198
196
5127
9038
3726
9079
125
7764
6335
7505
2323
7859
9148
2911
4221
1769
4916
1164
3706
9237
8966
9062
5264
4250
9355
7161
2402
3198
5173
241
5351
290
318
7464
7043
6906
3432
6905
6967
7988
1268
8198
9653
1812
8907
4339
5361
2531
5323
170
4681
5387
3928
9263
8539
3629
2649
3885
7044
761
7225
6658
1677
1961
7134
7772
2299
9843
6804
4404
2339
1479
8913
190
1568
9258
4978
4547
6925
105
7427
3817
3248
930
7307
8891
1261
9510
1760
9291
7389
3035
1204
1746
1483
5495
4526
9588
8911
4486
5208
5982
6404
6557
1821
3031
7336
4728
2876
4391
2839
7346
7935
8412
7742
4016
6073
6074
148
3877
5274
4999
3772
8796
6429
2702
4532
654
3523
1055
8881
4855
6416
1311
7362
2582
6797
2830
5767
9259
8824
1711
7214
2411
1387
682
7703
1574
8180
1417
7882
9300
2943
4981
8700
7716
4105
2305
4484
1918
4857
2928
6944
7472
1871
1922
6363
9931
2595
2604
1262
8635
2206
1688
8577
9855
187
6505
6099
9098
3876
3429
9368
430
0
7056
1872
7744
1948
4533
8610
258
1403
8124
8444
3595
4065
9599
9778
2259
1376
4107
9424
2131
377
1880
308
3149
4304
3904
4747
7927
1779
4363
8487
4
9191
1602
3359
3262
5690
7070
6336
4067
4243
6407
3011
1054
8254
8901
7166
8170
9928
9687
3153
8478
1787
2735
2354
5229
3482
8565
1417
1842
3547
9581
1352
6162
3392
3784
905
6513
3562
408
4843
4549
2880
7894
6644
3495
2623
5091
5309
9798
1318
7448
1634
8098
7818
3357
5185
6013
9611
2740
1280
9643
739
9730
5097
4761
3777
2962
6458
2374
9758
7396
5743
6411
5692
7336
4454
365
5043
5675
7057
3401
6338
5893
4790
4454
7989
5246
9746
5737
5902
2990
1041
8258
883
1552
21
8091
1838
7797
9185
7700
2237
607
2437
6291
5096
5051
7189
770
9078
4148
7062
4497
1322
1571
9182
861
4163
8413
4001
6901
6180
8635
1418
521
5931
1383
9473
162
8304
1827
3600
1787
5937
2291
9861
8499
4806
352
4128
3137
3696
9578
5639
203
1252
2020
3975
1133
278
55
2424
2629
8844
3667
6675
9732
7979
8146
4465
6689
48
3158
8868
3337
7921
5363
2140
2877
3402
6134
6662
9897
8622
6796
1510
9370
5021
1170
1165
8395
6885
4417
8168
485
2502
6098
4373
785
9005
2001
5491
2766
2964
5715
226
4393
8071
4197
6453
9147
7782
6459
4095
6594
9700
7139
2738
1513
3839
6991
4818
6324
5134
6617
8618
1534
8421
1757
811
490
357
5742
3868
4728
5509
132
3193
9361
2140
4814
1023
9429
2487
1656
5479
8783
721
5653
3187
725
6145
1889
6231
4178
8368
8700
187
8341
658
3292
5667
1671
5630
8322
4932
8594
7456
8306
1052
9848
3845
4892
4265
441
8045
697
6938
5144
145
6152
8792
1037
5682
1174
8108
8304
3807
7269
8331
16
3918
2499
7604
4720
2021
9345
108
5934
6316
1409
5668
4614
2696
9058
8428
231
8714
455
5630
4325
1746
4079
220
9562
1461
5830
5604
7247
1655
9813
7084
9093
4650
7487
7850
3873
5512
6793
6463
9294
2676
9981
7205
5056
1308
9591
3425
9354
555
382
8270
2055
5582
528
972
5562
3720
2467
1250
1642
2834
4654
4844
6057
7995
9110
3873
6047
2623
8880
5353
9317
1072
4176
1407
2067
7986
2088
4063
6934
6764
6269
8391
5406
7873
4208
8537
4027
167
2988
5536
3437
477
5110
4033
8256
1807
7672
4691
1216
1635
8228
611
3735
8538
6820
7255
2965
3308
9127
2766
3109
7599
4760
3253
4785
4155
2650
2869
7959
2802
262
6265
4910
130
1622
7426
6595
1480
777
6166
7339
6996
322
4338
3139
113
5856
30
7174
9517
2863
4797
2139
8687
2994
6137
5685
745
6161
1124
9286
2236
6692
4553
1999
608
7025
3668
58
6014
2579
567
778
7223
7983
3659
2295
3318
2442
1857
1124
5070
7336
4688
9050
1458
9272
546
3152
4942
4508
7127
2000
9936
4206
2721
4693
5919
1112
7418
8357
1588
9324
3822
4927
4761
7467
3998
8370
7495
4524
9783
4759
2170
5380
364
8196
3520
6708
6820
3250
60
2092
919
5669
9025
8708
1484
753
1364
8604
4412
6036
2064
2640
4100
3637
8557
354
8342
272
1512
7741
1971
1481
878
7599
1770
7120
4079
9093
5888
736
1443
6410
5414
9678
8074
3451
4650
5173
8161
8663
2797
9672
581
1638
1897
3351
2942
6623
1986
6488
8345
7871
5461
4285
2265
8890
7308
3910
7297
7309
7550
9978
3622
2246
6320
4121
5300
408
9298
8569
4887
27
2025
9358
9087
8956
8054
9490
8206
7957
9513
8380
3649
742
756
8004
3805
5187
7038
5214
5606
4813
4943
987
6165
7459
4637
1827
9968
3399
8870
248
2850
7369
1920
6933
3926
6100
695
7458
1169
4231
8115
3939
4756
8193
2995
6071
3939
2603
814
9240
6181
3148
7313
421
1675
3773
5337
3767
3069
3918
1606
1649
9016
45
4402
8270
9891
6547
1992
591
3535
6500
3498
4022
535
6799
1768
9655
3863
6991
4771
102
7492
1966
5333
120
1607
2065
2261
1449
4627
2061
9281
3215
9638
9524
3742
140
4557
1060
3680
701
9136
4937
1588
6173
1674
6744
8440
9873
6608
3344
5479
8427
2491
3245
9272
886
7993
2369
4049
2453
5531
1858
1072
697
2880
3083
9491
5034
7676
6317
7729
4325
2380
5526
8921
9574
1578
6518
4582
