10547
97058
18929
63612
38631
23605
46742
76054
89028
12725
48689
88705
92228
91474
3310
68241
72820
98216
22063
69549
68117
13465
15181
7803
33085
68415
24719
72978
13483
63074
57707
36828
69161
4370
76469
12850
56164
11103
34371
90985
55143
23438
41215
79414
19825
36658
88474
61826
75792
72217
13375
2134
95528
11375
5570
93292
76797
30563
36288
57004
52919
48969
31161
72269
33646
32468
57650
82071
33601
75940
11771
67896
80970
67203
98608
44027
62969
87806
84478
65092
18976
98853
74667
6489
15661
53285
4381
62666
51829
38224
3167
77904
55795
32313
93413
50477
8159
71725
32093
19865
69336
94000
92749
34499
7305
64803
41046
82153
53848
33529
66210
98725
34500
64981
5018
41288
85058
8572
27958
21876
22551
23752
41858
76425
21136
10708
80572
2091
55983
80974
99026
47083
61395
28013
82713
71241
2274
30054
8694
18257
27506
20797
28616
51477
95097
49874
33211
15500
85201
59562
78229
55940
5560
27736
76688
91158
23152
4007
89557
35935
10282
18972
33287
16862
2458
80820
59375
1059
18947
88141
87192
53674
31642
30218
67992
58386
99492
31292
64523
42049
81408
74957
49975
81538
24494
8434
99487
22244
18683
62128
30480
13773
31836
29394
92293
60630
38380
15247
7227
69210
34841
78345
60128
20374
88310
95362
68953
93606
87464
44026
52669
10001
60438
94722
20544
92941
25947
6836
76732
37235
76526
36493
10139
31343
15734
98591
56324
8438
45855
66529
24866
63738
68658
89775
13121
89881
80764
10235
43000
41891
20682
71690
19827
60651
73691
91852
61270
53724
52215
27259
40311
6445
58086
2473
4943
6313
1427
55765
56507
7289
56835
74571
40563
46650
65495
54142
22086
66411
23328
25659
42546
21561
49062
24804
61428
97290
66885
20311
53301
79668
116
44624
22829
62611
21663
58026
15458
63267
54367
33222
72023
74523
93343
18853
58507
28517
48519
27538
24737
10320
31893
84306
38489
37907
59086
60804
96763
84283
54249
45693
36537
47118
49915
70334
9930
96133
56336
41841
75625
30437
99668
17063
36468
72029
31760
64776
44785
61850
86307
85411
35598
89397
68475
65535
41288
8734
79903
62462
35034
76079
92671
20773
5606
93243
94955
23098
40279
67523
48260
14541
77719
25560
14327
75977
10729
63516
1315
18772
72051
98004
59714
15868
61248
6722
54749
3044
74682
97014
97202
6169
65647
18619
76099
96151
70020
10953
68118
35782
29977
54856
73798
19629
64982
92768
7166
19052
14839
45493
49223
25067
64381
7547
78206
82560
85671
33281
47826
55072
29206
6691
63269
18774
23727
55594
36104
46012
85837
35464
58787
54464
22457
1488
37399
4268
74049
85621
22027
83206
895
30953
69622
58840
54326
1104
79433
82524
2020
92275
60431
83125
24692
14271
16250
46051
33455
85474
48470
69289
1189
19109
79989
94320
86607
448
89996
29350
9107
24594
73886
20595
55568
85070
92829
92069
79259
25143
88033
2261
35900
54901
14797
22185
34241
73723
24144
89590
90391
29151
76374
83811
53885
27521
82437
72923
48756
63671
51818
1600
42869
44384
46797
21352
32056
58701
84321
51407
37136
21790
68567
52872
95951
48955
17540
68432
78050
89008
71776
42346
77766
13676
45695
85358
70626
82772
32706
33222
39323
1678
99738
41252
62557
62535
87393
66676
19660
34355
63593
44429
78371
39829
23903
41308
69700
82960
62811
88314
32447
90411
94436
17195
65469
51342
36742
44937
50139
96022
47014
65522
41434
70152
86900
32612
53059
72522
11072
9693
45440
77436
51671
28142
92214
8212
80525
22365
91280
95164
57096
26207
86617
10060
47711
74029
29346
73568
37457
12740
35693
48361
8988
36841
88999
77240
45602
42620
47
61533
58127
44182
25653
34204
57112
19673
45252
84325
41495
66969
17397
40545
27151
44703
80779
74425
79216
53660
86104
16281
52885
90118
87561
86230
18433
294
82484
65017
37374
25810
41552
58989
65325
89044
1258
23175
27118
6592
90452
11211
80098
46488
97169
64591
24795
40040
48536
12276
91063
92689
97840
59840
42102
213
71688
25791
20931
86414
74632
55707
16585
24119
37124
36947
76575
40018
19949
70447
90946
32679
7436
98046
93474
70433
77991
95844
32164
52563
92590
27236
59466
29231
16580
88589
20721
33936
3585
83119
21175
21252
32530
71435
55435
455
55852
18177
2637
1275
39111
31305
83848
92643
88360
35203
98809
28579
51622
80704
2996
59218
73610
8312
41020
95976
87144
57380
14965
8344
62228
52812
20047
93280
87567
46198
37121
37329
29675
86137
1654
23960
92002
19654
16971
65327
19491
18918
46514
98478
18266
70903
93964
51885
27674
43226
8445
60731
86616
318
99528
1447
24665
25231
92478
16834
3467
2522
79316
51005
1195
78700
83613
55292
66308
49281
46543
40902
40530
89116
94770
67869
95805
9506
4345
32597
22521
25098
89530
54374
93672
7860
65772
84677
53735
27001
18112
68390
63619
66209
78448
30358
99557
34995
74282
69790
22641
11891
83521
39166
53372
45601
59963
90090
35221
91327
79584
73363
6424
55636
45270
56897
50539
81930
76845
44148
77167
92711
27521
13023
10837
64478
79285
3363
90154
55149
68114
87090
15774
24192
29862
33387
13434
70946
66141
94928
71864
82089
17922
2765
77909
27398
61338
20141
58328
13957
37958
47375
14394
70991
47514
30540
89896
57002
23507
12474
92080
73488
8642
16159
76420
95937
63858
81908
72473
79402
36929
85119
77782
31027
61199
80760
73589
48980
18200
4445
39903
86642
86393
6504
43588
18124
78534
65524
13355
44675
56401
66503
80999
97840
24737
74534
62822
76294
46047
80772
40715
90902
29922
5305
71691
86231
35263
11653
49448
47063
14768
37821
88533
16553
92751
82531
80177
78419
42077
97238
58397
37224
45932
75597
14049
43570
61595
52243
72688
53086
67237
5358
32039
17120
52596
55296
73564
28327
65479
5959
10641
27737
54321
61738
45610
15698
57331
56253
34071
52479
30771
54527
45517
49343
75267
17114
10985
40996
11401
12405
81384
9652
38463
50316
93631
35944
53557
29511
12657
22424
99887
59367
91088
81842
84727
98337
78454
33178
70359
63605
59821
12224
54936
28282
58587
39638
9612
16010
95773
87035
46876
45989
10316
68636
12941
44112
7953
48968
72939
12038
81614
11586
19422
11982
70828
11501
88746
36857
34309
92582
42843
71278
98768
13710
57397
52477
10098
42350
97714
41337
65288
60255
47965
83254
52482
42920
99685
37331
44669
46152
94249
49891
78314
24742
86102
31061
7879
32856
48070
58897
42767
2184
6329
55392
36038
95320
3946
55323
69297
81266
39652
57840
67435
70347
57598
31741
96593
1182
66126
19267
37780
21805
28402
99387
27892
52952
8422
78164
73571
48456
73866
96589
71845
42171
1105
44243
49387
36458
53264
99854
64382
26384
80490
81778
65270
33333
30191
15581
98129
37935
55123
41581
90460
80369
83079
83119
89210
77502
9740
10415
97907
94854
66140
89490
3984
94982
62090
21262
65894
10722
92242
53412
7423
53970
99062
98964
91624
13948
54436
91122
84672
13846
42089
90253
60265
93013
43252
12061
89544
17776
84627
12606
52523
82250
9931
13831
50274
16969
16159
63574
35207
4698
36617
18095
88116
38925
4870
10563
7872
21085
87233
79805
82691
65650
2233
20939
24583
78281
44843
71107
27015
21235
67397
92280
72245
96425
60609
58132
55010
52082
81151
73922
46716
51285
16232
10486
45292
16442
27585
43117
99002
92095
82652
69038
40822
95989
3992
51721
75509
44617
42775
80192
74349
3581
90048
54381
24683
65662
60181
26782
59409
9507
17485
45274
42672
43811
26190
79630
42882
72101
95792
9679
27480
36983
89801
30741
67692
29044
60213
20125
77543
71861
74274
19584
32538
57630
50741
76441
83349
10550
4720
38742
86147
28335
79036
35519
90259
70039
13571
6867
51554
73171
93704
76475
44789
13013
89346
66644
83317
4818
62940
9861
98985
88760
1608
68490
77341
22703
74817
98451
93303
86624
75167
65555
84800
7324
52407
996
6087
68817
94072
41877
24363
61942
14279
9931
26023
92566
80718
91844
71559
73655
67393
33836
19315
80150
38581
74541
6671
76083
69243
71752
23021
34822
96405
58280
46837
28317
2120
30842
44953
85306
55210
2063
28858
34907
28682
53565
98872
76458
62804
56927
53666
13214
16643
54235
33221
89001
96978
69962
20286
20325
59245
67586
68133
4086
18634
34966
42805
15250
93364
750
59278
37208
29181
99570
28329
87731
11523
7630
19374
93795
30002
89334
19213
47540
88447
6396
78991
13052
23039
17985
83196
63725
53836
21266
64632
40725
67548
92723
19288
15673
2842
59768
16932
64025
87492
96123
10922
73720
77641
65619
57590
23571
71025
94338
12437
43137
3797
2377
1693
66747
71770
6888
87691
78249
90265
96719
65442
87054
3051
30792
3929
87926
32875
9175
44282
84645
1686
78630
41222
34086
95939
52129
35665
86210
95101
97090
60927
55401
76713
52925
44853
4408
49127
74974
75431
27094
26628
68188
77136
16639
44651
13286
71440
52525
49081
8993
77628
37103
70804
35410
74690
47516
87752
84827
2139
77556
83682
46095
44396
88041
31556
9386
96834
45913
88797
42953
77890
70566
38437
60393
58328
3253
92888
85431
9766
98282
11512
89268
58165
41627
81149
56608
81142
56430
95580
24113
33462
72123
47621
41024
31266
56623
83564
41596
31927
55798
17744
11067
88563
39596
76421
96612
79874
93712
74895
71146
5881
82281
90773
16681
46174
60238
15499
12985
54005
37258
9969
74003
32121
44489
59182
79929
90786
84661
35443
16643
83271
22582
22283
20541
80533
26441
97409
804
13125
50791
61147
37654
73412
38372
19490
7204
64962
22491
16322
46397
8970
22195
30915
54377
15494
1726
25087
22656
38697
31179
22396
67916
92124
31703
70600
61229
98346
25592
99200
6627
24384
56932
96206
21946
21108
26733
4659
19427
68904
16986
92736
18372
98599
40531
40063
60471
49613
90868
21941
27363
42096
89207
50026
63512
43606
21043
61500
10705
30109
28598
52159
43558
73778
23047
43341
42829
27661
20488
68120
40415
3951
52573
61673
27037
39757
59471
49178
61682
31581
77719
97907
17308
75693
90595
60863
54593
64112
21026
91223
29557
35979
36752
45710
11918
96114
23242
13836
55675
77559
37869
65999
1093
67270
20275
9636
95481
31831
8970
33424
91395
59402
87488
77523
59687
66314
29712
920
16
61866
17072
39304
44658
71202
39474
94127
71209
94260
84543
15976
62042
60494
7405
24430
52691
51011
46952
67564
20166
42908
39793
58672
29989
97682
89577
76565
92212
57969
35550
98631
27223
18045
48725
57853
1972
65917
62507
68590
2867
58516
98407
51999
83908
46507
82721
58930
95681
43814
64653
38038
96667
19922
16504
86918
23270
11474
82603
82549
44098
40109
96966
72265
1155
68924
86555
75004
55277
5168
89814
79930
18745
41385
71657
36937
83313
30363
18947
19933
69729
79182
13869
23319
97500
61888
88627
34996
28012
92035
13604
18150
11070
87159
15447
37779
45815
56042
198
27810
45254
8512
56448
38164
20772
51250
60808
20030
657
49942
25738
32123
60467
14961
61519
67403
69035
3453
88643
90346
29338
84325
98343
78245
99545
29255
44266
90855
11404
23019
33582
12602
36315
85748
76589
33889
42659
91204
24739
80070
77537
65823
87919
47644
73023
30208
44953
44079
56495
85201
59177
8778
14945
95123
56251
2150
49614
13994
77476
26647
33606
50259
15207
94716
71158
46509
26673
61549
35990
30344
83010
4047
6263
60524
5933
22760
47311
93358
94668
63182
14300
27411
63508
12801
45244
1808
34639
18278
67897
81804
35024
63507
27988
10110
81280
70741
67323
34804
95890
96571
95363
2610
71774
20098
62723
77474
21552
32591
13452
43499
87861
21643
37545
18832
21350
74184
54926
46329
61855
30129
72349
13960
80165
804
43603
79928
42709
4809
47365
6313
37089
94236
78936
71510
28272
38941
26819
11162
96604
67557
50649
28820
23232
22986
33551
51295
21695
685
94678
24080
15042
49301
27302
68440
67496
90655
52758
80332
30492
54700
70780
49568
1614
68319
20463
47393
92680
25282
56995
24336
31459
99404
87430
35720
12429
99246
59667
73932
56172
60378
62241
94938
58582
77582
33501
63031
25799
30846
17907
56507
2700
85495
13043
13625
60482
8608
7624
99915
42175
75461
45953
53479
32944
93440
17977
57891
12217
85013
68994
80128
35918
72286
71767
63303
14293
37706
8690
21981
18069
24297
95852
77732
2303
49865
10724
93729
23666
41748
44849
24499
96448
26001
72475
70832
25210
10410
28407
47596
31386
54624
88635
24607
54118
72592
12245
90123
9879
43115
99857
88679
93087
90574
5149
70957
43217
40958
70647
38711
54180
33501
56164
88658
79425
33882
56260
43268
41801
73515
85515
36107
32678
71018
56079
77341
92106
74015
57144
65408
41083
27067
91626
33151
1124
70085
1205
23716
35845
62700
33282
84574
92483
44456
74708
74629
34436
65074
99886
32940
76592
36800
20937
19559
18726
81712
97291
18510
96990
98499
30094
43210
98674
71091
87142
9073
24363
14101
1336
48651
17474
53160
24824
28185
5353
86860
10472
57481
62876
11075
42121
9240
19064
9845
38747
7582
80412
46313
74733
19592
18048
6665
13833
34993
66928
85594
65955
15477
82083
50764
69614
83501
90650
55017
97352
8569
41890
4545
82836
89491
82965
86799
32162
70628
64056
46282
69338
59911
51564
78577
87227
72789
9811
52547
40743
74504
9431
63104
59699
86866
86536
56437
22671
59992
52683
26132
10552
29908
21034
39890
95020
91043
28412
96511
17763
41988
41330
98796
78452
86939
73983
12633
96669
13232
36163
18356
80729
85614
36112
96627
59257
45861
53087
73300
21020
51739
31305
6211
79539
69203
57257
5858
18624
48977
50691
58593
14690
38423
25788
34144
52330
17313
80672
29078
8315
324
12551
96885
80572
80606
27450
33451
30752
71478
1352
52464
84845
68902
30301
37716
20281
48372
71258
89847
7879
37319
87176
15558
65324
69996
98419
20100
59830
32332
11761
67493
54321
32935
30320
43209
4905
69662
94850
58812
66631
95596
77943
63743
15743
76553
98964
29491
83459
69918
43017
69499
98218
93596
16019
74138
50905
10845
16624
37765
86219
43343
66429
48256
10336
33510
68135
75375
76588
31805
42499
82439
25446
42770
76099
11450
79998
13126
52777
68873
84062
29238
16001
31472
42720
71841
51275
60223
57763
46137
16145
41391
70792
58744
66841
45272
36106
52837
10068
9159
11883
33460
61539
41875
64906
84304
62068
32790
88687
43747
82605
28252
8652
88908
43442
10130
46758
73960
34557
3974
26268
74087
2979
14211
27344
38208
2622
36209
29321
8381
52811
35275
73947
61946
31006
80074
74639
30319
4796
82331
88075
93414
86719
27375
41925
13924
75004
92594
16960
95676
8801
78770
5382
30281
61834
43149
21982
10989
9921
67681
38888
15111
60238
74101
6043
46998
80177
42995
85551
97555
40457
10832
83410
12097
69687
49921
99828
30596
35536
95363
83602
73953
52996
22377
68702
85656
92288
65173
49223
71158
21258
52862
72975
65882
15680
11637
50520
46398
3419
23597
49412
42141
77229
89324
28258
10965
3540
42331
15919
70282
94710
3357
71341
52507
68840
56894
71659
38764
57370
99963
12484
32884
36526
3503
36226
33566
25905
72094
43594
55196
58390
87422
82274
40927
49360
7950
37586
18527
66092
79511
74297
42976
25779
48667
97330
29516
53884
4868
5507
98343
15011
67105
26862
61124
95896
85087
29551
18831
62884
43374
36167
25211
61878
11338
73481
12480
6420
93981
63147
83528
83441
6068
28632
65537
36339
71664
3504
9555
68576
61483
34241
4786
99448
21349
59305
44670
52295
35586
54910
65309
10468
21997
9901
83784
74394
51625
63610
72900
71989
8432
8792
9641
72059
82811
82634
28035
6284
47246
57166
57681
13536
84317
762
93751
61788
69047
96354
77360
50311
40560
26175
81435
57848
99364
33184
19815
18285
98693
75962
40003
30036
54253
31155
62357
50709
46186
86693
78076
84255
68206
39769
50547
54712
60619
16444
76564
56381
21949
71901
83688
79250
46860
65333
15363
63314
89032
74080
36812
41954
48600
73950
46642
45334
4858
91726
85454
48196
44036
66537
14857
99734
96077
11847
31618
43212
48099
43503
90272
83569
56996
88530
94831
17390
71598
91361
81637
56661
47241
85832
77852
19917
77159
17397
10745
93036
94144
91793
44315
93430
13996
26334
33982
40672
35465
88755
62166
68481
90777
46312
51029
13704
50003
12751
17925
39630
87150
99756
16080
34949
74148
46850
48933
51245
48481
17004
62881
10851
82759
60700
3754
56411
4617
82760
64441
69169
93967
62062
99996
45554
96421
2705
72603
34982
53222
1796
79948
5513
62456
80686
84696
66499
3172
34696
52962
90359
32944
43279
96531
7404
3841
29748
14289
45225
92457
29604
69072
91953
93224
84602
99980
99308
46848
29599
43292
55593
97489
49611
98994
52518
22107
24893
56230
37472
61562
79194
56469
50453
47562
95322
9765
31680
48826
38712
19908
70339
44866
97544
5855
62514
45973
59438
41029
39394
11271
80794
41020
15181
58986
4988
33062
72076
47553
28854
82470
21799
72647
77818
78931
6069
16808
11939
16663
40573
52766
59089
82358
58446
62853
10523
41035
50047
81016
79796
43405
20003
74733
98699
86050
12877
64072
85754
33295
10756
26457
88007
13753
11615
98955
54505
53683
95270
15447
88410
28666
56142
54294
68130
89042
53853
85968
81045
13944
88999
86164
26779
69964
46372
37376
7201
75839
1667
39538
18738
590
43049
24566
12941
97497
12637
11976
8707
45913
76283
53307
20846
94823
49608
4135
95957
63420
99174
59958
15517
44430
50918
53954
59311
33726
41993
29026
14239
15855
45700
83540
87027
5494
76819
77037
39114
63976
67335
99756
12879
60853
30493
63222
35687
57654
50224
36821
9269
75328
27523
20241
85901
23796
40533
50866
51968
50597
65803
30387
77122
84896
88908
43334
4740
73044
16690
9657
56789
10720
46273
60614
83914
21910
88241
94991
85670
37377
3345
15079
54487
34059
36017
23195
87128
7533
62927
54741
42252
58040
18206
46654
49898
29258
79022
10767
29705
55400
53227
29971
97663
73170
52701
83125
28441
12587
20301
19829
72690
16273
93594
10936
49070
66495
10695
97657
45414
59345
8932
35337
18511
97459
61519
93478
4570
68072
33377
57440
55867
84008
27779
19175
99978
27230
82943
62398
30490
37953
39446
79128
13452
67352
53688
39520
47782
44303
41806
59883
25907
49456
50470
40762
21930
19943
83886
45717
13266
92175
58759
1619
56902
92180
41322
79976
44805
1528
83880
13967
41477
78270
54987
56636
79399
86125
99934
60193
74173
52414
28372
13015
68488
77951
10291
91033
71674
77816
39369
55002
83005
33008
86555
82550
21857
32084
33025
44995
91398
24168
99334
73089
67280
95505
73844
68451
46394
63506
1791
8014
28865
86581
39785
51047
45129
46564
90850
87615
45091
63854
74678
11562
81853
62360
19675
27902
33147
42277
7908
76725
56641
67897
32483
47113
6606
99121
63974
6423
64270
68620
34756
31452
3228
99177
27213
54274
16355
2167
12741
38613
23831
88690
13052
98830
66334
99473
6902
1731
90386
6402
65795
28679
91808
16847
102
19541
13250
40544
26915
74277
44963
87551
57780
94805
49583
50484
44316
73460
50661
17361
4696
21696
54587
368
63494
463
59386
26634
1484
10415
39770
34959
76339
9861
54799
23823
32986
56557
94672
69884
53675
1530
63635
83616
58318
767
83388
54454
17030
53658
15472
84729
86682
44646
2491
52006
86728
69037
37587
13506
12561
43941
11940
49405
79503
26815
53985
84432
61864
92502
88000
101
31945
52012
78081
38213
86993
33382
85362
65583
88287
99125
55884
59683
97393
44623
69520
13161
685
49864
53697
1344
16712
13329
5731
99274
31081
42502
47431
2524
34321
76233
5330
45665
3238
43782
72426
70171
2232
40502
20728
18666
57568
95224
16357
60811
69512
81706
5390
46826
31462
26129
47967
55994
59976
13280
12653
36731
19099
46662
18542
16843
71507
99473
77167
94532
30409
82530
16752
82498
28976
50612
29207
72956
59732
2800
90736
94191
96878
9455
89513
94939
54833
24685
99320
32776
89451
70461
47527
48301
20112
61227
54159
90403
38603
18051
12988
65745
5752
44636
29430
27606
23075
90603
25212
42563
60776
8501
46539
62192
14883
81800
465
95426
37985
21676
25174
91476
60064
47711
68618
36885
68377
52061
45620
96163
31384
46823
44703
76419
54765
50193
75394
75990
97425
88041
72096
5686
16865
51136
25673
96995
4450
82042
39651
7090
36068
4082
12165
24846
7412
72256
10167
99430
73373
91379
77926
50312
70882
79597
79393
20520
19704
69614
63830
17585
6962
93483
41638
72840
28290
89231
24417
56777
12065
37333
45793
8721
55579
59419
30535
80174
98819
73422
91647
68759
93199
25845
1665
18871
10365
2831
12876
89804
59221
41919
98891
40479
82896
61481
21587
56730
1380
22272
17490
57922
1366
54533
25854
4184
34911
22537
26500
46185
38642
37086
72275
10874
68071
98270
37667
69270
77275
14305
17867
31980
15573
75593
45978
55005
28881
44485
35293
92183
81075
27390
69974
1828
14897
76479
62149
53764
20000
59860
19492
13978
21791
67362
82249
99884
55390
72009
68548
72606
20089
65297
69939
77145
2194
55119
15418
74409
40500
81150
40650
55794
17084
56583
26952
80359
9698
84314
65838
23212
14441
93038
55120
85125
64320
46165
90129
44391
37327
14632
34852
28610
82303
21129
74040
69560
87589
19403
47513
1762
31355
77464
23880
31008
42932
75886
83771
85028
48676
71031
44806
95426
67884
63560
61679
21201
73209
80189
62062
8996
50443
17049
5937
37494
75522
28349
80027
49603
39280
41365
34172
13511
44669
73898
25181
85787
39902
1860
71368
9615
1719
20139
16504
12800
83294
86601
32129
45079
72159
5077
47806
52551
43910
91572
42669
97083
77375
70271
9018
99263
93757
25622
13207
43303
37850
59020
93946
10927
33189
48095
69907
52535
9882
67748
9509
3331
54413
17348
19699
64717
12927
21406
39900
36902
63980
17297
96732
14836
51685
29785
44338
82204
75946
18695
47926
857
27860
97497
89478
44025
83766
59131
98638
56040
82573
62001
2493
53756
70305
11255
49650
66119
25797
45042
47805
78833
66959
71003
20830
20100
27024
44057
38761
87569
9690
28423
80531
64321
85415
67632
67392
79022
96909
30071
79167
94811
98760
21958
46116
75898
73147
73139
46062
38664
41027
499
51424
2652
88947
54807
25000
62319
45068
97201
89919
52196
2578
27664
40187
8481
77667
18328
90143
45802
74503
45379
58387
78829
41645
83721
70384
12174
27656
80415
13629
67126
76400
19300
8112
68475
15808
92197
91122
34687
51924
72514
91498
82608
40097
59438
41024
28452
64897
78432
66410
18186
32189
48743
23003
25467
88390
74060
93834
63003
91023
40726
43360
26453
7083
20768
98420
67208
46305
20548
15740
26819
4129
11709
24942
68191
90869
47173
79216
48102
81300
34478
61930
45096
31512
55729
85408
56549
53333
38493
46866
48096
31245
19697
49881
47924
27418
31570
15696
29532
5889
22269
38252
95667
77326
58519
16177
95788
31245
43824
67986
77076
39793
26891
24753
81528
31217
96337
17208
35565
11769
96640
25955
52021
28870
953
77386
94918
38465
34667
20977
84320
27908
24730
68037
95520
56264
73266
7808
66483
75900
32108
44050
72967
79723
63071
55197
27769
47530
27379
81022
88556
22476
24428
60890
70952
84017
42569
44991
6582
45711
20275
86645
76815
97338
53059
81145
84979
20192
5378
99295
9982
39712
850
98545
37760
49875
61755
37079
53815
92816
83750
60664
31929
40796
67066
14901
92903
34572
5629
92812
54759
33628
17224
97237
86306
9641
58815
94442
9593
42556
61549
15888
10145
98167
29658
72203
66261
37015
20951
21735
8320
6377
64330
53481
81992
91975
81443
35130
51843
21186
61089
12116
91767
87276
65751
87501
29654
33977
87172
11508
68371
55734
5328
37755
95356
82182
94012
40922
10998
82245
35466
18725
42094
99222
38421
60018
21616
49183
49693
63183
3573
11922
83607
85685
52875
73343
83671
63752
2232
19085
73215
48247
42783
47373
46593
17675
55095
90172
29545
9371
95776
11133
13708
24212
75532
84842
85813
34017
97709
98660
64308
60451
57153
199
31205
87696
99081
45726
5396
60001
74509
60461
79741
11014
96267
98638
95723
83853
50779
50478
93822
85981
71391
3852
95126
3300
21937
41021
97198
51343
29715
92458
1784
42714
43517
80164
69126
80296
88911
59096
10560
55400
55620
79686
82406
15514
55419
86225
12927
57869
51628
79313
73833
67097
76236
5591
55250
64560
34966
24826
40296
32196
32578
81730
14989
90932
27377
54404
21225
66384
68393
11240
59418
80639
16293
7103
86958
43562
31508
21365
14465
79741
22417
51997
27496
74709
6271
79170
80974
20507
39601
6955
92060
25027
64610
28746
24277
30262
40361
55083
31505
25123
17506
49718
60001
45450
64942
71562
74498
57125
97690
88772
28213
41533
99892
48546
99681
79775
13675
85370
56749
1116
45198
83816
66181
6350
13997
56959
7582
75787
55913
44330
31338
45116
48290
48179
8015
55514
21511
64368
38227
84018
99527
54512
4698
15567
72033
25422
20900
40428
67505
86436
52304
49581
99309
78273
96879
1596
92385
61010
92657
61191
3831
85919
39733
44518
71043
23082
96361
18784
91497
10175
74797
43708
26890
65485
96215
4915
4185
79265
81677
73320
1908
92130
19602
65064
3583
93151
60382
14894
64188
97259
45005
5733
59106
60522
66424
54686
15451
92151
63856
66660
84427
30671
59670
2658
8662
94456
57292
14472
91798
84182
59662
86191
93721
15457
17419
68566
62979
36069
14187
89414
62170
88412
67874
7301
20299
13050
94599
22371
37804
35999
5221
33530
22820
65992
50055
14738
38474
50130
56579
84186
63099
10548
85388
92514
39506
87850
95282
32732
30203
17158
10474
50338
54060
27230
39686
41710
28189
96756
1439
24881
71434
52913
3935
54111
99599
27590
91754
89750
82127
10997
13069
75664
61133
16047
78991
12970
12309
31490
10074
21347
11072
73005
64188
24292
73060
42442
33738
80609
22313
20572
92588
49728
95385
20504
19302
139
53278
64623
91207
89975
51272
43315
96459
52944
82574
74348
68432
4688
68373
53463
93133
78547
78850
41083
77343
10202
69664
86963
98318
47170
62701
74322
40186
63603
40328
66751
61026
96320
52568
96468
35021
4472
61125
67749
66234
35684
33495
66916
44049
33082
72798
67986
79423
80041
88402
59589
88699
27328
95159
53505
21700
80746
14588
11077
33165
70523
31192
4971
97528
48718
1148
27764
5785
90691
50962
64609
83468
40426
26067
99297
88128
62791
82472
884
7882
87159
67605
74671
33914
87211
18127
76249
25402
540
95039
30670
84699
17269
79700
51815
85761
72764
57336
54042
28787
36962
13603
83667
38872
4667
15437
30578
93816
44172
6209
60447
21890
14007
24293
61227
46154
28568
18803
94885
3345
84600
3917
79689
79118
25257
14707
56012
59301
30331
64813
4489
48924
82368
61813
911
34036
59811
74170
85377
28602
98886
22055
70320
93115
22903
85702
14228
86608
7625
81366
43723
46151
25079
5892
3360
46848
4099
77645
69680
56410
83729
84319
1163
1329
65450
31787
53817
14584
77031
93758
46678
89468
58130
60563
40607
27032
96685
11587
30107
72028
33566
18798
54776
43976
72442
56183
50927
56308
35383
85665
45878
9060
95321
89597
91510
67957
59857
85662
95987
5164
67025
38228
77654
58514
31141
51065
4046
35429
59196
32893
85823
1632
18395
55229
76482
4023
55473
48751
45633
13525
2658
11370
80728
4575
91413
64440
9762
25640
22336
19526
58650
46004
43726
71797
99585
2146
29072
97401
46176
69247
51288
69947
59638
94211
94357
42868
35919
48306
37614
50589
38848
45807
16016
65532
88249
78790
19995
88308
28592
48178
33480
75247
50827
61394
24823
28138
31302
37674
5419
87590
34111
18674
54010
68762
66319
2313
21903
80650
25469
48875
61785
20548
7705
43469
15725
57401
18841
54200
73136
20811
54912
72315
58152
94272
70230
33707
43917
66674
13390
22085
67933
52226
29838
84419
20491
94980
98028
72218
70613
15577
19346
35024
74819
95672
91202
22168
97153
38616
75011
53494
39693
94321
18076
98185
14208
79651
13917
55434
16410
25076
8038
21367
29548
76753
33464
70893
96612
96564
51452
52659
3537
2149
16218
89025
28339
15983
78856
43056
5258
19795
95909
77748
73726
48999
482
99026
88747
2210
71488
47042
82999
50283
36613
69744
90638
10120
43376
42991
5673
72209
24675
82487
52470
78267
3083
79162
17219
3102
38733
48872
48445
18151
27417
65866
47954
84985
74431
99110
5655
98040
5686
99019
6772
73553
3221
1673
77861
95378
29113
98246
94523
89089
44820
47340
91393
90497
68471
95902
95059
48083
61445
50135
50509
72977
82333
67652
87992
47940
77696
93251
85229
84745
71689
6834
47740
40720
97036
21595
19815
69334
72345
27066
16986
97339
80836
49486
50562
81974
18732
75888
572
15153
55116
49245
66200
34497
63600
92506
41083
14371
93921
36672
35959
76899
75495
23696
52867
11022
25944
50607
19130
77125
33548
30727
55217
70147
363
71285
8817
82402
7685
32149
18859
65369
20782
50151
14642
86782
25568
49464
5771
51059
44204
76915
55952
61037
89018
58916
44824
57318
76493
2489
62896
51744
40371
77619
42919
13402
63509
38500
9076
14552
38693
59828
14414
69742
33282
52826
84687
37367
26250
98319
96605
51737
60576
33956
31611
22886
39334
67421
6948
31035
83374
16176
67950
29096
84654
2580
63419
84447
64988
55610
68705
34114
11554
55278
83114
78028
186
91488
87663
3838
83207
19696
9629
62359
6184
33922
10102
30191
45148
59679
44474
9107
7529
87812
36121
43509
96917
50201
1614
16243
98368
14047
26520
70677
40868
41186
1040
56556
75225
37540
45992
50107
95841
93270
8125
30467
8963
24576
91072
75033
63620
31628
26545
45861
39909
1303
83813
44841
93068
19560
32673
77433
56132
28204
58317
16463
52483
95490
38333
93178
11293
92094
89409
53768
49303
79051
1299
20879
26591
16558
93700
63393
78209
25095
3132
58738
29693
96580
94084
96047
5695
64741
33138
1086
21826
11047
92189
33100
13641
82417
16507
96726
43327
35203
56317
85544
75666
36796
47880
38453
66136
1831
17826
58759
5196
45717
50334
84403
98330
42716
10611
28668
62536
83045
10656
28356
36469
81593
67676
91555
89005
76839
92346
11240
1058
43754
28622
48892
39882
4496
73431
60858
40251
84094
27600
42551
47000
68993
21405
82882
10830
54753
87102
30294
6772
37791
78661
70385
42437
21257
11956
87053
76442
67498
27913
43212
28879
88766
68107
75121
23870
73146
12897
42096
6303
83859
25107
82607
17380
85698
43325
31098
12298
54046
74448
14889
14028
55739
24258
28543
4173
97464
18241
25071
74698
98800
59852
28058
58919
73290
80825
94385
66696
73768
13245
38679
6308
86695
6166
31622
81911
33880
17992
55552
64878
36850
52750
50462
86262
2513
39428
28632
54315
35327
73059
26001
84148
14779
83452
89609
56534
15274
38684
10797
5750
26135
14814
84200
55862
41208
11162
40348
96165
39428
1064
77876
70088
63648
41710
56065
2122
4654
76107
63207
64755
45543
88042
96262
43177
92292
78910
45479
97224
93988
36228
85735
62100
1594
67961
15773
20826
48731
53492
76597
6097
2604
66767
82954
79327
96569
3838
71592
49562
93380
7902
95950
54413
80063
7393
30697
21989
96028
48586
54884
21507
54910
83592
40598
89752
57257
93223
56227
31521
46454
21798
33366
54883
4846
47167
90298
65172
44960
55701
61414
68518
32501
48733
44065
8619
10133
3492
59995
56365
51435
94428
52161
40161
43949
38257
88713
63142
608
26396
15691
8332
46357
15416
18693
32454
60543
94573
77108
89566
60473
50005
56262
31219
77005
33134
38020
40885
71378
29263
41690
47927
56863
63127
74475
58133
15160
16600
680
71343
27306
83692
96838
71436
32096
33435
92808
82490
11149
22748
95080
86214
36134
60
22577
95873
65632
65075
10309
86499
59843
33635
68358
79936
41029
88141
73791
91573
47239
76993
19341
34437
2859
77155
93165
76379
6596
73092
64961
61322
23206
59483
71794
84989
95621
89521
53035
45216
52224
70991
43612
3654
345
62004
55254
20481
648
64236
14911
14567
40839
50474
390
30932
52240
81879
65366
27620
43401
85679
72290
60185
86974
30251
45500
46957
38276
71132
17699
62447
86100
28635
52753
63500
43579
46277
75913
94692
95370
97078
80532
47665
14271
78038
99385
41352
10976
38358
30894
62216
58124
56101
67932
9063
35322
76482
23610
41226
93034
14637
44019
72013
54009
49421
30680
96051
45739
30902
77523
50766
7346
36211
24558
86383
24270
32189
37462
75789
19625
92837
9266
89410
314
62388
71748
59597
96900
11532
45062
8604
74921
8671
46239
70462
76511
13973
78030
41936
3024
40919
1669
77247
53942
34985
52497
89308
13392
99308
16078
37642
2512
54930
36903
25833
27592
42146
42084
8558
48032
53656
74641
39706
66130
55067
61595
95346
50004
22378
44541
69718
59310
62648
55099
16219
46698
17291
89984
87757
97891
29662
55773
60131
89068
4615
64824
58268
972
25723
56191
25127
50786
82810
85027
34952
25873
88310
97002
86313
83572
21211
82762
21820
4565
85324
10395
56725
42521
71545
95242
94445
89226
30760
27506
86813
86996
67197
12537
74607
22770
23044
52107
19838
15558
80652
8844
35303
47026
59365
7099
6205
54242
78711
8822
82314
24491
53652
23677
5847
34348
77175
89297
6555
91821
47340
79089
29672
84762
85794
2777
17428
68451
42047
2085
65696
31365
39427
91258
42370
33367
99776
99212
2841
56982
45223
91567
11489
20747
87628
88122
4141
17146
62438
32783
74926
67303
70671
17390
26235
74110
80990
63288
91405
81264
90103
17274
11258
76949
20814
90215
79429
62706
24894
34910
16228
55466
42625
33167
68389
64601
54484
55914
67588
85699
92079
93847
45862
51422
87816
99873
3746
48003
35797
27353
1206
32886
23661
58983
80565
48570
90721
73828
20837
98044
61123
97301
37282
75177
63949
4181
39561
52508
61100
9735
19273
26984
36681
84411
16269
61779
97495
91631
53338
25395
68949
39560
89488
41925
61540
65294
63783
56113
4628
36211
25988
49986
98757
27040
31169
9772
88911
80001
77834
4417
21233
45313
7485
55428
6647
57851
56204
76549
20674
12739
59346
28679
25625
62386
5716
9659
82747
73526
15969
78318
6241
46177
88889
38957
32357
19755
3785
79564
71561
99935
3465
77672
68312
91838
79316
89142
21478
79867
477
5542
2062
56296
12908
75358
49561
25265
252
76258
37359
65043
94984
50927
5750
33427
86061
452
1707
87758
40777
49184
92846
22429
19195
8395
11676
391
23888
96305
73655
60813
21455
88872
67999
14646
46839
35646
37321
1912
93678
7373
49023
89201
51661
37595
61572
7399
27211
53399
51235
13541
53244
94675
46792
88446
6518
48089
87631
87166
26350
1607
84829
67673
31577
1510
73304
19605
25734
52658
77195
51716
94215
31092
73893
74034
50755
23615
97443
71681
99189
67583
51637
24255
12104
38638
65168
52658
77064
883
90781
73766
4658
48441
19941
45654
11419
12904
8932
44693
53436
25694
34342
13799
85288
98702
69791
47460
48839
14180
79280
99617
80691
67106
14843
84116
72769
34788
44291
57042
37114
44392
35535
74743
60381
17995
92909
72108
25041
49431
53422
16011
66878
61949
27448
24131
82130
19714
70499
5850
4637
27126
59217
46110
23424
85763
58581
39932
45225
46553
80033
6163
97150
42533
14799
87072
73780
18646
8246
95575
22989
30583
52959
12188
3519
62317
32115
60802
93020
75410
86021
48282
46794
21655
68516
11425
44598
1397
66220
70412
6062
25014
51672
82639
43304
45923
82630
12711
42597
9758
46725
26682
17040
28067
44426
83013
11525
43040
50296
74476
66500
40728
85327
32969
60954
90445
50490
93562
60812
99289
53318
11240
32720
13131
12027
17015
7838
81376
47566
99237
40505
55825
25375
88644
74761
54544
64313
5706
67477
36599
31855
12684
36742
31897
19974
93204
1650
92412
72024
48813
56762
27053
8037
29141
79861
96056
1978
85727
96253
48976
87970
29806
37964
8957
72550
78728
71210
26209
88948
97732
38520
53746
55186
67101
37683
24194
2075
35635
99393
18714
67525
45319
82620
53042
6517
69895
75470
3017
32109
12374
67339
543
85929
16961
92601
7342
26999
19411
29246
86005
79459
4626
21751
12605
19932
92331
69572
71740
75483
1883
10562
15523
10189
33778
97146
91713
12498
14724
46454
74029
85567
33512
67487
61945
42622
86240
35560
42692
52160
9647
8269
74053
63545
66013
4025
42471
40667
90801
26872
99265
16891
64830
11908
15283
77112
30545
74795
59622
43772
87243
45503
34292
7992
78534
25366
95395
18350
76903
12377
19821
10934
11600
33793
7827
95549
88745
94117
59151
42999
86775
302
7599
86247
57406
76195
26757
21046
63826
38067
3846
34217
54576
62261
71516
40695
42404
10578
38252
60902
82364
41230
90634
44303
19073
47161
46526
45811
74148
27117
57366
10629
66752
89273
3044
15610
10213
67464
58419
72918
34855
68502
63692
53098
24577
82782
14983
41539
40932
47059
5278
65609
68514
89263
94191
84064
8638
6305
31032
37430
73814
16489
45389
89026
29546
91483
63114
53910
9271
57819
76476
31443
74702
89721
38686
15715
32721
54445
11714
35853
346
15679
28759
42692
90734
92871
14300
52735
12067
34538
81601
84868
27637
64953
70706
67096
28887
62896
42960
41426
29012
97824
98758
13489
97250
50551
20367
63887
96322
50325
76835
8243
40146
7348
47201
64008
71867
16263
38367
71165
51032
92622
54044
9444
75180
58787
34573
19495
5551
66974
25239
6525
8346
5449
28204
45172
3432
30398
15649
21323
41916
49840
73532
10471
61398
94778
80327
76580
50740
18818
8812
62666
11300
60000
48297
70855
46451
97770
26390
76850
20716
73039
1268
32841
20282
54552
89969
94585
42213
62074
63889
92988
5873
10287
97781
94021
49524
71239
29314
54031
95827
21154
96372
28320
77728
26679
81404
37911
49910
98762
25344
60833
67286
36653
63795
41816
33842
43756
22369
9287
31302
91474
29943
99234
71898
18290
12071
71802
64684
21207
43460
40804
68423
66965
38907
63094
85248
83259
47344
91832
96301
96217
12080
61893
59218
41933
80029
85789
78735
84749
30442
43708
10579
75186
28939
63461
97869
52859
89860
97543
51593
40498
69408
38370
46201
96801
52082
87484
12705
26386
56411
35731
30170
81094
76780
35210
63307
4745
14380
99113
36860
83501
71331
10841
49243
38393
32333
37853
90737
70885
65027
88914
69006
55284
76134
1538
74975
89856
46091
91161
31583
814
91694
49849
57847
34189
66030
76133
45044
28014
59139
72740
20978
55182
44655
68054
67434
30500
86872
80114
99495
57412
7605
90892
69405
5628
869
98439
30899
23242
4117
37260
6405
50187
90899
789
78791
22254
54459
19185
92599
9604
22151
60584
9461
19032
63418
51044
57249
32195
38088
77972
34188
2307
81938
1732
92069
29178
27018
56366
69223
34675
35945
3270
42556
7185
63712
24827
65709
71891
284
96831
21680
98933
18561
34190
55978
23652
67140
56362
25961
31263
27363
65545
63378
49051
20397
11281
39772
20442
52338
91989
94348
70790
46308
66344
76318
32004
33280
82605
47007
67327
97879
92255
51627
15565
65001
54820
57813
82953
76289
98157
82989
62979
89405
7444
86069
25165
57688
12332
6873
8508
58393
8054
58212
72049
8256
48125
66822
93452
41687
31706
73064
35605
67268
2548
44860
34273
47499
68787
33111
97869
58684
94043
15174
8363
49482
63113
2429
33690
15823
41941
1897
50462
59202
81389
51123
55028
17639
39858
38770
51640
81258
30544
52921
32485
21811
88395
53681
90258
15087
2665
92319
1447
60415
7553
41421
98401
65685
39610
22708
49409
92288
98278
65738
93036
69816
5605
80195
89321
84941
58564
52819
396
52810
45669
13018
24404
14667
48490
61575
94483
2384
29674
67934
14283
6754
75554
83993
74973
73866
77427
89236
8850
67175
48384
9596
10871
70135
16927
64797
90631
49051
88465
25789
9884
18744
42717
96354
133
63839
45872
77021
57598
28372
63742
26774
32571
26436
78846
18644
5402
74386
17112
35005
78094
43319
95216
64259
33025
41978
25592
14944
49888
72318
42715
23408
90648
67303
66209
51895
18303
11602
34305
58485
70435
79320
92177
95090
61585
10079
82410
58202
10101
32530
50683
71202
97056
89812
39779
812
31965
40627
35736
73904
98564
98718
54399
71579
46511
65209
1226
12633
12686
20760
8560
82384
40224
3041
96890
53006
16058
44187
45874
37801
99108
61358
91904
21832
19382
97866
61825
46887
22324
87937
80268
24990
61186
22363
43096
17812
66147
65661
40451
84638
17648
55785
52390
51414
38694
21853
52099
66753
13462
75821
88696
3785
75584
3683
27786
93514
90329
44290
26282
43532
74265
44227
37810
8789
48364
55323
50450
32870
22767
68961
59303
60030
11223
98351
16578
67017
48797
99732
14113
37267
62334
20673
4801
42761
8911
60882
74137
63707
66671
80198
40250
35458
67080
48637
28783
87815
7080
45021
26357
48622
18690
51165
41658
90654
69698
99273
895
65007
73218
92467
23940
42938
10778
83832
111
42410
70654
72894
9809
64726
28547
15722
27560
81987
96715
24037
87528
63066
91701
55072
52722
71879
90885
38724
98858
27877
80526
55666
76254
56626
91023
56801
634
60169
42747
65366
85903
21262
14610
6513
46394
7845
12635
51719
87606
34123
4183
98860
728
81174
37773
30764
27759
88717
39219
87988
24349
33329
52307
30766
81233
36297
18826
48097
14293
68984
78188
43351
72500
25602
41653
91544
44423
81283
49871
30452
19047
29619
63798
98785
58496
32542
83479
67316
76000
85535
14016
76796
21560
66922
32852
22668
51811
84794
82904
99274
2491
5423
88588
40394
5799
31541
57069
80404
32331
98890
82556
3747
75141
28055
23586
31805
58285
23320
8727
48742
27726
2364
86350
9608
62590
41052
56942
59905
2996
79356
18532
61893
39240
67139
53927
63033
7181
64465
96742
45658
12587
19578
96667
1342
41624
4625
33997
1018
28052
72470
34476
71656
72293
87225
63942
14690
97617
41483
69956
4627
14195
76971
62785
79701
9176
20279
74770
78609
81726
23119
70354
67907
6024
37495
6052
17651
57073
63491
46037
80225
7534
36076
37802
1298
70607
76021
15529
19909
97751
39912
50162
1634
99260
57629
25454
76765
42619
94451
67752
99597
36071
59590
54021
5666
2957
50768
16300
34814
18250
47862
78613
66154
27629
84860
91410
84494
9046
42853
3327
1036
64241
11865
63864
59842
50629
98483
21845
82862
50630
98352
66680
32910
54043
58084
30882
94479
18631
44262
57537
5273
25993
51364
97657
29493
13506
45039
88916
75721
14768
13536
93709
24023
83672
36367
53655
67991
70884
76121
2729
17036
35100
91900
6589
28429
44408
78567
57388
13286
79255
75613
15356
55231
13647
95201
85246
71815
25259
83516
71497
3324
79584
14228
61885
43267
83389
95370
47582
96748
10974
19200
30296
8098
3007
829
55428
60022
3098
80712
33353
36544
42896
82310
51261
51080
66450
55095
59744
94760
47296
52798
74676
78677
65491
40227
59559
8524
53756
78062
1481
35335
49179
14426
96422
49121
65842
56714
99269
83059
27977
51822
47073
46263
70853
72120
84409
18971
96969
71484
95357
30488
71196
86449
43100
23427
9130
43244
44344
46774
35031
28796
25323
62045
64939
62586
81639
59428
87329
71916
39557
97679
5271
55850
84156
53640
65127
5107
99468
84858
53633
56672
17320
44157
71846
15100
57790
15549
74852
55097
97098
93339
45256
50946
29908
24736
94617
21544
22490
89065
12243
60691
43010
78861
32652
58341
42757
49496
51835
78571
36812
59039
82179
39508
93402
89264
11263
34453
51148
20228
46180
96511
91117
94456
54936
7773
89126
32660
49638
134
99611
28137
47881
68808
68813
30048
79503
3338
51626
46520
28360
95147
74123
48108
48878
8128
75537
94891
99592
99710
12336
20366
58328
80870
33176
35925
99275
9467
2617
49484
83645
29594
98924
43835
19406
86798
93071
60898
79772
92029
27584
51651
21637
61564
44933
2702
24598
23354
55682
33967
37594
31660
16082
85820
50202
57567
78752
55
22300
30992
83441
84342
71391
4883
1669
19704
34793
63691
78689
45071
27618
65755
47030
96068
31820
57645
82167
14707
4795
71915
88094
64411
39361
46699
16398
18115
89944
23071
46329
47238
74639
2938
16254
61612
12682
88234
20521
32953
26098
88530
87664
51311
37865
66253
74231
98724
75246
12262
30564
7396
91447
68598
32686
72387
90326
56677
74696
54717
15406
1713
91438
81527
76256
92286
13896
86288
93748
56370
42717
23250
94960
71842
24015
5903
21307
62887
93668
45637
43128
80559
74940
35859
62259
11378
18944
58919
67100
63550
18133
10863
13948
88208
99732
44028
41060
23992
69603
9456
16424
14427
80583
4491
82283
76420
74905
14017
3420
25647
62695
52936
45157
94973
73004
24130
57138
93326
25371
64344
4980
24642
12192
5297
37358
19749
9047
5007
25761
81331
27402
33030
75509
74035
34004
2157
46966
91639
74793
16493
92076
91211
95789
60523
93116
34071
11565
57033
68679
51179
48916
27907
64772
60144
40937
43399
80718
97529
60045
334
74621
94787
36439
35667
87017
52852
91394
78417
73133
97112
30840
84227
64682
15325
33431
90908
6
74686
62204
39545
84001
91175
88199
94780
64053
14187
93604
1208
88925
978
44959
83110
37248
27221
98937
70612
25440
79200
13143
62274
43151
28913
73867
92301
76384
86777
28259
58119
51515
73641
93150
71110
94367
95482
74816
40370
74820
67493
67694
13160
52092
46560
13015
92820
63015
51751
56387
63581
7617
84002
21416
48721
16240
77632
30945
7111
54453
84208
17386
18629
71145
94547
64961
41996
7119
99148
94574
41178
76922
67210
26430
15214
63938
50170
52288
43560
37931
1246
29283
44577
59565
74187
68658
79318
83778
95748
16269
22999
4994
62399
700
93607
47038
30983
68873
45354
64241
24912
14014
69309
4329
81428
23479
36694
35967
8442
91720
3684
64229
38666
45119
10054
18698
94498
75781
64450
66273
14055
25666
44635
45141
29333
68017
37196
36855
96632
73952
41220
24797
87682
38471
62060
80582
50512
14928
3490
23114
92373
79937
40577
16946
30463
96569
81861
20839
82470
39445
85339
27824
3752
94450
51064
77088
37624
67512
74029
74215
57033
89187
92475
80752
10117
16494
60311
93092
52406
52823
80941
30802
74754
33126
40501
88601
47339
66008
48674
8551
61525
46690
94935
52445
88035
58984
57505
95791
96505
73782
67747
32009
81793
96048
98626
83116
33323
21234
86266
59530
90691
25808
68953
12862
57460
94183
10729
40331
42196
85408
91934
71373
31299
7776
64238
51519
99604
30247
77465
68628
12409
99786
16119
92615
9877
51471
11414
2703
77134
69188
15837
30069
27966
59493
24643
87993
53579
94882
62356
33439
82375
50987
61023
9097
12644
22904
50638
66144
93693
52455
23300
15394
86456
27993
60351
79255
84272
34698
37474
98207
26301
587
23115
258
64371
71346
2948
21566
6706
53896
25666
53037
36307
15411
19064
90068
8921
30897
37900
83519
31666
932
7545
16634
21658
50227
68834
80389
54215
12531
52370
47831
90543
40355
70621
68301
576
26662
19533
17474
23279
92847
33913
88857
97727
19312
5300
53253
77550
40854
75854
23032
66092
55320
97390
48047
57720
82979
58406
26369
28284
80800
62760
21710
82575
57136
19070
60310
32248
70445
98315
69560
95315
96131
63820
30947
1392
66065
86879
66436
23772
94057
70046
35688
65080
46870
66656
52599
72389
26958
84653
68483
56176
59720
12869
76119
79690
24339
75602
80070
31230
97843
48623
77047
76602
54271
1986
25333
92412
88208
36568
59825
16098
90851
72406
14409
75460
22762
29316
61502
2046
9382
59494
32053
98688
15251
53675
43356
34112
97462
90996
57673
18078
24734
36877
33091
15988
26057
94713
45798
16045
81992
37508
2578
91249
81768
82391
25874
29873
37002
27291
820
52965
12042
9216
14417
33573
65921
38929
64334
16648
37853
97145
85514
17630
60566
92084
77056
54517
27059
58154
92156
77714
16493
54892
36715
84169
46831
1672
90324
28233
60699
90473
68161
99222
20497
87941
20578
76195
62907
90014
23213
54747
23274
20107
19859
5660
49967
80713
24282
85988
32865
81959
30873
34438
11850
57491
2555
89608
91277
30146
38170
47601
55060
5147
9232
16186
53462
14943
85028
82716
40130
64928
60868
67871
35347
55213
65780
38709
69317
72730
90587
27068
36777
85729
95229
9595
40733
9588
4247
97783
45522
10065
43756
92334
15164
63208
39669
49511
85213
55656
68335
84942
22168
37705
9100
44481
43097
62223
56602
93634
41824
27916
86613
9148
19655
49758
35662
27333
47216
56805
60143
49847
96625
14802
28761
67055
68083
21770
97036
81294
63078
6320
69698
82884
34270
42929
86882
47292
99702
74752
82298
65263
15618
25869
51599
68777
67671
42011
32397
42613
10843
25943
13545
25398
64439
35125
71916
9626
63054
19188
81216
13615
96959
3221
32715
34197
68072
74450
3971
63802
12523
89645
59606
49881
53661
11114
60769
88351
14268
90574
64949
31349
82984
49816
59465
63411
79438
32372
57168
27442
8543
84646
49148
4214
62579
7601
62662
74294
18131
25715
8673
79819
25908
2523
93149
10488
49454
99799
17588
88596
39439
51235
58041
76762
67362
63876
66959
53892
60554
99070
51891
64398
12195
38300
74673
90992
96512
13164
24893
3432
23330
46241
52635
16744
81346
29236
98975
39365
47731
93888
43855
21705
43012
17239
65942
49507
95573
48648
81244
72087
80554
91148
16129
28373
91000
939
69269
84986
47130
83212
28642
91591
42018
14440
38957
48472
8204
79855
86278
60266
58032
87258
13106
47973
87467
32967
47325
48412
91836
4508
35962
88052
4546
43545
30195
3769
69977
28620
26611
24988
56746
76016
41010
30825
587
8896
88911
85672
97523
6005
39915
26439
59574
51510
1075
84670
21937
92192
52356
84598
96808
59954
38551
98164
3107
26301
58051
41464
9254
74293
78374
81931
19463
51521
70195
63364
70890
7106
98605
80924
20442
18434
66460
23331
51895
40952
70486
10507
8033
70463
19656
89128
41525
46557
15569
60456
71942
29341
71746
8896
70483
62075
17742
68314
82488
78492
22251
85892
28929
2475
4754
24069
548
11537
78335
70776
54635
52451
43568
2703
88207
41457
61294
17057
12653
90009
93230
92865
66948
11020
39855
41968
41244
15662
73372
39207
74848
44168
15189
4399
86199
12403
73381
14597
98475
99194
7184
80337
23201
11059
48892
6942
20881
32726
44816
95132
35957
46688
44261
4602
82958
11205
46024
38105
63230
10247
96500
93215
7256
98686
81982
86982
48227
90030
71060
2973
20504
37607
87273
72916
71866
71302
64503
8472
58551
54317
43456
1676
68148
41128
46434
41000
22710
59732
64133
70813
61218
9808
91948
72517
12310
69646
59205
95150
81050
98673
5455
81397
68749
7252
45471
31849
11339
27822
53515
25573
3664
18356
88528
48605
1874
289
78805
18832
97075
57313
28393
46266
11996
32853
16793
3948
82674
15520
4220
64185
79847
79755
91379
51068
88021
86815
44951
17811
9228
365
28987
76698
77337
72437
11008
66246
6240
73468
53290
1922
46297
57984
54599
11306
27657
81303
85869
3560
99100
67207
6134
45231
60265
95963
31283
19590
65197
17280
26188
11424
53030
95920
32027
50242
42210
15034
5276
91031
5336
41758
59576
26765
24392
16867
58800
58449
86805
86459
1341
14402
69722
16606
47934
86330
88045
78600
13146
27618
21540
52000
37231
84441
34169
21283
51314
61128
56682
28901
63538
51875
75090
78686
90060
60238
80578
39771
63266
32815
33520
33322
94485
11828
28295
56732
53373
61525
57796
38839
41888
19031
14606
69926
97805
47946
35690
64188
97237
25716
79822
13509
77395
97387
70317
14354
85306
11874
79068
70924
37556
53544
68603
18686
48403
52394
16676
93855
20014
9335
2738
70600
51584
38855
7654
5102
318
43477
66615
95883
28941
69179
23351
22633
2412
19314
15819
44549
88753
95610
46892
48775
73808
69460
20324
64170
58465
74487
7676
51679
6788
41337
46618
95755
6815
62890
75045
50703
75014
15609
13072
34703
17546
77095
81106
22348
82436
33557
46149
70609
14096
85517
97240
44312
36072
81870
1315
45212
47985
51110
71191
3244
60824
59640
32596
26450
94944
28001
24028
99543
33382
53815
7716
66671
44392
97617
13399
90142
75615
52000
29102
94065
25422
83774
32567
8149
7560
36155
26346
53262
32748
97518
32552
43481
43210
91931
30353
52434
54500
15425
28971
93160
6008
14304
7725
8898
73439
55096
57580
36794
95250
45927
44818
14198
72357
21042
52708
37109
9669
17879
24862
93835
4439
5719
96640
50564
32010
15525
1997
3310
82318
95792
73300
60101
61247
60334
70370
11976
33128
69955
14973
88476
24880
57128
96887
70413
68835
47041
1976
11266
70967
21726
53864
21931
12892
85464
47976
89559
87859
92937
80678
54078
40787
89243
88708
79331
19167
44028
52038
2508
80137
78905
6325
73137
65428
86503
68316
10529
43378
77353
2101
77197
46007
95007
32055
2832
68149
67898
58961
78544
24684
21511
68496
20350
14822
57778
69508
92985
3895
90304
23300
87472
17277
36481
47052
80034
88385
62808
34639
34147
71124
62274
23094
11666
44981
22104
18813
62029
14000
62468
96598
29940
57286
98164
10137
37517
20597
16977
15073
66059
1147
89990
95249
23204
21525
61633
52394
72040
78638
86333
84870
25786
25365
4910
80313
68998
21346
88761
79093
86644
1557
30385
8233
8384
8790
88808
80969
94143
33325
47211
13790
52690
74176
2052
38450
78600
5797
29200
78094
62881
28917
68935
85785
84684
35707
7148
39008
3356
25544
36875
99193
41252
11276
97989
51067
52976
32760
1252
15972
84600
2313
33096
15563
67949
74219
99331
22025
86410
54727
38818
31960
54523
58933
61212
10138
44601
34602
46245
84101
89699
18926
18767
81889
94564
98105
62519
16465
1344
69334
2783
6060
18655
23944
98925
16671
34882
79620
45927
82024
74515
97492
13146
62299
96610
95198
42673
70305
35399
22921
4547
66010
56963
58666
92294
19211
32097
40569
15624
6010
15310
80334
80881
5666
19319
72226
39936
13003
35440
22696
99495
92137
68323
99154
48349
35749
67903
79855
8166
21647
708
73908
16426
79560
40023
56311
52877
40892
1792
34373
78048
85994
47554
14334
7013
57186
9176
75655
75820
54452
70249
15911
37236
98916
66552
57917
95070
80306
33905
27945
53891
75272
41389
19342
49922
15965
45064
3721
82012
20732
53180
85595
74688
34587
34986
25774
71778
40091
59010
87101
71123
526
92709
66319
82701
12585
21864
44477
47459
90199
90883
58058
21059
21846
81209
90058
80266
56363
64115
26077
21023
74702
16374
10872
13975
77188
84749
54296
91480
76019
42280
57305
36247
74860
8513
20710
63206
48208
5578
19737
92845
39087
76494
61491
38762
27647
74164
34189
2459
28576
66892
83301
65520
46485
16986
20732
93695
80641
65361
19546
84863
65987
36974
97163
1196
77304
48929
38868
61410
36033
53244
92535
46785
71850
36576
33304
32854
18353
41320
99375
21823
97929
11271
11307
17945
4716
38434
12174
37997
9147
62637
78218
60766
59160
55317
42526
92028
95206
87672
96270
86798
43988
97375
20272
11757
88632
78028
44906
48793
9506
48164
93384
31131
21831
73128
72480
61332
1230
2713
19120
28823
50338
13848
35645
70147
97351
9018
36785
86513
12138
69008
56204
83607
3031
11856
34855
91847
90262
4110
91070
93969
99946
56657
33815
92794
51704
20482
1381
90010
23093
77695
51725
96551
38635
32408
84687
89953
63005
95493
21528
8635
46765
71134
65896
81526
3631
76951
87726
22541
41473
64794
80388
87215
62616
29917
62437
93452
4512
49573
54918
68357
40617
27420
77171
40096
27065
5754
43392
39527
5471
2334
88571
24121
96110
7379
99880
91248
84818
74648
9680
31814
83366
69066
73306
50327
27617
73988
71136
89867
85758
64167
61622
71594
39388
32233
36463
65081
27142
72223
14046
64145
2967
12163
38740
15081
57286
48047
59854
11457
71717
7186
18939
64682
76979
52354
64373
53578
62304
50293
41909
93472
19276
25748
4987
33578
16046
16007
22074
61495
24417
49214
73008
256
12193
64773
2330
20431
99128
33034
56277
88050
5499
12894
78015
32377
17067
4563
19263
92343
40119
93760
67884
78927
31861
56840
53917
91006
27942
63511
65961
39155
42430
1837
58424
74751
87825
64082
4793
78114
68328
15451
3155
61204
83916
95860
30068
89035
41486
5011
58669
36461
79044
95907
31533
62131
7100
54144
29986
83058
68817
46372
14536
32824
32219
24616
87382
32856
94305
1789
78499
7125
60516
16739
49448
11814
62152
32758
40248
40568
64999
35083
19534
43151
16826
85905
35433
98943
60608
51167
99616
57405
20743
95917
35807
89215
22449
99946
48320
604
31933
83437
17759
95267
32791
29996
16454
29845
30137
49075
19798
34245
69066
54343
8930
7501
37279
68744
19675
35352
62046
30944
83121
39684
81154
65450
1504
83442
18585
42306
99336
29008
27924
48715
37135
72835
50631
30020
56013
4507
93478
15845
48165
25475
47417
15451
83508
80058
13639
30403
21759
77016
73746
27010
12490
55050
83587
83154
37342
59579
8183
4419
66445
59428
33093
706
21421
11755
76566
67285
48299
74998
39774
73762
48269
41357
89326
81762
40407
34173
97820
41587
50151
94030
58057
34395
5296
277
13511
59697
99577
61224
74307
7365
36414
68814
8023
77775
99536
19580
18595
19503
97766
78893
92922
48471
58893
76453
9195
41445
48087
63736
91379
29355
75445
31956
69412
41597
17504
29655
90323
94164
19968
98716
39328
11811
17111
96684
33633
7513
4066
27791
20377
15284
62678
6404
98277
29491
4894
36707
56736
76638
30513
54793
35449
70371
60461
89021
31570
87360
40133
6497
52745
10025
17139
76239
82321
55132
99595
9147
69990
80214
43481
27173
48061
89754
26260
17551
13774
12459
4600
87429
72892
16396
7076
32262
94489
67346
17378
69074
41284
94209
48382
64719
4991
99224
63409
76424
99330
15884
96465
89223
63198
16597
71771
86063
38308
20513
80879
14635
60118
14068
48456
93011
40591
26898
53840
8402
91713
57964
48998
71108
56406
70944
25861
39156
12511
44917
95581
97934
52837
49911
35349
43826
68170
32590
65132
71219
8773
96012
48813
92502
55804
38985
68033
30769
73802
95253
69041
2714
69089
76626
47452
50908
92767
51541
60464
37268
74002
88974
48095
40267
65696
54531
67458
40391
5980
21709
73835
4873
61331
71163
20151
55770
4048
5037
31198
79935
94069
34937
37780
22647
70952
41675
76170
69530
78550
46850
29104
5066
26416
68928
27182
21904
69504
30269
75409
73373
25857
89848
48798
13601
2984
36806
89804
70958
69888
91713
64964
38103
79493
113
25298
43478
83700
9468
88909
2557
91403
80696
38166
95248
36607
61984
14979
5713
60951
46976
39986
13034
45629
5151
2708
73148
11181
17726
49529
45307
84042
6576
66694
20826
96177
34965
8884
76481
36147
33161
4832
72884
12495
26963
4031
73939
38819
40922
67096
99809
81484
91782
92067
17038
1331
67015
58357
93499
92477
68714
42910
71610
93674
67184
66968
35329
75679
7940
35872
3026
65937
63384
25620
57356
18219
11347
38172
20559
63708
34532
77556
99681
50758
50185
7718
13341
19892
43404
89097
1180
35371
65009
51600
68462
21033
11839
60399
8583
53270
9744
28530
68889
31349
41678
34886
26251
7905
13740
23078
56759
1984
72444
10645
21368
88497
67361
37214
13964
54031
96900
74588
91814
19302
92650
69448
6811
33416
67683
47188
16383
10276
17518
68531
88515
77781
31977
22641
86464
52782
24296
95329
91949
72431
75485
11781
39344
13278
1703
63275
99133
22685
78539
40308
53223
39149
10373
36871
21841
91217
98372
41221
63892
55806
74050
52849
74251
885
20421
2406
11329
1867
1982
19043
89831
89515
32656
32402
12067
8478
40937
19854
7397
24777
9890
1372
8242
2039
38888
79030
20983
94975
63278
46016
85128
22024
34561
98373
56870
32680
51906
56405
21924
54303
37031
38601
88130
70751
54311
68975
78652
16054
95871
9694
83170
99450
83216
69907
50600
29636
8753
22588
45610
47932
83840
17808
67321
43824
74362
10741
96612
72524
14477
6434
32700
17680
10076
3878
32451
58525
56396
16752
65614
29641
28960
82498
20183
66795
4863
8481
73127
96634
84089
70029
31888
91063
87989
16864
53026
63948
90350
61242
61924
38923
41464
11469
81658
91503
73434
29612
7203
1086
6525
49810
85466
83222
46112
54019
2003
55536
333
72348
84629
3823
34303
8970
15473
96409
7131
9290
59204
26956
85458
28809
9324
63255
41020
5766
56157
86656
9896
94871
94667
51122
92576
19257
88804
96425
25869
88775
47027
37168
45353
44350
23359
80546
50595
3773
68900
92206
27113
26334
184
49097
10125
2196
58367
39796
53735
46642
42073
1817
32422
1772
87237
24469
28337
61544
70257
22375
55053
63911
51797
62696
87868
60035
59880
93406
96656
50098
29481
52321
13351
14286
959
77345
91133
52460
21968
46148
70532
76969
63309
56775
31276
98214
48047
72900
96767
31563
16617
26859
73902
50047
59350
77521
70222
55095
32148
89027
84201
72061
11511
26043
2563
81837
36955
33378
2505
80307
99206
5365
41278
6938
59319
97487
37914
37661
63673
32892
29856
66126
81679
92649
68247
92171
84777
88659
5020
68143
44709
36951
75626
38298
41110
44350
85536
39683
84531
82694
47567
53836
60471
35585
4501
22857
85815
46644
22280
35485
27218
51939
61526
33214
91971
82362
22235
39250
51764
57890
23061
21237
51474
56176
25451
16105
1045
90365
75085
34284
87
49351
33785
37992
35414
90947
70134
22899
49439
95231
90973
89919
70390
76023
45939
46355
24732
20827
84443
64985
62834
20991
87531
15543
76626
37106
97656
13616
95893
69399
39036
37745
4448
28719
50371
85545
35927
41628
4917
92747
80106
41791
20699
91798
55383
44960
62119
14779
93908
30921
36770
1865
2804
60439
8256
15894
42523
50260
43369
93349
41247
2468
84923
16698
31694
55771
60251
51712
37346
9182
3028
74601
50757
71196
1710
88529
16681
78896
57285
535
61550
41865
61718
62454
17948
15032
57430
196
41665
21266
49230
27488
19123
93900
13220
65261
54309
22420
38761
52067
98999
65127
52508
97154
3381
88566
39541
36780
28857
36541
18323
4455
31878
31153
46906
77662
82588
49730
61817
15588
15569
38729
14111
93277
78330
96215
88772
79584
48408
24636
81548
23629
9237
78836
93177
44636
23643
11214
67434
33747
29258
81406
66957
71825
13439
36756
92811
15671
48978
1314
34453
4444
69924
22600
93379
60165
62443
70910
94309
70611
89717
5490
96085
36320
46100
86518
62810
44147
69379
13488
86784
67940
69530
18635
85105
25153
63360
55953
20971
47011
451
38025
78434
46550
4993
43011
9187
24740
74166
2043
85546
20266
9805
53158
21048
11707
43948
87442
66766
74427
26949
96839
34003
52868
54347
22289
44799
18032
14657
62606
51017
40895
17188
47752
63531
11031
84424
36630
41645
28312
33371
60196
42969
71044
72020
85350
65551
66414
67101
90698
3584
8810
40333
97932
19354
49430
68048
23011
61370
89096
61793
62544
67694
99528
13021
63147
54537
97053
42426
98618
48909
73195
56875
73375
21486
96669
3157
5961
8383
41824
72545
12390
79417
36961
53135
85926
70257
47641
42200
11927
93000
58399
18374
91660
12668
84491
85668
25172
27420
82929
26512
79308
31848
58677
40968
27743
42954
16007
83928
43806
44885
74921
22439
73518
31062
83302
2011
35082
2013
33424
16423
18334
87330
29646
7787
79012
2155
24098
81205
17776
4803
73524
94405
60943
71383
17148
79985
13858
37611
81623
26440
41814
74951
94731
30273
97018
13383
207
8892
84730
36979
88604
89250
56801
20552
49938
63927
53061
71776
27965
38230
13637
29762
61747
24226
91600
84236
12445
9743
43949
63513
28154
39222
1304
36078
51356
6768
31450
56886
57817
94597
20857
726
76832
13195
22558
849
2048
3091
57963
30520
8508
11736
50038
27892
3416
26753
50762
53596
15917
7786
33806
63850
63971
42910
27369
41796
91093
30928
45247
42391
56608
68191
10789
48469
7740
47651
54012
20019
34984
67693
57259
44590
44966
66337
73781
18996
64316
72837
51326
87157
23782
88719
91208
49666
38766
18521
72137
