3183
8512
3945
9988
6393
3637
4501
9495
445
6474
2353
531
903
9560
9727
3439
5651
5014
7945
7200
2427
7935
386
778
6564
5399
1677
4217
2644
2061
3633
120
3579
7203
1373
1091
5508
460
8478
2538
2562
5226
6340
3185
7162
3810
8421
3119
404
2792
890
4062
2822
6370
8662
7669
5795
9918
6883
9918
8740
9760
8856
5083
7572
9363
7688
3791
6460
5195
3874
8313
1460
847
1653
7820
7933
6630
3825
4839
3818
9375
4208
8411
7567
6826
9536
6237
3156
6938
4356
7318
9495
7438
7847
5407
1881
215
959
2116
3700
8083
7949
9292
4071
3118
4944
3791
3381
2992
5252
6833
7866
7793
7130
4618
7527
2575
1461
3965
9641
4175
157
1243
338
2346
1818
3302
1883
4809
222
7636
5802
3171
6313
8097
2697
9740
9863
3023
220
9119
5565
7196
2637
3882
5206
7959
6545
5154
6997
5964
2255
1858
8337
4812
5427
3564
6173
7889
6322
6076
3430
1455
9444
8566
6364
5119
166
2794
9696
4767
8174
2367
1578
3316
5195
9935
9091
6257
5364
1672
1456
5065
6680
1660
7888
8299
5062
1024
452
6281
2101
8738
9192
5647
5141
6143
4422
224
4070
3283
5610
3085
4597
8105
9335
7081
5105
5155
8186
6787
6506
4621
4419
7906
8753
5682
1245
2443
2318
2939
4778
3838
303
2841
9025
4492
1093
339
2435
12
2611
8070
6031
8564
8959
6912
7813
788
9219
9127
1535
2230
1029
957
3452
3305
7270
460
2432
6567
962
4017
3564
9186
7350
9664
2438
4614
2551
4144
37
341
8174
9074
2628
8966
1877
8385
870
1729
2602
1344
365
2181
6437
3042
4009
8161
1518
3127
4314
6731
4524
4109
1985
8191
1405
1034
3143
4715
9060
9329
5529
3216
8737
2791
3053
6066
9809
7083
2618
3180
2592
2314
7521
6922
5651
4410
6503
3567
4106
8146
9333
2158
1536
4853
5781
6926
2963
5911
7210
9640
5406
3669
8930
8740
1954
2508
4238
9352
9953
8793
3982
1772
2112
7840
7960
447
6356
5040
6105
8478
4164
7694
8287
8861
7829
7529
3608
7122
5070
6956
865
7081
2357
7151
8234
6063
9607
2189
6478
8636
5393
3974
4246
4963
3770
1024
8495
11
5167
9120
6540
6897
9889
1900
2991
21
2339
5448
5241
2612
9783
2891
8247
4330
7801
4233
9853
8897
8990
1551
5212
2883
7114
8531
4359
5815
9111
8647
7229
1561
7239
4489
8329
712
8105
3471
8758
5511
9968
5361
7060
1666
9026
2608
6046
3600
2804
8204
847
578
4772
8151
3212
7583
4750
6852
6975
5911
2933
7350
2700
6690
1238
4350
4761
8917
53
5309
9242
6337
7906
7405
1845
4589
3512
658
7659
9170
3753
6549
7075
7417
1106
7510
9467
9588
4562
3923
4134
2331
3696
9109
3736
4478
1130
1764
4925
4807
688
2178
8839
2543
3738
5953
8398
303
7933
9306
619
5290
5888
9429
2039
3619
970
4984
2188
9470
2965
3092
1269
8308
9787
3938
7177
4058
5490
7148
3698
4484
3509
1123
9396
8668
4645
6201
2941
3011
8496
256
2750
5320
8905
5431
8467
2338
9858
6103
9678
5189
1616
1537
8975
7574
6454
9172
7080
9944
730
8361
4874
8962
4255
160
963
3200
6920
7690
831
1302
58
6199
332
4358
3217
6992
1459
1559
6570
8403
2960
878
2393
6384
7169
7014
7187
9418
4107
8974
7293
9268
1772
3243
1100
9375
475
8786
771
3815
6459
152
9563
9327
4655
7134
2536
5315
3365
2657
1073
7833
9184
963
1469
8534
1401
3281
1058
2479
2951
4753
4432
1647
4351
3318
7813
3400
4154
8968
3036
5194
6013
6196
569
3369
4893
4084
561
5313
2869
7567
8891
9279
4937
9102
1262
4562
682
2588
3508
2985
5829
2259
3226
7221
5233
5585
7446
9624
6843
3752
118
8134
500
1177
7427
9177
8090
7379
6903
1702
5979
8562
9606
9347
189
3523
7222
3793
4439
6338
9162
6267
4131
4396
811
2518
3453
5027
3776
8785
3279
2173
6350
1569
8353
4305
8539
5827
4221
4235
4982
8386
8040
9214
5093
7847
4642
1687
637
6645
3145
7409
7710
3816
7961
7308
1527
7015
3281
1048
6847
623
9172
4853
2821
4203
1722
2319
6872
3918
139
5753
9364
2608
7871
912
1219
1353
5137
233
6020
4762
5127
3970
8611
6187
4959
6606
3158
2805
1583
2996
5515
4075
2701
4284
3553
5387
7659
1735
8855
5226
1950
3117
6243
2181
9388
6889
9809
4075
6613
8264
4715
6794
3728
3790
6878
3210
1270
583
8848
357
7560
2362
2640
7489
3543
1430
5650
5666
7879
6923
9724
7064
65
7745
7194
1644
2229
2644
4728
8923
1309
4789
934
4130
8692
7703
7485
7776
1432
4561
1321
4237
5629
3031
5030
2633
5630
8532
95
8791
5559
2865
3334
2135
7015
4731
4221
5820
6087
6776
146
4928
5273
6494
9041
602
2874
5612
3388
4481
6526
1906
9337
7316
349
7770
4784
9878
1614
217
7377
55
7052
8156
3070
8605
2355
5132
46
693
6460
8755
4186
8232
7469
3794
2800
4779
2087
8798
147
1606
4511
4226
7384
9536
7721
2327
2925
5182
4683
709
5927
1215
8796
642
7585
4481
9167
4788
2620
8026
8354
131
8502
1658
9691
1737
3482
4411
8135
852
6484
9339
9206
9488
5611
1579
4484
1320
9562
3261
5432
2281
1744
7745
2287
1408
1914
8792
1529
7755
5599
7550
6515
9309
6500
4831
4779
5940
7548
2201
3683
9530
4666
9992
532
8306
7114
8360
8230
7282
7694
4116
1368
1380
4805
3651
5887
8882
864
6714
9277
5897
4517
8641
9261
3728
7562
5045
3952
2072
9195
6627
6866
6904
5436
5055
7457
6176
3723
8801
5536
6943
7575
8079
8365
4950
6046
4719
9243
7050
3262
9499
2181
396
2108
2074
4711
630
7064
2821
1857
7176
6252
1968
9716
3703
6749
8308
4138
6098
2540
3070
8160
4114
6235
3789
4742
1892
8375
988
934
1008
28
9712
6155
191
1018
519
7393
6272
