6
14
28
31
58
69
75
75
76
92
99
108
131
134
162
168
213
227
239
241
243
245
245
246
250
252
263
282
309
311
311
312
313
314
332
335
337
341
348
349
360
367
367
375
393
396
401
419
422
430
448
499
503
504
515
517
534
540
540
552
557
576
585
587
588
608
609
626
656
662
665
675
697
699
727
732
736
758
758
765
805
813
818
830
864
891
893
902
907
926
934
935
943
943
952
977
993
996
1004
1025
1038
1044
1046
1058
1062
1067
1085
1094
1111
1136
1149
1152
1168
1192
1195
1198
1225
1255
1268
1294
1317
1330
1332
1334
1347
1352
1353
1369
1374
1386
1405
1423
1444
1444
1458
1464
1471
1473
1477
1503
1508
1538
1546
1561
1561
1562
1580
1600
1627
1646
1646
1674
1677
1691
1721
1722
1736
1738
1739
1741
1742
1744
1748
1753
1770
1770
1773
1784
1796
1821
1841
1845
1866
1871
1894
1902
1915
1929
1944
1944
1949
1959
1977
1986
1994
1999
2002
2004
2036
2043
2052
2054
2067
2073
2077
2078
2082
2108
2113
2122
2128
2155
2156
2169
2169
2173
2203
2208
2230
2231
2231
2244
2245
2250
2252
2270
2271
2277
2280
2286
2291
2300
2319
2322
2333
2338
2342
2343
2350
2375
2376
2387
2395
2400
2401
2414
2420
2426
2428
2442
2444
2465
2467
2474
2477
2483
2490
2494
2497
2505
2509
2517
2529
2530
2537
2540
2544
2570
2578
2579
2584
2584
2585
2596
2600
2635
2649
2668
2672
2674
2677
2681
2688
2691
2699
2701
2734
2735
2751
2753
2756
2759
2759
2760
2769
2789
2790
2793
2814
2817
2821
2823
2828
2839
2857
2864
2868
2878
2891
2898
2913
2918
2932
2945
2963
2970
2992
2994
3001
3011
3024
3032
3041
3041
3047
3047
3049
3067
3075
3084
3091
3096
3117
3117
3124
3137
3139
3173
3184
3187
3188
3197
3204
3209
3221
3228
3230
3252
3279
3286
3295
3304
3307
3308
3326
3334
3335
3340
3342
3347
3357
3379
3392
3421
3434
3461
3471
3512
3550
3569
3590
3592
3594
3615
3633
3637
3645
3658
3659
3662
3665
3674
3697
3703
3713
3716
3717
3727
3730
3737
3743
3746
3750
3756
3759
3807
3814
3815
3822
3827
3835
3845
3846
3859
3860
3912
3941
3942
3942
3943
3953
3962
3966
3972
3985
3991
3991
3998
4000
4005
4009
4018
4028
4028
4030
4038
4051
4070
4076
4086
4112
4132
4134
4136
4155
4183
4185
4185
4191
4206
4208
4218
4229
4244
4256
4271
4283
4290
4294
4338
4346
4355
4398
4459
4467
4470
4470
4473
4482
4488
4496
4499
4501
4505
4511
4540
4548
4553
4559
4560
4570
4580
4596
4614
4621
4631
4634
4675
4680
4693
4700
4717
4725
4727
4741
4766
4769
4784
4793
4794
4811
4815
4829
4833
4835
4857
4880
4882
4883
4884
4892
4910
4972
4974
4980
4984
4988
5011
5012
5018
5021
5037
5042
5047
5071
5075
5079
5108
5109
5110
5114
5128
5132
5151
5153
5161
5174
5180
5186
5213
5217
5217
5219
5230
5240
5243
5288
5299
5302
5309
5321
5340
5344
5354
5355
5379
5388
5396
5422
5431
5439
5440
5448
5454
5461
5479
5479
5485
5486
5499
5508
5512
5537
5537
5543
5550
5558
5583
5587
5590
5592
5602
5603
5603
5614
5614
5614
5624
5633
5633
5634
5675
5693
5702
5711
5718
5719
5721
5724
5738
5746
5747
5751
5752
5753
5773
5776
5805
5825
5845
5846
5851
5861
5867
5868
5902
5902
5907
5913
5919
5934
5939
5947
5971
5975
5980
5993
6008
6044
6053
6056
6069
6073
6077
6100
6139
6141
6144
6167
6172
6177
6198
6204
6209
6218
6246
6246
6270
6306
6323
6327
6343
6362
6369
6397
6399
6423
6450
6453
6473
6481
6489
6499
6505
6505
6508
6527
6540
6550
6553
6554
6564
6565
6603
6619
6624
6634
6644
6661
6661
6664
6679
6689
6695
6696
6711
6727
6740
6740
6749
6766
6772
6774
6776
6784
6801
6826
6836
6848
6862
6867
6869
6872
6906
6940
6968
6978
6979
6982
6990
6992
7007
7037
7039
7041
7045
7047
7047
7055
7081
7082
7088
7088
7090
7092
7093
7101
7104
7119
7131
7135
7146
7164
7168
7176
7206
7210
7215
7232
7235
7239
7240
7240
7256
7301
7326
7328
7358
7372
7381
7382
7383
7394
7398
7398
7403
7409
7411
7425
7455
7481
7501
7501
7504
7557
7569
7570
7573
7588
7592
7595
7633
7637
7638
7641
7647
7710
7724
7725
7729
7735
7740
7741
7742
7747
7753
7781
7785
7798
7800
7813
7821
7827
7882
7890
7896
7896
7910
7936
7945
7945
7947
7948
7959
7965
7978
7979
7981
7989
7998
8007
8011
8014
8016
8035
8048
8050
8074
8078
8084
8089
8090
8114
8116
8124
8125
8127
8145
8147
8165
8193
8226
8228
8234
8253
8255
8272
8288
8296
8301
8309
8319
8338
8348
8350
8350
8359
8370
8384
8402
8408
8418
8418
8431
8436
8446
8464
8468
8468
8470
8477
8480
8503
8503
8504
8545
8573
8578
8583
8584
8586
8591
8598
8648
8670
8689
8689
8698
8704
8717
8721
8723
8729
8739
8743
8756
8759
8778
8783
8785
8804
8810
8816
8820
8840
8844
8873
8879
8882
8895
8903
8904
8972
8981
8987
8989
9013
9016
9024
9043
9049
9060
9070
9079
9092
9120
9142
9149
9153
9163
9168
9181
9186
9211
9220
9220
9231
9240
9249
9262
9266
9269
9273
9285
9293
9307
9311
9313
9320
9327
9340
9359
9371
9377
9397
9405
9412
9447
9454
9460
9467
9479
9485
9512
9525
9577
9597
9602
9603
9605
9609
9623
9624
9624
9628
9631
9633
9650
9650
9652
9653
9656
9661
9662
9666
9674
9675
9683
9694
9697
9703
9706
9713
9715
9715
9731
9745
9756
9760
9768
9784
9794
9803
9806
9807
9809
9821
9824
9827
9837
9844
9846
9855
9858
9862
9871
9874
9893
9901
9936
9937
9939
9941
9946
9954
9954
9959
9982
9985
9997
