7
8
9
9
11
12
13
14
20
27
27
32
34
34
35
36
37
39
39
46
46
59
62
74
76
76
76
77
83
86
94
95
101
106
110
112
115
119
119
119
121
124
127
128
138
149
151
154
154
156
157
160
164
167
170
177
179
180
180
188
190
191
191
192
192
195
196
198
204
204
212
221
224
229
231
234
235
242
242
246
254
256
263
264
272
274
276
277
279
290
291
295
295
295
300
302
308
309
318
326
326
336
337
341
342
346
348
348
350
351
353
365
365
373
376
386
392
392
396
399
400
400
403
406
407
410
416
419
422
422
423
423
428
428
429
435
437
439
442
442
445
447
460
465
466
478
482
489
489
490
491
492
496
497
500
501
505
505
508
508
509
512
512
512
512
514
515
515
517
518
523
534
540
550
552
552
561
563
564
564
572
577
589
594
600
601
607
610
615
615
620
621
622
625
629
637
645
647
654
654
658
661
661
662
663
673
680
684
685
691
703
704
705
705
711
711
713
717
718
721
723
733
738
741
742
743
744
746
749
753
753
755
757
759
762
765
771
773
777
777
778
778
778
785
789
792
792
792
792
793
794
794
799
799
801
806
818
826
827
827
837
843
846
852
855
858
861
862
873
875
881
881
897
898
900
901
905
914
918
924
929
931
932
936
937
943
944
947
949
949
953
956
958
963
965
971
972
977
979
980
995
1001
1002
1005
1007
1012
1018
1027
1028
1029
1032
1032
1036
1037
1039
1044
1046
1049
1051
1052
1054
1057
1058
1061
1061
1062
1065
1065
1070
1070
1076
1076
1077
1082
1084
1089
1096
1107
1107
1110
1111
1112
1121
1125
1126
1134
1135
1139
1141
1147
1150
1151
1159
1161
1164
1165
1172
1178
1179
1185
1186
1187
1187
1190
1194
1195
1196
1198
1198
1199
1201
1202
1208
1208
1210
1214
1217
1222
1234
1240
1241
1249
1259
1265
1267
1276
1277
1278
1283
1286
1293
1299
1300
1303
1307
1307
1309
1309
1309
1313
1313
1315
1318
1321
1326
1326
1326
1327
1332
1333
1333
1342
1343
1351
1351
1354
1355
1358
1360
1361
1365
1366
1372
1372
1373
1374
1376
1380
1382
1389
1389
1391
1395
1395
1398
1399
1402
1409
1411
1414
1416
1418
1421
1427
1429
1436
1436
1437
1438
1438
1438
1439
1440
1446
1449
1451
1452
1453
1455
1464
1469
1471
1472
1477
1480
1480
1481
1483
1484
1485
1488
1491
1492
1494
1503
1507
1509
1515
1519
1521
1522
1525
1527
1535
1538
1545
1548
1552
1558
1573
1574
1576
1583
1585
1586
1587
1587
1588
1593
1595
1595
1596
1596
1601
1603
1604
1606
1607
1618
1619
1621
1624
1626
1627
1629
1630
1631
1636
1641
1642
1646
1647
1650
1655
1659
1660
1666
1668
1671
1675
1679
1679
1685
1690
1693
1695
1699
1710
1711
1714
1718
1719
1721
1724
1724
1731
1734
1739
1743
1745
1750
1753
1760
1761
1767
1771
1776
1778
1778
1782
1784
1785
1788
1789
1793
1810
1812
1817
1818
1818
1820
1821
1830
1831
1831
1831
1836
1843
1845
1846
1854
1861
1864
1867
1867
1871
1883
1889
1890
1892
1899
1900
1900
1902
1905
1908
1908
1911
1918
1920
1920
1923
1928
1935
1937
1939
1939
1945
1945
1946
1948
1952
1957
1964
1966
1969
1975
1976
1982
1985
1985
1988
2000
2002
2002
2012
2016
2017
2018
2018
2024
2031
2031
2038
2044
2048
2051
2053
2054
2054
2055
2057
2057
2059
2063
2065
2066
2070
2074
2085
2086
2088
2090
2091
2097
2101
2103
2106
2108
2109
2109
2114
2126
2131
2132
2134
2136
2137
2141
2145
2146
2147
2152
2161
2165
2167
2168
2169
2174
2185
2188
2193
2194
2195
2196
2197
2201
2201
2202
2214
2229
2233
2238
2239
2239
2241
2245
2246
2247
2249
2252
2264
2267
2269
2269
2273
2274
2276
2286
2297
2307
2313
2315
2325
2335
2338
2338
2339
2342
2344
2346
2349
2351
2354
2356
2358
2358
2359
2359
2363
2379
2382
2385
2386
2388
2389
2393
2394
2400
2406
2412
2418
2432
2438
2439
2440
2441
2447
2449
2449
2450
2453
2454
2467
2468
2472
2475
2483
2489
2494
2496
2496
2500
2502
2502
2503
2511
2512
2516
2517
2524
2530
2534
2535
2536
2538
2538
2538
2540
2541
2541
2543
2545
2548
2555
2556
2561
2567
2567
2570
2570
2576
2577
2580
2582
2585
2587
2596
2599
2603
2604
2605
2606
2608
2609
2610
2613
2614
2627
2631
2631
2632
2633
2638
2641
2650
2652
2654
2655
2657
2664
2665
2670
2673
2681
2683
2688
2689
2690
2692
2693
2694
2695
2696
2698
2699
2724
2724
2727
2731
2732
2734
2735
2736
2737
2743
2748
2751
2752
2757
2761
2763
2766
2771
2771
2775
2779
2780
2781
2781
2783
2784
2786
2788
2788
2792
2795
2798
2799
2804
2806
2811
2812
2817
2818
2824
2828
2831
2841
2843
2843
2849
2852
2858
2861
2862
2862
2865
2868
2870
2873
2880
2880
2881
2881
2884
2884
2888
2892
2897
2898
2911
2931
2933
2935
2937
2937
2945
2948
2949
2954
2954
2955
2955
2964
2964
2967
2968
2970
2970
2971
2971
2972
2977
2978
2978
2981
2981
2984
2985
2989
2990
3001
3002
3007
3009
3009
3015
3015
3015
3017
3023
3027
3031
3033
3036
3041
3046
3046
3047
3050
3054
3057
3057
3059
3062
3065
3072
3074
3079
3079
3084
3086
3094
3095
3096
3099
3099
3102
3106
3111
3112
3113
3114
3118
3122
3126
3128
3129
3130
3131
3133
3133
3141
3141
3146
3147
3147
3151
3153
3155
3159
3166
3168
3176
3178
3186
3189
3190
3198
3205
3206
3207
3215
3215
3224
3226
3228
3231
3237
3238
3239
3241
3242
3250
3253
3260
3265
3268
3280
3283
3289
3290
3295
3296
3300
3302
3306
3308
3309
3313
3313
3320
3324
3324
3325
3335
3337
3344
3344
3347
3350
3352
3352
3354
3356
3364
3365
3365
3365
3367
3367
3370
3371
3377
3378
3378
3383
3383
3383
3386
3386
3389
3391
3399
3399
3400
3407
3414
3414
3422
3423
3426
3432
3435
3436
3443
3445
3445
3445
3446
3447
3448
3448
3454
3457
3466
3467
3472
3474
3477
3481
3482
3482
3483
3483
3487
3489
3489
3491
3495
3496
3498
3499
3499
3500
3501
3501
3502
3505
3507
3509
3510
3514
3514
3521
3523
3527
3530
3541
3549
3549
3555
3563
3565
3567
3568
3574
3574
3580
3584
3588
3590
3596
3603
3605
3606
3608
3611
3613
3620
3625
3626
3626
3627
3634
3636
3642
3647
3650
3656
3662
3663
3676
3677
3677
3681
3682
3690
3691
3692
3697
3704
3704
3707
3708
3710
3721
3726
3728
3735
3737
3739
3743
3744
3748
3755
3755
3762
3764
3767
3769
3778
3779
3779
3780
3782
3782
3786
3788
3789
3792
3793
3798
3800
3802
3804
3812
3814
3818
3821
3833
3837
3839
3843
3843
3845
3846
3848
3854
3857
3860
3872
3878
3880
3883
3890
3891
3894
3896
3897
3901
3909
3910
3915
3920
3927
3928
3931
3932
3935
3940
3941
3941
3948
3949
3963
3965
3965
3967
3979
3982
3988
3988
3990
3991
3992
3993
3994
3999
4007
4009
4015
4017
4017
4019
4021
4029
4029
4031
4033
4034
4034
4041
4042
4042
4050
4051
4052
4054
4055
4061
4065
4071
4071
4073
4076
4077
4078
4080
4085
4086
4088
4092
4096
4100
4102
4111
4112
4114
4116
4119
4119
4121
4124
4125
4125
4127
4128
4130
4134
4140
4142
4145
4150
4153
4155
4155
4155
4155
4155
4156
4160
4161
4166
4168
4172
4175
4179
4184
4185
4187
4188
4191
4193
4195
4199
4200
4203
4203
4206
4209
4209
4209
4210
4221
4226
4229
4232
4236
4241
4242
4247
4248
4252
4257
4259
4260
4262
4262
4270
4271
4271
4271
4274
4276
4281
4284
4286
4288
4288
4292
4295
4299
4301
4301
4309
4312
4327
4336
4337
4339
4349
4350
4353
4355
4362
4363
4367
4367
4374
4379
4380
4386
4388
4400
4401
4405
4406
4412
4413
4420
4421
4424
4425
4428
4434
4437
4438
4439
4441
4446
4449
4453
4453
4454
4455
4460
4461
4466
4469
4473
4476
4476
4479
4480
4482
4492
4493
4495
4498
4499
4501
4505
4512
4515
4515
4518
4524
4525
4526
4538
4544
4545
4546
4548
4550
4550
4551
4554
4554
4557
4563
4565
4573
4574
4576
4581
4582
4583
4589
4590
4590
4591
4591
4594
4596
4605
4606
4606
4607
4612
4616
4616
4619
4621
4626
4627
4630
4631
4646
4647
4647
4648
4651
4651
4653
4653
4655
4655
4657
4660
4661
4661
4661
4664
4665
4666
4678
4678
4690
4698
4705
4708
4718
4720
4723
4725
4726
4727
4729
4730
4746
4746
4749
4750
4752
4759
4763
4764
4765
4766
4768
4769
4774
4784
4790
4794
4799
4804
4812
4815
4819
4821
4821
4822
4824
4827
4832
4833
4838
4839
4842
4843
4844
4846
4847
4849
4852
4861
4867
4874
4878
4884
4886
4889
4890
4895
4896
4898
4904
4906
4911
4911
4921
4927
4930
4930
4933
4936
4942
4950
4955
4962
4963
4964
4964
4972
4978
4980
4982
4996
4997
5010
5013
5027
5027
5027
5038
5040
5043
5047
5052
5052
5054
5056
5058
5061
5067
5070
5074
5077
5078
5079
5080
5086
5088
5089
5090
5091
5092
5094
5100
5100
5102
5102
5107
5110
5112
5113
5121
5132
5135
5135
5140
5144
5150
5151
5152
5165
5166
5174
5178
5181
5183
5186
5186
5196
5196
5197
5199
5200
5210
5213
5214
5217
5219
5224
5232
5233
5235
5237
5237
5244
5246
5246
5249
5250
5255
5258
5258
5259
5260
5262
5263
5263
5274
5281
5283
5290
5291
5300
5301
5305
5306
5306
5318
5318
5322
5322
5323
5329
5335
5339
5340
5344
5344
5345
5349
5351
5352
5354
5360
5361
5365
5367
5374
5380
5388
5393
5394
5397
5403
5403
5404
5405
5408
5411
5414
5418
5424
5424
5434
5436
5438
5439
5442
5442
5445
5459
5462
5466
5475
5478
5484
5486
5491
5503
5504
5509
5509
5509
5516
5522
5522
5523
5524
5525
5531
5532
5536
5536
5537
5537
5552
5558
5563
5566
5575
5578
5590
5592
5593
5596
5604
5608
5623
5625
5630
5634
5636
5639
5640
5650
5651
5653
5674
5677
5677
5681
5683
5684
5687
5690
5694
5696
5698
5698
5702
5709
5712
5714
5714
5720
5721
5732
5739
5739
5739
5743
5746
5750
5751
5754
5761
5761
5763
5765
5767
5771
5772
5777
5778
5782
5785
5796
5798
5806
5809
5817
5820
5820
5823
5825
5826
5827
5832
5837
5853
5854
5854
5857
5860
5863
5866
5868
5872
5872
5873
5873
5874
5876
5877
5878
5879
5881
5881
5882
5888
5891
5898
5899
5901
5904
5908
5908
5910
5910
5911
5914
5921
5922
5929
5931
5932
5944
5946
5946
5948
5951
5960
5960
5961
5962
5965
5967
5968
5971
5971
5975
5976
5978
5981
5983
5986
5986
5988
5992
5992
5992
5993
5994
5996
6000
6002
6004
6005
6007
6013
6015
6019
6022
6030
6032
6033
6036
6040
6041
6042
6044
6047
6049
6059
6064
6070
6070
6073
6082
6084
6088
6088
6089
6090
6093
6105
6106
6107
6113
6118
6120
6124
6124
6131
6131
6138
6144
6144
6149
6150
6155
6155
6157
6165
6165
6170
6177
6177
6179
6180
6180
6183
6186
6188
6188
6191
6198
6198
6204
6205
6205
6206
6206
6209
6215
6219
6220
6227
6228
6229
6231
6233
6240
6243
6246
6255
6260
6264
6264
6266
6267
6270
6276
6280
6288
6290
6296
6301
6307
6319
6320
6321
6321
6325
6327
6327
6335
6346
6349
6349
6351
6353
6356
6358
6362
6364
6365
6368
6369
6370
6371
6373
6374
6375
6382
6383
6384
6386
6388
6389
6389
6390
6392
6392
6393
6395
6400
6409
6410
6413
6418
6419
6421
6422
6425
6425
6429
6432
6432
6435
6446
6455
6458
6460
6463
6464
6466
6467
6467
6474
6475
6476
6476
6477
6478
6484
6489
6494
6496
6498
6501
6504
6507
6507
6511
6513
6514
6516
6517
6520
6520
6525
6528
6529
6532
6539
6543
6547
6551
6552
6553
6555
6556
6556
6558
6563
6567
6568
6569
6573
6579
6580
6584
6592
6595
6597
6598
6600
6600
6603
6604
6607
6609
6616
6624
6629
6630
6632
6635
6636
6637
6639
6640
6642
6645
6657
6661
6664
6664
6675
6678
6682
6688
6692
6700
6703
6704
6707
6712
6716
6721
6723
6732
6734
6740
6743
6749
6751
6751
6751
6756
6757
6758
6761
6775
6776
6782
6782
6783
6784
6787
6788
6789
6795
6800
6802
6803
6804
6807
6810
6812
6813
6819
6825
6826
6829
6835
6847
6848
6851
6855
6857
6859
6863
6867
6873
6879
6884
6886
6890
6892
6905
6906
6910
6929
6930
6935
6935
6940
6942
6945
6949
6957
6958
6960
6964
6965
6968
6968
6969
6976
6979
6979
6980
6983
6985
6991
6992
6993
6996
7000
7001
7001
7006
7007
7008
7014
7015
7017
7018
7022
7024
7029
7032
7033
7036
7037
7038
7040
7048
7051
7056
7058
7058
7066
7069
7071
7084
7086
7087
7095
7095
7096
7098
7098
7100
7109
7110
7128
7129
7135
7140
7140
7143
7144
7157
7160
7172
7174
7177
7181
7186
7187
7190
7195
7196
7201
7206
7206
7207
7207
7221
7226
7234
7235
7241
7243
7246
7248
7255
7258
7259
7261
7262
7264
7268
7270
7274
7274
7283
7284
7287
7290
7294
7297
7302
7306
7307
7310
7312
7315
7322
7325
7325
7330
7332
7334
7337
7339
7344
7345
7349
7350
7350
7352
7360
7361
7363
7366
7369
7372
7375
7379
7385
7387
7387
7387
7389
7394
7409
7412
7420
7421
7421
7423
7432
7433
7437
7448
7451
7456
7458
7460
7462
7463
7467
7469
7472
7472
7473
7479
7481
7486
7486
7486
7488
7490
7503
7507
7508
7519
7527
7531
7532
7535
7537
7540
7540
7542
7544
7545
7546
7549
7550
7552
7560
7572
7572
7574
7577
7579
7585
7591
7595
7601
7602
7603
7611
7624
7626
7627
7627
7627
7636
7638
7642
7644
7646
7653
7661
7668
7687
7694
7695
7697
7701
7703
7706
7708
7710
7721
7723
7730
7736
7739
7739
7742
7745
7749
7751
7752
7754
7756
7759
7760
7760
7761
7768
7769
7771
7773
7777
7784
7785
7785
7786
7789
7789
7791
7796
7799
7800
7803
7804
7807
7807
7816
7817
7822
7824
7830
7844
7845
7848
7848
7851
7851
7852
7854
7855
7858
7859
7863
7864
7866
7871
7873
7875
7879
7880
7883
7892
7897
7898
7904
7905
7906
7918
7922
7928
7928
7930
7934
7935
7940
7946
7953
7955
7956
7958
7959
7964
7966
7973
7974
7983
7983
7985
7986
7988
7989
7991
7994
7998
8005
8005
8006
8016
8020
8021
8024
8027
8034
8039
8039
8049
8051
8059
8062
8063
8069
8073
8077
8083
8086
8088
8090
8092
8098
8102
8104
8106
8109
8109
8111
8113
8113
8115
8120
8123
8123
8125
8127
8127
8128
8130
8135
8138
8146
8148
8150
8152
8161
8162
8168
8170
8170
8179
8184
8185
8186
8190
8193
8196
8198
8200
8201
8201
8202
8202
8205
8206
8211
8214
8221
8228
8230
8231
8231
8231
8232
8234
8238
8239
8239
8241
8255
8259
8259
8260
8261
8262
8264
8264
8266
8268
8268
8270
8271
8274
8276
8278
8284
8285
8291
8291
8296
8299
8299
8305
8309
8310
8310
8317
8318
8333
8338
8352
8362
8364
8367
8370
8375
8375
8376
8382
8382
8389
8394
8397
8398
8400
8404
8419
8421
8424
8429
8430
8432
8435
8439
8439
8441
8445
8449
8453
8454
8457
8457
8461
8463
8473
8473
8474
8476
8477
8478
8478
8482
8483
8491
8497
8498
8499
8516
8522
8522
8522
8529
8531
8533
8539
8540
8541
8546
8547
8547
8548
8553
8557
8558
8564
8566
8566
8568
8570
8576
8578
8583
8583
8592
8593
8594
8599
8600
8601
8602
8608
8610
8617
8619
8621
8627
8646
8646
8650
8650
8650
8653
8656
8656
8657
8659
8659
8660
8660
8662
8666
8668
8668
8672
8679
8679
8679
8680
8680
8684
8687
8688
8691
8691
8697
8699
8700
8700
8700
8700
8705
8713
8714
8715
8717
8718
8720
8722
8724
8727
8729
8729
8733
8733
8740
8741
8744
8745
8748
8754
8759
8761
8766
8770
8772
8775
8777
8778
8780
8780
8781
8782
8783
8787
8789
8795
8797
8799
8799
8800
8803
8806
8807
8811
8815
8823
8826
8829
8831
8836
8842
8844
8845
8847
8848
8849
8860
8862
8866
8873
8881
8885
8886
8887
8892
8899
8903
8911
8911
8913
8916
8919
8923
8926
8930
8932
8934
8942
8949
8952
8953
8954
8961
8964
8966
8968
8969
8973
8976
8976
8989
8995
8996
8996
8998
8999
9006
9008
9008
9011
9012
9015
9024
9026
9027
9029
9030
9033
9036
9036
9039
9039
9043
9048
9057
9057
9058
9063
9064
9064
9070
9073
9074
9077
9086
9099
9100
9110
9111
9111
9112
9116
9117
9117
9118
9120
9129
9130
9141
9143
9148
9157
9164
9165
9167
9167
9169
9173
9174
9180
9182
9182
9183
9185
9193
9193
9195
9198
9198
9199
9207
9208
9209
9216
9216
9222
9223
9224
9232
9235
9235
9238
9239
9241
9245
9245
9247
9251
9260
9261
9268
9268
9274
9283
9283
9286
9288
9298
9299
9300
9303
9305
9307
9307
9313
9317
9320
9328
9331
9335
9337
9337
9339
9342
9348
9353
9355
9356
9357
9358
9359
9365
9376
9377
9379
9388
9393
9399
9400
9403
9407
9408
9411
9414
9421
9425
9428
9429
9430
9432
9433
9434
9451
9454
9455
9455
9458
9464
9467
9474
9477
9478
9479
9480
9480
9484
9484
9485
9492
9493
9497
9501
9503
9506
9506
9508
9508
9517
9525
9529
9535
9537
9537
9541
9541
9546
9547
9548
9558
9565
9569
9570
9574
9574
9580
9598
9600
9601
9603
9605
9606
9606
9607
9617
9620
9625
9625
9630
9635
9636
9639
9641
9645
9649
9650
9650
9651
9656
9656
9657
9658
9660
9666
9670
9671
9674
9678
9682
9684
9688
9690
9690
9696
9701
9703
9707
9709
9710
9716
9717
9721
9733
9735
9739
9743
9746
9747
9748
9749
9751
9752
9771
9772
9772
9773
9775
9775
9784
9784
9785
9785
9786
9790
9797
9804
9804
9808
9809
9811
9811
9814
9823
9830
9832
9834
9838
9838
9844
9845
9852
9853
9859
9869
9873
9877
9880
9888
9890
9891
9893
9897
9897
9900
9904
9905
9906
9916
9917
9919
9919
9922
9924
9924
9928
9933
9934
9938
9941
9943
9947
9956
9967
9968
9971
9971
9973
9974
9976
9976
9978
9980
9981
9982
9984
9989
9990
10005
10007
10008
10015
10017
10017
10027
10036
10047
10048
10048
10053
10054
10056
10058
10058
10068
10069
10070
10073
10073
10075
10082
10083
10084
10086
10087
10087
10087
10088
10089
10093
10106
10107
10113
10114
10119
10123
10124
10133
10134
10146
10147
10149
10149
10151
10167
10171
10175
10178
10179
10183
10196
10202
10204
10212
10225
10233
10238
10242
10248
10249
10252
10254
10257
10261
10263
10269
10270
10272
10273
10274
10278
10281
10290
10290
10296
10296
10302
10302
10303
10306
10306
10313
10313
10314
10314
10315
10315
10316
10317
10318
10325
10328
10332
10332
10344
10348
10348
10349
10353
10353
10362
10364
10370
10377
10377
10378
10381
10384
10385
10386
10391
10392
10394
10397
10399
10401
10416
10423
10424
10426
10433
10435
10437
10437
10445
10449
10451
10454
10456
10463
10466
10466
10490
10502
10504
10505
10505
10508
10514
10522
10525
10542
10546
10553
10555
10556
10561
10564
10565
10568
10576
10577
10579
10584
10584
10588
10593
10598
10598
10599
10602
10607
10608
10609
10612
10617
10619
10625
10625
10633
10633
10636
10638
10640
10640
10649
10653
10655
10662
10665
10666
10671
10681
10681
10685
10687
10690
10694
10697
10705
10705
10709
10711
10716
10717
10719
10729
10730
10743
10745
10746
10746
10747
10750
10751
10752
10753
10753
10754
10754
10755
10762
10762
10763
10768
10772
10780
10781
10781
10782
10783
10785
10791
10807
10814
10823
10825
10826
10826
10836
10836
10837
10841
10842
10844
10847
10849
10852
10859
10861
10862
10866
10876
10882
10882
10884
10885
10886
10893
10896
10896
10902
10904
10912
10927
10930
10932
10934
10938
10940
10940
10941
10942
10944
10954
10967
10968
10971
10971
10974
10976
10976
10978
10984
10985
10986
10986
10997
10997
10998
10999
11003
11017
11018
11025
11026
11027
11027
11030
11033
11036
11036
11037
11053
11056
11058
11061
11066
11069
11071
11077
11081
11083
11083
11100
11101
11103
11110
11114
11115
11116
11117
11119
11126
11133
11134
11135
11145
11150
11160
11162
11168
11175
11176
11178
11178
11185
11186
11186
11192
11196
11197
11198
11206
11206
11207
11209
11212
11219
11221
11221
11221
11222
11225
11225
11225
11232
11235
11241
11247
11251
11265
11270
11271
11273
11277
11280
11283
11284
11291
11292
11300
11301
11304
11305
11316
11318
11322
11325
11326
11333
11334
11336
11337
11343
11344
11356
11358
11359
11359
11362
11369
11376
11378
11379
11388
11392
11392
11396
11399
11414
11418
11420
11422
11422
11425
11428
11430
11447
11449
11450
11452
11453
11453
11460
11462
11469
11472
11474
11479
11481
11481
11483
11488
11489
11490
11492
11494
11494
11499
11502
11504
11508
11510
11511
11516
11521
11523
11533
11534
11537
11538
11540
11542
11548
11552
11552
11553
11558
11560
11564
11571
11579
11579
11590
11596
11596
11599
11601
11604
11607
11609
11611
11613
11613
11619
11622
11627
11634
11634
11635
11642
11646
11653
11658
11658
11659
11661
11662
11671
11677
11681
11682
11686
11695
11701
11705
11708
11712
11713
11714
11716
11717
11720
11721
11722
11722
11723
11724
11726
11726
11734
11741
11743
11744
11744
11744
11746
11754
11755
11758
11766
11771
11772
11780
11781
11782
11783
11792
11797
11803
11805
11806
11811
11818
11830
11832
11834
11837
11839
11841
11843
11845
11847
11855
11857
11864
11868
11871
11876
11881
11884
11884
11889
11892
11901
11904
11906
11908
11911
11912
11913
11913
11915
11918
11921
11935
11942
11948
11951
11958
11963
11965
11968
11970
11971
11976
11988
11989
11990
11993
11995
12003
12009
12010
12011
12013
12018
12022
12026
12030
12034
12035
12043
12056
12065
12068
12072
12076
12082
12087
12088
12091
12093
12101
12103
12109
12111
12117
12119
12127
12131
12132
12137
12140
12145
12149
12150
12150
12152
12154
12157
12162
12163
12164
12166
12169
12171
12174
12174
12175
12177
12177
12181
12185
12185
12188
12190
12190
12190
12194
12197
12197
12198
12206
12207
12208
12218
12219
12223
12231
12232
12235
12237
12238
12238
12239
12239
12244
12244
12244
12245
12246
12246
12261
12263
12264
12264
12269
12270
12273
12279
12281
12286
12289
12294
12295
12299
12301
12302
12311
12316
12324
12327
12332
12338
12340
12341
12343
12350
12351
12369
12372
12377
12378
12378
12385
12387
12391
12393
12401
12411
12411
12411
12412
12412
12414
12415
12417
12418
12421
12424
12429
12429
12442
12443
12444
12444
12448
12449
12451
12451
12452
12454
12455
12460
12466
12473
12475
12477
12479
12480
12481
12483
12484
12488
12490
12497
12499
12501
12501
12502
12503
12508
12509
12512
12514
12514
12516
12517
12520
12523
12526
12534
12534
12540
12540
12542
12544
12547
12551
12552
12554
12555
12561
12569
12572
12577
12580
12581
12589
12591
12592
12594
12594
12595
12597
12597
12604
12606
12606
12613
12614
12615
12616
12617
12619
12623
12624
12625
12626
12627
12630
12632
12633
12640
12643
12645
12648
12653
12654
12655
12656
12658
12658
12664
12664
12667
12671
12677
12680
12689
12692
12692
12695
12699
12703
12705
12709
12714
12715
12716
12717
12725
12726
12727
12731
12735
12737
12745
12746
12751
12754
12756
12758
12759
12761
12765
12779
12780
12781
12782
12784
12791
12793
12797
12799
12808
12808
12830
12831
12833
12838
12842
12843
12843
12849
12850
12850
12852
12853
12855
12855
12856
12857
12860
12861
12864
12874
12876
12879
12882
12883
12892
12893
12894
12895
12896
12902
12904
12909
12909
12911
12912
12913
12924
12927
12931
12934
12935
12944
12944
12946
12946
12947
12950
12953
12961
12963
12964
12964
12966
12966
12969
12970
12976
12980
12983
12983
12987
12989
12991
12993
12996
12996
13001
13003
13009
13010
13014
13019
13030
13031
13033
13036
13036
13044
13045
13045
13050
13053
13055
13056
13059
13062
13062
13065
13067
13074
13076
13086
13091
13105
13105
13114
13114
13115
13116
13117
13122
13122
13124
13126
13128
13129
13130
13134
13140
13145
13146
13148
13157
13158
13162
13162
13163
13171
13171
13177
13178
13185
13186
13192
13193
13193
13195
13197
13202
13203
13207
13212
13212
13223
13232
13234
13238
13239
13241
13244
13245
13247
13248
13249
13252
13255
13257
13260
13263
13264
13269
13271
13272
13274
13278
13278
13286
13290
13291
13292
13301
13307
13307
13308
13309
13311
13316
13330
13333
13333
13336
13340
13350
13351
13353
13355
13359
13360
13362
13362
13371
13378
13385
13387
13390
13392
13392
13395
13397
13400
13405
13407
13408
13410
13414
13417
13422
13423
13427
13427
13428
13438
13440
13449
13453
13455
13456
13457
13458
13458
13459
13461
13468
13469
13470
13470
13471
13479
13483
13489
13496
13496
13498
13502
13504
13506
13510
13510
13514
13514
13515
13523
13523
13525
13526
13527
13527
13536
13539
13541
13542
13548
13552
13552
13557
13558
13565
13567
13567
13575
13581
13582
13582
13586
13588
13597
13599
13607
13610
13615
13630
13640
13644
13644
13644
13645
13645
13646
13647
13648
13650
13656
13656
13658
13660
13665
13666
13667
13671
13671
13674
13679
13690
13691
13695
13701
13703
13704
13707
13710
13714
13719
13727
13729
13737
13741
13744
13747
13748
13750
13760
13770
13774
13781
13781
13785
13787
13792
13792
13794
13803
13807
13810
13816
13816
13820
13821
13832
13833
13840
13846
13848
13848
13851
13851
13859
13863
13865
13878
13882
13884
13887
13892
13901
13902
13914
13915
13919
13926
13928
13929
13937
13939
13947
13947
13949
13951
13955
13957
13959
13960
13965
13967
13967
13973
13977
13978
13986
13990
13992
13998
14003
14013
14022
14029
14043
14045
14047
14047
14050
14061
14063
14072
14074
14081
14081
14082
14084
14088
14090
14095
14101
14101
14102
14103
14106
14108
14113
14118
14119
14121
14122
14136
14139
14141
14148
14151
14152
14153
14154
14155
14157
14170
14182
14183
14189
14197
14200
14200
14202
14210
14210
14212
14213
14215
14216
14219
14220
14222
14226
14229
14229
14236
14237
14242
14245
14248
14249
14250
14258
14267
14268
14271
14284
14285
14285
14287
14291
14291
14291
14305
14308
14314
14320
14324
14328
14330
14331
14333
14334
14337
14340
14341
14347
14349
14349
14350
14365
14368
14370
14372
14378
14384
14385
14386
14392
14396
14398
14404
14413
14413
14418
14419
14424
14427
14427
14428
14431
14432
14434
14439
14439
14440
14440
14442
14443
14444
14444
14445
14447
14447
14454
14460
14468
14469
14471
14471
14475
14477
14480
14484
14486
14490
14491
14491
14494
14500
14503
14506
14506
14508
14510
14512
14513
14517
14528
14534
14535
14541
14541
14553
14555
14555
14563
14575
14582
14585
14592
14595
14598
14599
14601
14604
14607
14612
14615
14616
14618
14619
14622
14626
14633
14635
14639
14644
14645
14651
14651
14657
14660
14664
14667
14668
14668
14670
14671
14672
14676
14679
14679
14680
14686
14690
14692
14696
14701
14704
14704
14712
14713
14717
14723
14730
14735
14738
14743
14744
14745
14748
14751
14753
14759
14759
14763
14763
14764
14773
14775
14777
14780
14785
14785
14786
14788
14793
14805
14806
14806
14807
14807
14809
14809
14812
14814
14817
14822
14822
14825
14830
14831
14835
14835
14837
14838
14843
14847
14853
14858
14872
14876
14886
14891
14892
14894
14894
14895
14895
14895
14909
14909
14912
14913
14921
14923
14924
14924
14927
14932
14934
14936
14936
14952
14956
14957
14968
14969
14981
14984
14985
14987
14992
15007
15009
15011
15012
15016
15017
15021
15022
15022
15025
15029
15034
15035
15035
15037
15038
15038
15039
15047
15051
15057
15062
15064
15065
15067
15067
15069
15074
15078
15079
15079
15081
15084
15084
15088
15091
15092
15098
15101
15103
15105
15106
15111
15111
15112
15113
15116
15119
15123
15133
15138
15139
15140
15143
15145
15145
15149
15159
15165
15169
15170
15172
15175
15176
15187
15199
15203
15219
15219
15219
15226
15227
15227
15230
15236
15237
15238
15239
15243
15247
15251
15257
15261
15266
15268
15269
15279
15281
15289
15293
15301
15304
15305
15309
15309
15310
15310
15322
15329
15334
15338
15342
15352
15360
15360
15363
15364
15369
15370
15374
15374
15379
15382
15387
15391
15394
15394
15396
15410
15410
15413
15415
15419
15421
15431
15432
15435
15439
15440
15440
15446
15448
15451
15452
15455
15471
15477
15480
15483
15490
15490
15492
15498
15501
15506
15506
15509
15511
15511
15517
15521
15527
15529
15529
15534
15538
15540
15550
15551
15556
15564
15565
15572
15575
15579
15582
15585
15586
15588
15591
15592
15596
15598
15600
15609
15614
15618
15628
15630
15631
15642
15651
15661
15662
15663
15666
15673
15682
15684
15687
15691
15694
15697
15702
15706
15711
15716
15721
15725
15728
15729
15729
15736
15741
15754
15757
15758
15761
15770
15773
15776
15784
15785
15789
15793
15798
15798
15803
15810
15810
15811
15811
15812
15815
15829
15839
15841
15841
15843
15844
15846
15846
15852
15863
15869
15872
15874
15875
15877
15882
15886
15888
15890
15892
15895
15896
15903
15907
15908
15913
15917
15917
15920
15930
15932
15933
15934
15936
15938
15940
15940
15953
15964
15968
15971
15978
15979
15979
15981
15985
15988
15995
15998
15999
15999
16002
16008
16009
16012
16015
16018
16021
16021
16028
16033
16036
16038
16038
16040
16050
16056
16057
16059
16061
16062
16064
16064
16068
16068
16070
16070
16074
16077
16090
16095
16096
16099
16100
16102
16110
16118
16118
16124
16126
16128
16131
16141
16146
16160
16165
16166
16171
16173
16177
16178
16179
16182
16182
16186
16196
16198
16203
16203
16205
16208
16211
16214
16216
16217
16219
16221
16227
16228
16230
16232
16237
16237
16237
16239
16241
16243
16244
16248
16253
16258
16264
16267
16270
16273
16277
16280
16281
16288
16291
16292
16295
16301
16302
16309
16313
16322
16334
16334
16340
16347
16348
16349
16350
16351
16354
16360
16364
16365
16367
16372
16383
16387
16395
16396
16397
16408
16408
16418
16425
16425
16427
16428
16431
16431
16433
16436
16436
16438
16439
16444
16448
16449
16451
16454
16458
16459
16462
16466
16466
16472
16474
16477
16478
16481
16482
16486
16494
16495
16496
16498
16500
16505
16507
16507
16507
16508
16515
16519
16519
16521
16525
16532
16534
16536
16540
16548
16556
16560
16560
16567
16575
16575
16577
16577
16579
16579
16580
16581
16584
16585
16585
16586
16592
16595
16596
16597
16598
16599
16611
16612
16612
16613
16617
16619
16621
16624
16625
16629
16630
16636
16639
16642
16649
16657
16659
16661
16661
16661
16668
16671
16680
16690
16693
16697
16701
16701
16705
16707
16707
16709
16714
16714
16719
16719
16728
16735
16737
16737
16738
16743
16744
16744
16750
16756
16770
16773
16781
16784
16784
16790
16790
16790
16790
16793
16794
16799
16800
16801
16803
16806
16824
16826
16829
16831
16834
16835
16838
16842
16846
16863
16871
16879
16880
16882
16883
16884
16885
16885
16888
16889
16890
16894
16896
16914
16921
16923
16924
16927
16928
16933
16945
16947
16948
16948
16951
16952
16954
16954
16955
16956
16962
16963
16971
16975
16976
16978
16985
16986
16989
16993
16998
17007
17023
17025
17027
17030
17030
17030
17032
17032
17033
17033
17036
17037
17042
17045
17046
17047
17055
17056
17057
17060
17060
17062
17072
17076
17084
17084
17089
17090
17093
17095
17096
17096
17098
17100
17103
17103
17104
17105
17109
17115
17115
17115
17131
17133
17135
17137
17139
17140
17144
17145
17156
17160
17161
17161
17164
17166
17171
17172
17174
17175
17177
17179
17179
17180
17180
17186
17189
17194
17194
17196
17196
17198
17202
17204
17204
17208
17210
17215
17220
17227
17229
17230
17235
17235
17243
17245
17246
17247
17248
17253
17254
17255
17255
17256
17258
17263
17265
17265
17265
17269
17271
17273
17276
17278
17278
17287
17292
17295
17297
17299
17303
17303
17306
17313
17317
17319
17333
17338
17340
17340
17346
17351
17353
17353
17354
17357
17357
17362
17367
17369
17370
17375
17380
17391
17392
17392
17397
17399
17401
17409
17414
17419
17425
17425
17426
17427
17430
17438
17446
17449
17452
17453
17453
17457
17459
17462
17466
17467
17469
17471
17477
17481
17481
17484
17487
17489
17490
17491
17492
17492
17494
17494
17498
17501
17508
17510
17515
17519
17521
17523
17524
17528
17537
17538
17541
17547
17556
17559
17560
17567
17572
17573
17574
17576
17577
17578
17578
17582
17584
17586
17592
17602
17611
17611
17611
17616
17616
17617
17622
17624
17626
17628
17628
17629
17631
17631
17631
17635
17637
17641
17642
17643
17644
17646
17650
17654
17658
17661
17667
17670
17672
17672
17673
17674
17674
17693
17694
17696
17699
17701
17709
17711
17712
17712
17712
17717
17718
17720
17720
17723
17724
17726
17727
17735
17743
17745
17757
17758
17762
17765
17767
17782
17784
17791
17793
17794
17797
17798
17799
17801
17802
17802
17805
17807
17813
17816
17826
17828
17828
17830
17832
17832
17834
17840
17840
17842
17845
17850
17853
17855
17856
17856
17858
17864
17865
17868
17868
17870
17871
17871
17873
17877
17877
17883
17884
17885
17888
17888
17893
17896
17898
17903
17909
17912
17918
17920
17920
17922
17924
17927
17934
17937
17941
17943
17973
17983
17984
17992
17995
18001
18002
18012
18023
18028
18028
18029
18033
18034
18035
18040
18041
18041
18048
18051
18052
18053
18054
18057
18059
18063
18063
18070
18075
18079
18088
18089
18092
18095
18096
18096
18103
18106
18107
18108
18113
18121
18128
18130
18131
18134
18145
18147
18149
18149
18150
18151
18154
18163
18164
18164
18165
18169
18170
18172
18173
18173
18174
18177
18178
18183
18184
18185
18192
18194
18197
18199
18202
18209
18209
18210
18218
18218
18223
18233
18234
18244
18246
18249
18258
18262
18267
18274
18280
18282
18287
18290
18299
18299
18302
18304
18312
18313
18314
18314
18316
18320
18325
18329
18330
18335
18337
18341
18343
18352
18358
18360
18360
18371
18376
18376
18376
18377
18380
18380
18382
18389
18391
18404
18405
18406
18412
18416
18419
18423
18426
18432
18437
18440
18442
18447
18448
18451
18452
18454
18461
18463
18464
18471
18473
18474
18480
18480
18484
18485
18492
18496
18497
18497
18499
18504
18505
18508
18508
18509
18510
18518
18523
18525
18526
18527
18528
18530
18534
18536
18540
18540
18543
18545
18547
18549
18549
18554
18555
18558
18564
18565
18567
18570
18571
18576
18580
18582
18583
18589
18591
18593
18593
18593
18594
18598
18599
18599
18600
18601
18604
18605
18608
18613
18621
18624
18628
18629
18631
18638
18640
18641
18649
18650
18650
18653
18663
18664
18665
18666
18673
18676
18679
18680
18683
18685
18689
18689
18697
18702
18703
18708
18709
18709
18710
18714
18719
18727
18728
18729
18729
18735
18736
18736
18737
18737
18751
18754
18755
18758
18764
18766
18768
18769
18771
18774
18777
18779
18785
18788
18790
18802
18802
18803
18804
18806
18806
18812
18812
18814
18820
18825
18831
18835
18840
18842
18842
18846
18851
18851
18854
18857
18859
18861
18861
18862
18863
18864
18866
18871
18873
18876
18881
18886
18895
18903
18910
18915
18922
18928
18929
18939
18940
18941
18942
18943
18943
18954
18957
18962
18962
18966
18972
18972
18973
18975
18978
18984
18989
18993
18993
19005
19009
19014
19015
19015
19018
19025
19026
19040
19040
19040
19042
19042
19042
19052
19052
19053
19055
19055
19056
19056
19059
19060
19061
19062
19063
19067
19070
19070
19073
19076
19085
19090
19092
19092
19097
19101
19103
19110
19116
19119
19119
19120
19121
19122
19123
19125
19126
19135
19137
19138
19141
19141
19146
19146
19150
19153
19154
19156
19156
19158
19160
19165
19166
19166
19167
19168
19169
19174
19176
19176
19181
19186
19187
19188
19189
19191
19195
19204
19204
19208
19212
19214
19219
19221
19229
19233
19236
19238
19240
19242
19246
19251
19252
19253
19255
19260
19271
19274
19277
19279
19280
19280
19283
19286
19289
19289
19290
19303
19304
19304
19308
19317
19319
19322
19323
19328
19329
19334
19335
19336
19338
19343
19350
19354
19355
19362
19377
19380
19393
19397
19398
19402
19403
19406
19415
19425
19428
19431
19431
19432
19435
19441
19446
19446
19447
19455
19456
19457
19457
19459
19459
19461
19464
19465
19471
19481
19484
19486
19490
19493
19506
19511
19517
19530
19533
19534
19534
19537
19539
19546
19549
19550
19552
19559
19559
19561
19570
19580
19591
19594
19596
19599
19599
19599
19604
19612
19613
19616
19618
19619
19622
19623
19624
19625
19626
19637
19638
19638
19640
19640
19655
19664
19666
19667
19668
19675
19675
19676
19678
19686
19689
19697
19699
19701
19706
19710
19711
19715
19715
19715
19718
19720
19721
19722
19730
19733
19734
19740
19741
19743
19745
19746
19751
19753
19763
19766
19769
19770
19774
19777
19781
19781
19784
19788
19792
19793
19807
19813
19813
19815
19818
19820
19824
19830
19832
19837
19837
19843
19853
19853
19857
19858
19859
19860
19861
19863
19865
19866
19873
19874
19882
19884
19885
19890
19892
19893
19901
19902
19911
19914
19915
19916
19916
19924
19930
19934
19935
19946
19948
19948
19948
19975
19975
19977
19980
19981
19984
19988
19990
19992
19994
20017
20017
20018
20020
20021
20029
20036
20037
20045
20047
20049
20049
20051
20057
20064
20067
20068
20070
20072
20072
20073
20082
20083
20083
20088
20090
20090
20093
20095
20095
20101
20106
20109
20109
20112
20115
20122
20126
20131
20132
20133
20134
20139
20145
20150
20154
20156
20158
20158
20160
20164
20169
20169
20170
20170
20175
20181
20184
20188
20191
20193
20194
20198
20198
20201
20205
20205
20212
20223
20225
20232
20238
20240
20241
20243
20247
20249
20256
20262
20265
20267
20271
20273
20275
20279
20282
20296
20300
20305
20306
20312
20313
20313
20314
20315
20321
20327
20328
20329
20330
20340
20342
20365
20368
20369
20373
20384
20392
20394
20400
20400
20400
20412
20413
20413
20414
20417
20417
20417
20418
20422
20427
20431
20435
20441
20441
20442
20445
20449
20453
20456
20457
20458
20464
20466
20473
20476
20490
20490
20493
20503
20506
20510
20514
20519
20520
20520
20523
20524
20526
20527
20527
20529
20529
20531
20532
20532
20534
20536
20541
20544
20546
20548
20564
20564
20571
20574
20575
20581
20585
20594
20597
20598
20599
20599
20603
20604
20605
20605
20609
20611
20614
20627
20628
20633
20637
20638
20641
20654
20657
20658
20662
20674
20677
20680
20689
20691
20692
20694
20697
20700
20701
20701
20706
20707
20717
20721
20722
20723
20724
20726
20726
20727
20727
20728
20729
20729
20732
20738
20741
20746
20749
20751
20751
20753
20753
20760
20760
20763
20764
20766
20772
20774
20780
20782
20784
20788
20790
20793
20794
20795
20797
20800
20805
20805
20810
20810
20814
20815
20817
20823
20830
20831
20833
20844
20852
20859
20862
20863
20865
20870
20870
20873
20879
20880
20883
20891
20891
20896
20897
20903
20906
20911
20914
20915
20918
20921
20924
20926
20926
20928
20930
20932
20933
20937
20938
20940
20945
20948
20948
20949
20949
20961
20961
20980
20989
20993
20995
21002
21008
21014
21019
21023
21027
21028
21036
21038
21044
21047
21050
21058
21063
21065
21069
21075
21098
21099
21100
21100
21101
21103
21106
21107
21110
21114
21116
21118
21118
21124
21128
21129
21132
21133
21136
21138
21138
21139
21139
21143
21143
21155
21159
21161
21162
21163
21170
21170
21171
21176
21178
21180
21182
21187
21197
21203
21208
21208
21213
21218
21219
21219
21219
21233
21238
21240
21241
21243
21247
21255
21261
21264
21266
21270
21271
21273
21275
21277
21280
21283
21288
21289
21297
21298
21308
21309
21310
21310
21310
21316
21317
21325
21325
21333
21333
21335
21341
21344
21345
21348
21353
21366
21367
21383
21385
21385
21388
21397
21404
21404
21408
21412
21413
21415
21420
21422
21425
21426
21428
21436
21438
21439
21440
21441
21446
21449
21450
21453
21456
21457
21457
21463
21464
21466
21470
21474
21483
21485
21488
21494
21497
21501
21503
21504
21510
21511
21516
21521
21521
21523
21527
21530
21530
21531
21534
21534
21541
21541
21543
21552
21559
21561
21563
21566
21570
21574
21574
21575
21575
21577
21579
21581
21581
21582
21582
21595
21597
21601
21611
21611
21614
21615
21618
21621
21622
21623
21623
21627
21631
21635
21635
21637
21639
21641
21644
21644
21653
21655
21656
21657
21657
21658
21660
21665
21666
21667
21669
21671
21679
21682
21686
21688
21689
21689
21693
21694
21698
21698
21700
21702
21708
21710
21717
21719
21724
21732
21733
21736
21737
21739
21739
21740
21741
21742
21742
21744
21744
21745
21749
21752
21753
21756
21757
21758
21759
21763
21764
21767
21772
21774
21776
21778
21779
21781
21787
21789
21791
21797
21806
21808
21809
21809
21814
21814
21815
21820
21827
21833
21835
21844
21852
21852
21854
21862
21866
21874
21890
21892
21895
21898
21899
21903
21907
21912
21914
21914
21925
21930
21935
21945
21959
21961
21964
21965
21965
21975
21978
21986
21986
21987
21992
21995
22002
22011
22022
22025
22026
22028
22035
22035
22043
22043
22043
22049
22053
22055
22057
22060
22060
22068
22073
22079
22084
22093
22096
22098
22106
22110
22113
22114
22115
22116
22117
22120
22124
22124
22127
22136
22139
22142
22144
22146
22146
22149
22151
22161
22169
22171
22176
22177
22180
22183
22183
22189
22205
22217
22226
22226
22227
22231
22232
22234
22236
22236
22236
22241
22242
22243
22248
22249
22250
22259
22262
22269
22270
22271
22278
22283
22295
22300
22303
22307
22310
22313
22315
22321
22323
22323
22324
22325
22327
22327
22330
22334
22339
22343
22349
22353
22360
22365
22367
22368
22377
22377
22382
22383
22388
22388
22393
22393
22396
22397
22404
22404
22406
22407
22410
22413
22416
22418
22426
22429
22433
22435
22435
22436
22440
22440
22441
22441
22441
22447
22448
22449
22451
22452
22457
22458
22458
22459
22460
22461
22470
22471
22472
22475
22484
22486
22504
22504
22511
22516
22518
22524
22526
22526
22527
22530
22544
22545
22546
22548
22555
22563
22582
22586
22588
22597
22599
22600
22605
22612
22612
22613
22614
22619
22624
22624
22626
22627
22628
22629
22631
22632
22636
22636
22638
22651
22653
22654
22654
22657
22659
22659
22660
22661
22662
22668
22668
22683
22688
22699
22701
22701
22703
22706
22708
22721
22734
22737
22738
22744
22752
22753
22754
22757
22760
22768
22770
22773
22777
22778
22779
22790
22792
22792
22793
22794
22800
22817
22819
22821
22821
22830
22834
22836
22840
22840
22846
22855
22859
22865
22866
22867
22868
22875
22880
22883
22884
22884
22886
22891
22891
22893
22894
22894
22903
22903
22906
22930
22932
22932
22938
22940
22945
22947
22950
22953
22954
22955
22966
22971
22972
22973
22973
22984
22988
22989
22990
22990
22998
22998
22999
23001
23002
23004
23005
23006
23014
23015
23016
23018
23021
23026
23028
23033
23050
23052
23052
23054
23059
23059
23062
23065
23069
23071
23071
23072
23074
23079
23086
23091
23094
23094
23096
23098
23099
23100
23100
23102
23106
23110
23125
23138
23140
23142
23142
23146
23146
23147
23151
23156
23167
23169
23171
23173
23174
23184
23193
23193
23199
23201
23203
23203
23204
23208
23212
23212
23212
23216
23218
23222
23223
23227
23227
23228
23230
23232
23237
23241
23241
23242
23246
23248
23249
23250
23252
23255
23258
23261
23262
23262
23262
23266
23271
23273
23275
23281
23282
23282
23290
23292
23293
23295
23301
23302
23302
23304
23307
23308
23313
23316
23316
23320
23322
23322
23327
23329
23330
23332
23333
23338
23339
23340
23360
23371
23388
23390
23392
23395
23400
23401
23403
23414
23420
23422
23427
23434
23436
23438
23439
23440
23442
23442
23443
23457
23457
23457
23463
23473
23474
23476
23478
23484
23484
23486
23487
23488
23488
23491
23492
23497
23499
23501
23502
23503
23512
23512
23524
23555
23563
23580
23581
23582
23583
23583
23584
23591
23592
23592
23593
23595
23595
23598
23607
23616
23629
23634
23635
23638
23640
23642
23642
23644
23648
23650
23651
23658
23669
23675
23676
23677
23680
23682
23683
23686
23687
23689
23689
23690
23690
23695
23698
23700
23702
23721
23727
23728
23729
23734
23734
23737
23742
23744
23757
23759
23762
23764
23766
23766
23768
23773
23777
23783
23786
23787
23787
23790
23792
23793
23794
23796
23797
23797
23799
23800
23800
23805
23807
23809
23823
23825
23825
23826
23830
23830
23832
23834
23836
23838
23840
23842
23846
23847
23851
23853
23853
23854
23856
23857
23860
23862
23870
23872
23874
23875
23880
23887
23891
23893
23894
23895
23900
23901
23908
23910
23912
23917
23922
23922
23925
23925
23929
23932
23933
23941
23949
23952
23952
23954
23956
23959
23959
23963
23966
23969
23975
23982
23995
24000
24006
24008
24009
24011
24012
24014
24015
24016
24018
24023
24023
24027
24040
24045
24046
24053
24060
24063
24065
24067
24074
24075
24080
24082
24085
24093
24096
24096
24098
24107
24109
24110
24114
24114
24116
24119
24120
24120
24124
24126
24133
24136
24141
24144
24144
24147
24152
24153
24153
24153
24158
24161
24170
24170
24176
24178
24182
24188
24189
24194
24197
24203
24205
24206
24208
24214
24215
24216
24219
24224
24225
24239
24240
24246
24246
24248
24249
24251
24251
24253
24254
24255
24262
24264
24264
24265
24266
24266
24267
24267
24273
24275
24279
24289
24295
24297
24301
24303
24304
24308
24310
24312
24313
24315
24316
24324
24330
24331
24341
24348
24351
24352
24352
24357
24358
24360
24365
24373
24379
24383
24383
24392
24394
24397
24403
24406
24409
24417
24418
24422
24426
24428
24430
24432
24436
24437
24440
24441
24444
24449
24452
24453
24455
24457
24460
24461
24466
24475
24476
24481
24488
24489
24493
24499
24500
24501
24504
24514
24520
24521
24522
24526
24527
24527
24530
24535
24535
24536
24537
24539
24540
24541
24541
24544
24548
24550
24551
24561
24566
24575
24576
24578
24579
24580
24582
24589
24597
24599
24602
24602
24603
24604
24611
24616
24618
24618
24624
24625
24627
24628
24630
24631
24633
24635
24637
24642
24645
24646
24660
24661
24664
24676
24678
24679
24680
24681
24682
24684
24684
24685
24691
24694
24695
24698
24703
24707
24716
24716
24720
24722
24724
24727
24740
24741
24751
24753
24759
24766
24775
24777
24787
24788
24791
24792
24792
24796
24798
24807
24808
24809
24810
24812
24818
24821
24821
24823
24826
24830
24831
24833
24834
24843
24844
24846
24853
24855
24861
24861
24870
24874
24879
24880
24883
24884
24888
24888
24889
24895
24896
24896
24898
24898
24905
24907
24911
24915
24916
24918
24921
24922
24925
24927
24935
24935
24942
24947
24948
24951
24956
24957
24958
24959
24960
24961
24968
24970
24972
24973
24974
24976
24977
24979
24979
24990
25007
25008
25010
25012
25015
25027
25029
25041
25043
25044
25046
25049
25050
25051
25054
25057
25061
25068
25080
25082
25082
25086
25090
25091
25094
25099
25100
25102
25104
25105
25106
25113
25119
25124
25127
25133
25141
25142
25151
25155
25161
25162
25168
25168
25169
25171
25171
25173
25179
25188
25189
25191
25192
25192
25193
25194
25196
25200
25214
25218
25219
25220
25223
25225
25225
25226
25227
25228
25232
25233
25235
25250
25250
25253
25255
25260
25279
25287
25289
25294
25302
25304
25307
25314
25317
25321
25322
25333
25337
25343
25346
25346
25348
25355
25359
25360
25362
25368
25374
25379
25380
25382
25384
25388
25395
25398
25404
25404
25405
25410
25411
25416
25417
25426
25426
25428
25432
25433
25435
25437
25441
25443
25459
25465
25472
25473
25476
25483
25486
25487
25490
25491
25498
25502
25506
25511
25516
25517
25519
25523
25530
25531
25532
25536
25541
25541
25541
25549
25553
25560
25560
25562
25571
25576
25578
25580
25582
25585
25585
25588
25589
25591
25595
25597
25599
25601
25603
25603
25610
25615
25619
25621
25622
25624
25625
25625
25626
25640
25642
25644
25645
25646
25657
25671
25673
25674
25675
25677
25683
25686
25687
25699
25700
25703
25704
25705
25706
25708
25709
25712
25716
25720
25728
25731
25737
25738
25741
25743
25748
25752
25756
25759
25759
25760
25763
25763
25768
25775
25780
25784
25786
25792
25793
25804
25806
25807
25818
25821
25824
25828
25832
25837
25840
25844
25847
25860
25863
25867
25868
25872
25873
25876
25879
25882
25882
25883
25883
25890
25891
25894
25898
25900
25901
25904
25905
25908
25909
25911
25913
25922
25927
25929
25929
25931
25933
25938
25939
25939
25941
25944
25948
25950
25958
25961
25967
25970
25971
25973
25988
25989
25992
25993
25994
25997
26005
26005
26005
26006
26007
26008
26009
26011
26011
26014
26016
26018
26020
26020
26022
26026
26032
26037
26040
26043
26043
26048
26050
26050
26052
26052
26052
26054
26054
26057
26058
26059
26061
26061
26063
26064
26072
26074
26075
26076
26078
26080
26082
26084
26087
26089
26091
26093
26099
26113
26115
26115
26116
26118
26122
26122
26123
26125
26125
26129
26131
26132
26137
26138
26139
26145
26146
26147
26150
26157
26165
26170
26182
26183
26188
26189
26205
26207
26208
26208
26209
26212
26215
26217
26220
26223
26223
26230
26236
26245
26246
26247
26249
26260
26262
26263
26267
26268
26271
26276
26276
26294
26298
26312
26313
26315
26317
26317
26318
26319
26320
26321
26323
26327
26331
26336
26339
26343
26348
26354
26364
26364
26365
26369
26373
26375
26376
26377
26378
26381
26398
26399
26400
26401
26402
26404
26408
26409
26410
26412
26415
26420
26423
26425
26427
26435
26438
26441
26442
26442
26442
26443
26446
26453
26455
26457
26463
26463
26466
26469
26471
26472
26477
26482
26483
26483
26488
26488
26491
26493
26497
26499
26500
26501
26503
26520
26521
26524
26532
26538
26539
26541
26545
26546
26549
26549
26551
26554
26555
26557
26561
26567
26574
26577
26582
26585
26585
26587
26592
26594
26595
26612
26615
26621
26624
26628
26631
26636
26641
26643
26643
26645
26651
26655
26657
26658
26664
26665
26665
26668
26672
26676
26681
26692
26700
26701
26703
26708
26709
26713
26713
26718
26719
26726
26726
26727
26727
26733
26737
26741
26745
26752
26752
26753
26753
26755
26761
26767
26769
26770
26770
26770
26772
26772
26777
26781
26789
26796
26797
26807
26808
26812
26815
26818
26825
26827
26833
26836
26841
26841
26842
26844
26845
26847
26854
26857
26858
26860
26861
26861
26861
26862
26863
26865
26866
26867
26868
26873
26874
26890
26890
26894
26894
26894
26902
26903
26907
26908
26912
26914
26916
26918
26931
26931
26933
26936
26936
26941
26945
26945
26953
26953
26956
26958
26961
26961
26963
26967
26967
26972
26972
26974
26975
26978
26979
26980
26982
26983
26985
26990
26994
26995
26999
27004
27005
27011
27013
27016
27027
27031
27037
27051
27066
27068
27073
27074
27076
27081
27082
27084
27085
27096
27096
27097
27106
27106
27108
27110
27116
27119
27120
27126
27128
27129
27131
27134
27134
27141
27142
27143
27145
27146
27146
27147
27148
27151
27152
27154
27154
27156
27159
27159
27183
27184
27186
27194
27195
27195
27195
27196
27197
27198
27199
27200
27200
27201
27205
27210
27211
27228
27231
27235
27241
27255
27257
27258
27262
27268
27268
27279
27280
27287
27289
27290
27293
27300
27302
27304
27305
27306
27310
27321
27325
27332
27333
27337
27347
27348
27350
27350
27353
27356
27357
27359
27365
27372
27374
27379
27380
27381
27388
27388
27389
27389
27401
27404
27408
27411
27414
27414
27415
27419
27422
27427
27428
27435
27440
27441
27443
27444
27447
27447
27449
27449
27451
27453
27457
27464
27466
27467
27473
27478
27479
27487
27488
27496
27496
27497
27498
27503
27504
27504
27506
27513
27514
27515
27524
27525
27528
27535
27540
27542
27545
27550
27551
27552
27554
27564
27564
27570
27570
27572
27575
27576
27579
27589
27591
27592
27599
27599
27600
27600
27602
27613
27615
27617
27617
27629
27640
27645
27646
27652
27654
27655
27657
27661
27662
27667
27668
27672
27673
27677
27679
27689
27690
27692
27694
27694
27705
27709
27714
27714
27717
27718
27720
27722
27727
27729
27730
27759
27759
27762
27764
27770
27778
27780
27787
27789
27800
27808
27822
27823
27826
27828
27830
27831
27831
27838
27844
27845
27848
27853
27855
27857
27858
27863
27864
27869
27870
27875
27879
27881
27883
27890
27892
27895
27895
27901
27902
27908
27913
27914
27916
27919
27920
27930
27931
27933
27933
27942
27952
27956
27958
27963
27973
27976
27980
27981
27984
27986
27987
27993
27995
27996
28016
28021
28022
28028
28031
28039
28042
28043
28044
28045
28046
28046
28046
28047
28049
28049
28054
28054
28060
28062
28064
28067
28068
28068
28070
28071
28082
28084
28086
28091
28094
28096
28098
28100
28101
28101
28107
28111
28114
28119
28120
28122
28123
28132
28133
28138
28142
28147
28150
28151
28151
28152
28160
28162
28163
28168
28172
28173
28177
28182
28183
28186
28187
28188
28194
28198
28204
28204
28205
28212
28218
28223
28227
28237
28245
28248
28252
28253
28257
28264
28268
28272
28282
28284
28287
28290
28290
28291
28294
28296
28297
28298
28305
28314
28314
28319
28326
28334
28337
28337
28338
28342
28347
28347
28360
28360
28363
28363
28371
28374
28382
28383
28390
28391
28394
28398
28403
28409
28411
28413
28413
28413
28418
28425
28427
28428
28430
28430
28431
28434
28442
28443
28450
28455
28458
28459
28460
28463
28469
28470
28474
28476
28476
28480
28481
28485
28488
28494
28496
28498
28505
28506
28511
28515
28516
28517
28519
28519
28527
28527
28528
28528
28534
28536
28540
28542
28545
28550
28551
28552
28554
28558
28569
28570
28573
28573
28576
28580
28582
28584
28587
28589
28593
28594
28595
28596
28597
28602
28603
28605
28610
28616
28618
28620
28620
28624
28626
28626
28631
28632
28636
28639
28643
28644
28645
28651
28654
28656
28659
28662
28665
28668
28670
28674
28680
28680
28683
28703
28705
28707
28713
28716
28717
28719
28719
28720
28721
28721
28724
28739
28740
28740
28743
28745
28749
28749
28752
28753
28755
28756
28758
28761
28767
28767
28769
28771
28772
28772
28774
28775
28782
28790
28790
28791
28793
28794
28799
28800
28800
28801
28803
28809
28814
28819
28820
28820
28835
28835
28838
28839
28854
28854
28860
28864
28867
28868
28877
28877
28879
28894
28896
28901
28907
28907
28908
28912
28917
28918
28924
28927
28932
28933
28937
28939
28944
28945
28949
28956
28963
28964
28965
28972
28972
28973
28973
28979
28981
28982
28982
28983
28984
28993
28994
28996
28999
29012
29014
29019
29019
29020
29020
29026
29027
29034
29034
29035
29036
29037
29039
29042
29044
29049
29051
29058
29069
29075
29080
29089
29091
29092
29092
29094
29097
29098
29098
29100
29106
29107
29107
29113
29113
29113
29115
29117
29120
29122
29123
29126
29129
29137
29151
29152
29157
29157
29159
29161
29165
29176
29180
29181
29181
29183
29185
29187
29193
29193
29195
29197
29197
29200
29204
29204
29210
29212
29214
29215
29218
29221
29224
29236
29237
29238
29239
29242
29254
29257
29264
29274
29280
29284
29286
29293
29294
29306
29306
29310
29312
29313
29318
29326
29330
29331
29332
29333
29334
29335
29339
29342
29343
29344
29348
29349
29350
29351
29358
29359
29375
29385
29386
29387
29398
29399
29400
29402
29402
29412
29416
29420
29424
29424
29425
29430
29434
29436
29436
29439
29452
29452
29454
29457
29459
29461
29461
29467
29467
29468
29473
29488
29490
29498
29503
29509
29509
29513
29516
29519
29521
29524
29524
29525
29534
29539
29540
29547
29548
29551
29552
29555
29556
29564
29564
29568
29574
29575
29578
29582
29584
29586
29589
29594
29596
29598
29603
29618
29627
29628
29633
29636
29640
29644
29645
29652
29655
29665
29665
29667
29697
29699
29699
29702
29706
29715
29716
29717
29720
29724
29729
29735
29738
29747
29750
29757
29763
29768
29771
29772
29778
29782
29785
29791
29794
29798
29802
29806
29809
29821
29822
29823
29831
29834
29837
29839
29842
29844
29846
29848
29849
29849
29850
29851
29851
29851
29858
29860
29865
29867
29871
29871
29873
29880
29883
29885
29887
29888
29894
29895
29895
29897
29899
29914
29918
29919
29920
29925
29925
29927
29932
29935
29935
29938
29940
29941
29941
29943
29949
29950
29953
29955
29964
29970
29971
29976
29976
29977
29978
29979
29980
29986
29995
29996
30009
30013
30015
30017
30021
30021
30024
30032
30035
30039
30048
30055
30056
30060
30062
30070
30077
30080
30090
30090
30093
30095
30108
30110
30110
30111
30114
30119
30120
30121
30122
30123
30127
30131
30135
30136
30139
30141
30143
30143
30144
30146
30147
30151
30158
30159
30160
30162
30164
30165
30166
30170
30181
30182
30184
30184
30187
30193
30195
30196
30201
30204
30204
30205
30210
30215
30215
30216
30217
30219
30222
30222
30225
30229
30230
30233
30233
30237
30237
30237
30238
30238
30239
30241
30243
30248
30252
30258
30269
30270
30273
30277
30277
30278
30280
30294
30300
30302
30303
30314
30322
30323
30326
30326
30327
30328
30333
30334
30342
30346
30346
30348
30350
30357
30357
30368
30368
30373
30375
30376
30376
30377
30379
30381
30390
30391
30393
30397
30398
30399
30403
30403
30411
30412
30414
30416
30419
30419
30426
30431
30432
30432
30434
30437
30440
30446
30448
30462
30468
30469
30470
30474
30476
30477
30480
30483
30484
30486
30487
30493
30498
30500
30508
30508
30510
30513
30514
30517
30523
30526
30530
30533
30537
30541
30545
30545
30546
30549
30553
30558
30561
30561
30567
30568
30569
30572
30572
30572
30572
30574
30574
30577
30577
30578
30580
30593
30593
30595
30598
30599
30599
30601
30602
30602
30603
30605
30620
30621
30622
30626
30634
30636
30637
30638
30640
30641
30642
30645
30646
30653
30654
30654
30656
30656
30661
30663
30665
30668
30671
30677
30679
30688
30691
30692
30695
30698
30703
30712
30716
30719
30722
30723
30728
30728
30730
30734
30738
30738
30739
30741
30742
30743
30745
30747
30752
30754
30754
30758
30761
30764
30771
30778
30780
30782
30784
30789
30790
30793
30793
30795
30796
30797
30799
30801
30802
30806
30809
30810
30811
30811
30812
30819
30823
30824
30837
30837
30842
30842
30843
30847
30849
30850
30851
30852
30854
30858
30863
30864
30866
30866
30869
30869
30872
30877
30878
30878
30881
30884
30895
30897
30897
30899
30903
30906
30908
30913
30918
30931
30935
30936
30937
30938
30942
30943
30946
30950
30952
30960
30970
30974
30974
30984
30989
30991
30995
30996
30998
30998
31000
31001
31008
31017
31019
31021
31022
31024
31025
31028
31029
31032
31034
31035
31036
31047
31048
31051
31060
31064
31065
31067
31069
31072
31085
31090
31093
31095
31095
31099
31101
31103
31104
31106
31109
31113
31114
31116
31118
31118
31121
31122
31123
31123
31123
31126
31126
31128
31130
31132
31132
31133
31133
31136
31138
31139
31150
31151
31166
31167
31170
31184
31186
31190
31195
31197
31198
31204
31207
31209
31214
31217
31217
31219
31219
31227
31227
31231
31237
31242
31242
31246
31248
31249
31250
31251
31257
31260
31264
31270
31272
31273
31275
31279
31283
31284
31289
31290
31291
31294
31295
31300
31306
31310
31310
31314
31315
31316
31316
31320
31328
31328
31330
31334
31339
31346
31347
31366
31367
31367
31369
31373
31376
31378
31378
31380
31383
31386
31390
31392
31397
31402
31404
31409
31418
31419
31422
31422
31424
31429
31431
31433
31437
31438
31441
31451
31458
31459
31462
31464
31475
31479
31482
31483
31484
31487
31495
31497
31498
31499
31501
31503
31503
31506
31512
31512
31518
31521
31524
31529
31529
31534
31537
31538
31543
31547
31548
31554
31556
31556
31564
31565
31571
31575
31579
31583
31585
31587
31588
31590
31594
31594
31597
31603
31604
31606
31610
31612
31612
31615
31618
31630
31630
31639
31640
31644
31646
31652
31653
31653
31656
31660
31661
31661
31664
31664
31666
31683
31685
31686
31691
31698
31703
31703
31707
31720
31721
31723
31729
31731
31733
31735
31741
31743
31743
31743
31745
31747
31749
31754
31756
31758
31769
31773
31775
31779
31779
31780
31782
31783
31784
31804
31805
31807
31812
31820
31829
31838
31839
31840
31850
31858
31863
31865
31867
31867
31867
31868
31877
31887
31889
31894
31896
31896
31896
31899
31902
31902
31906
31908
31909
31909
31911
31915
31917
31919
31923
31932
31939
31939
31941
31941
31950
31953
31958
31966
31970
31971
31977
31984
31985
31986
31988
31991
31994
31995
31995
32000
32001
32002
32005
32008
32017
32019
32020
32030
32032
32033
32039
32040
32041
32045
32052
32056
32057
32059
32066
32072
32072
32083
32084
32086
32092
32092
32097
32099
32106
32117
32121
32123
32123
32131
32132
32132
32136
32138
32142
32148
32149
32153
32158
32158
32160
32166
32172
32172
32176
32185
32189
32193
32196
32198
32207
32207
32208
32209
32219
32220
32226
32227
32228
32229
32230
32230
32235
32236
32238
32252
32256
32259
32261
32261
32261
32264
32266
32276
32282
32282
32283
32284
32287
32288
32292
32294
32298
32302
32305
32309
32311
32312
32319
32324
32329
32329
32336
32341
32342
32343
32347
32352
32361
32374
32379
32384
32390
32391
32391
32395
32396
32399
32400
32407
32408
32410
32411
32415
32424
32426
32430
32436
32438
32441
32446
32448
32451
32459
32462
32463
32464
32469
32470
32473
32484
32486
32487
32492
32493
32493
32498
32503
32509
32509
32514
32514
32521
32524
32524
32524
32525
32529
32532
32532
32537
32541
32549
32552
32552
32557
32557
32560
32563
32565
32573
32575
32578
32579
32580
32588
32591
32593
32594
32596
32596
32600
32610
32614
32615
32621
32623
32623
32634
32638
32638
32640
32649
32654
32655
32662
32663
32665
32667
32668
32670
32674
32684
32687
32694
32704
32704
32707
32711
32711
32714
32719
32722
32725
32727
32732
32736
32746
32746
32748
32749
32750
32750
32750
32752
32753
32757
32758
32759
32761
32766
