33312
79195
59243
75407
86745
71738
18663
79561
65141
40978
59242
92784
81038
86686
99932
80272
77023
71843
74866
56038
43904
38083
62307
7074
49066
49872
39317
27987
95879
38469
46854
98309
29868
22080
67964
95445
68914
25493
95975
41527
59752
90817
85030
37833
43528
5256
99401
58528
82364
68333
76863
50935
37554
78482
92477
51326
58856
20573
68817
72501
91491
79787
17980
93725
26442
68655
14621
448
29313
36851
20608
3882
92277
59177
87175
13162
43054
57778
66063
41001
50410
33613
7587
52033
79827
2535
87719
63312
77785
1279
53707
57813
72110
97816
61376
75896
73073
5453
88545
35053
54212
40530
2073
88223
89483
45180
15444
99216
24710
80857
16216
36929
84249
74926
89310
62345
69875
58792
35878
53252
75911
32722
11374
25648
59541
91995
40588
17566
62255
90451
40734
64896
84407
97692
72202
26701
20706
85856
62934
99061
42122
92858
53556
79875
83132
88199
31761
87200
89744
76283
2971
96170
48895
57442
4328
92488
81998
21259
21077
93195
29945
64225
84850
92355
64427
66080
57504
43453
10090
62211
65574
78680
31736
30830
76779
55404
14362
47231
18119
84243
44148
6499
6839
73480
10007
69020
22263
44241
27216
23151
23706
51830
79446
33839
94778
16998
62458
26337
40696
26221
13935
88176
6141
89214
5005
15125
94763
22819
53745
68826
5589
37085
63846
1129
87140
84316
6216
69770
82796
93821
9903
23847
93800
11138
5642
36125
866
86785
96099
22571
1512
93594
14688
84875
37599
94003
98775
97167
45469
90325
84264
52291
19484
2117
97574
18812
95120
72742
18490
19782
28950
75994
35103
43664
49365
79743
53415
34154
51226
51645
54097
77695
3621
70881
71742
13121
40021
44645
93059
86373
36466
97896
6035
26197
5160
99117
64026
88398
73489
92939
24793
79185
69679
33637
10486
81809
21183
25215
95919
69169
59736
28630
12460
95867
82037
88103
996
68678
73292
45654
53313
20949
34616
99741
87736
58818
88300
98781
46379
89559
11593
44131
27129
33617
16965
23413
56290
16390
94
52084
19719
57432
43801
15517
16402
3906
48870
58437
16835
54222
80498
85917
25627
89066
49343
63363
28496
21600
48987
17684
53768
36816
75273
60326
91976
79566
22025
48305
60378
46230
65687
60809
94282
17771
76347
57395
38370
45154
99760
45195
95449
58838
33030
95442
77880
60030
72864
60615
67837
73724
71504
22834
31156
29100
98319
43849
95868
87347
45961
12260
57316
97978
68389
98601
57879
95305
1566
10162
34607
43689
39533
84002
51045
16349
19303
82368
12770
73686
86081
92039
61987
82804
43325
41212
3797
40415
63770
47151
28090
33960
45845
82146
33195
95226
33154
35136
18547
56091
14621
60243
27561
41526
18925
80140
88398
63925
78095
47577
48603
59551
72258
51261
19222
39144
13826
96854
24236
2796
30321
23219
772
20937
45797
26906
63642
89686
78397
537
68267
58096
1211
16109
46587
32559
98590
35327
68252
67801
34076
94015
99720
2301
43590
60170
27584
10139
10753
55470
26407
88878
41142
11282
57014
24163
67729
71545
25240
46154
14696
12962
18409
98530
45376
71510
51760
18041
70905
24516
42671
44660
22092
51292
48587
40246
6098
63974
13523
4863
92228
37421
98991
8931
88439
46012
74891
64135
26146
35624
968
66863
92657
5886
78004
59612
97038
65971
80157
77179
12850
58897
2855
96622
74080
10978
77542
11978
45695
54714
48252
86817
71321
80259
94156
9591
80409
7756
53596
10095
23994
34496
96779
92944
85538
82500
93314
43196
74245
19425
69039
89936
70840
63174
14103
84009
91521
70234
48336
20953
1463
16734
81149
39349
70671
49404
77708
92845
55545
57782
86259
75968
59325
13786
17481
57344
58121
9277
95491
29378
20749
76001
62212
52775
67256
11978
11847
35431
6585
19621
12295
27460
7379
38898
52252
47820
45655
83132
89230
9357
62356
43610
66663
30054
8205
24814
31878
19096
8400
85623
55002
79082
57164
92065
81388
92009
84818
63909
9921
80659
35223
62119
8923
43907
82311
71378
29492
72641
14845
61899
64305
96636
42122
91521
43079
76857
30955
25423
62201
58645
80419
69144
39747
31015
79227
93303
49159
12748
40073
72923
53427
16413
89487
7567
12425
62050
18328
41516
68664
56070
33358
49223
46227
31541
67800
51274
65402
32591
15809
51071
65216
37416
72328
69397
81680
36343
93965
6813
30710
91943
66783
65104
94974
21881
56713
237
73318
9443
63785
39167
64864
34806
24777
17027
79134
75676
12417
15594
58411
93264
55084
66554
76803
8502
61295
31215
49618
89780
75845
54255
3732
95083
91562
85999
18355
40100
11219
33409
7829
67524
78286
77354
94440
91591
29526
70302
7076
62201
58251
49913
23528
97694
47375
11293
79494
79229
18118
82268
36169
22315
12383
72616
76754
69387
18192
27512
45215
10338
41106
44792
71903
21460
25887
31459
95017
88410
923
21470
47669
98923
53308
67113
82426
68592
97522
9623
90069
87275
38110
58317
83715
71914
45287
52319
733
14811
80137
26230
3697
83800
53080
84948
11999
51608
11311
89343
16044
52054
64735
54984
52290
18641
50651
41094
78965
26650
17205
91715
79673
83693
93617
91340
89979
47876
22036
46646
57851
60399
89959
81093
30917
74557
61518
801
90871
77088
78467
56597
40301
61682
69756
34364
97216
2452
95144
41419
78699
37075
42225
87336
86701
7628
50639
83564
99491
92783
65651
57083
16689
92294
74716
82784
86601
40279
75969
75104
87543
60342
70359
60655
78700
25460
16123
78297
991
52875
24953
37399
36194
78377
20686
69809
16876
74569
3843
73322
40642
38944
35529
79937
42533
33122
52293
97703
2137
34614
99945
76127
74022
50210
82729
6406
11432
46510
46723
39124
87120
56391
13573
39184
53783
65716
2293
25850
99597
41424
97393
1402
61098
22267
20674
10567
19145
2380
95093
56121
35936
56421
61855
2056
21854
79841
43537
11156
19591
84751
51199
11785
84140
28408
47283
3734
79768
83561
28756
73462
81120
79056
47839
97297
69190
28240
29243
88903
97789
22189
87369
11037
6696
6931
30403
17581
16885
225
83741
29330
53112
73089
2906
83874
77312
3966
14073
37143
31360
59964
98171
40590
75455
37042
63995
26271
66514
13779
76945
65596
36727
2832
631
1768
73974
66007
68707
78299
62101
9785
62682
58487
83698
89773
40512
58505
27334
18390
79809
35255
76846
22827
42504
73240
15572
50111
15797
29611
99359
94770
17767
31241
69359
90988
55131
90656
98537
73648
63959
71068
12918
79348
29532
34617
7601
1078
63379
42495
60577
63479
46924
40035
36157
59176
95134
41261
93882
2671
52519
37004
44622
89103
62242
81184
26516
75272
49828
1812
82700
44678
62902
37795
43583
58717
88188
95782
39026
64489
91645
37110
88267
47560
78843
99335
30511
89579
6907
80073
91748
12
24463
19726
10293
48993
87934
30358
907
39385
59265
74207
4397
97598
12394
46178
32860
737
86407
10792
41818
55738
44306
60149
20428
4762
33787
36883
18353
51798
7038
95449
63018
51671
38622
46279
71029
41067
24276
4236
90474
34777
62424
58284
96382
78394
42119
24468
18307
5356
36335
42685
82411
19834
81374
52692
90971
2976
95505
24208
91246
4030
91580
45331
76393
91562
91132
43026
64824
38752
4613
63306
26095
65392
58511
26666
74593
10262
56056
88802
69393
69489
67706
37009
65159
67698
53220
73552
83120
7706
98782
55526
73639
56521
73827
49182
67021
28014
51923
16041
11245
6111
86277
62355
28486
85394
4294
42221
96134
21130
15691
15432
19996
7747
73924
11091
99822
51233
24544
87946
15535
24812
13206
47183
65407
3632
42848
70469
70846
70850
4025
92138
84438
56620
13318
13694
31556
71649
74673
9330
48826
20962
87768
93308
49157
13945
53927
51727
63079
62042
14049
26839
87787
31058
51579
31751
4852
39062
28038
52237
5428
60935
43372
39456
72273
4210
43335
39485
2230
37583
12471
25559
44785
30855
95340
72486
40635
34201
14796
84586
43361
61261
38670
28851
433
64686
74283
43159
95089
18274
59005
62468
88882
74628
94327
93118
21938
73012
60986
17492
13447
46787
62238
38147
86882
17305
24579
50787
88611
2392
59312
89734
5866
87190
22983
64565
50211
11852
78820
60723
8014
21574
22429
24670
74831
86991
91434
85921
71932
12467
30284
52268
54756
98703
53940
66098
96011
27330
40281
54994
66871
19788
90759
56742
4360
41978
80751
2344
26178
23115
17850
84158
72545
22532
64344
66760
35968
88622
88222
7538
27266
86583
26728
77766
98069
67813
53248
46934
5600
68946
44827
24292
84845
5246
12268
53403
18951
9604
68149
19737
1831
35669
54839
9868
59178
25690
15699
53266
64980
99506
33113
29826
69213
3556
310
65810
10688
13531
79098
1272
57809
40865
65087
11525
63655
22285
9911
78068
12371
29379
52596
63461
47792
73652
66354
70418
11491
78198
23185
39389
1239
31402
82920
53439
83039
12543
62120
11257
18798
59336
25720
83148
49665
5857
26358
71638
55678
20645
15096
24541
61173
8971
62035
18176
76041
12969
56939
25201
5588
98366
28552
38838
75082
48014
62798
65346
13402
61791
71981
69711
16279
52331
95248
39893
52544
4716
55866
39955
13361
47402
14832
20392
76179
76909
730
92400
94039
95569
78690
8066
91651
37632
87258
38272
6462
53875
90216
70522
17464
27632
82506
68250
85425
94955
50382
97798
81854
70062
38885
79424
93754
4953
27332
5749
25826
21917
53169
95247
29050
34752
91666
10067
39818
26489
7138
11286
70515
70067
56219
93133
94988
22142
4717
58124
75971
54560
93253
72719
54561
3486
88517
63583
97883
11149
47803
93020
68830
43394
8685
59664
28675
96489
49873
52061
99050
91173
70255
58852
67433
69713
76968
83137
41841
38882
57830
77495
1600
15816
71176
26516
83654
77777
19643
29167
23156
79415
17389
41894
25103
50199
23628
21940
45498
24539
27560
88480
25523
55942
52843
7932
42275
62724
61377
99397
55807
11091
20849
24728
53880
9658
15027
41150
13300
93129
6521
83854
40825
38686
73972
85414
39142
66687
54787
63312
32909
58559
14432
92180
89505
9524
70361
1189
15462
76535
96859
68164
35276
6959
9134
92203
89748
95796
97204
31395
19470
40441
76178
52636
10900
66513
79141
19440
56177
32378
33209
36942
18584
94394
36785
75472
35220
42330
92572
32189
4036
43323
43502
80997
77805
87463
47079
62899
90410
74087
90198
27242
54572
69748
55097
11161
25861
15581
19385
88243
4765
33668
13746
42141
52125
12388
37399
95034
1542
77701
64953
93348
47041
23917
46988
71920
31230
81713
22320
34920
35740
24684
35123
93156
50007
31257
92691
61592
52473
47673
36710
28410
98459
26062
76976
45091
8753
88851
34979
43250
22698
92351
96517
45320
20182
65201
66646
48444
33476
14590
66999
17436
92717
24590
73331
25300
11985
26324
75208
17827
73134
2946
4952
30040
34087
18337
90545
51631
23372
32541
51847
60596
3806
23903
52838
90584
91665
70069
66316
47521
79440
64901
97669
27081
53834
35303
75268
86062
4909
29567
7994
23379
81284
29976
16229
38356
85847
46606
83394
46816
50549
43468
96317
21984
89591
13851
45124
70882
18916
45945
14577
71598
46907
92869
96108
47660
96810
5920
5304
96651
83413
58218
2296
22504
89077
87528
40979
96328
79871
90729
73688
10691
37526
77565
94694
39635
42019
90709
22749
15756
46713
18035
53839
93782
21495
59600
79150
10423
59798
41732
47356
15045
65276
42727
33719
46701
65733
54751
74285
94507
80972
85722
26120
50482
63660
15256
23772
21263
13858
49879
47696
789
27082
21139
52306
42292
51150
68556
84562
435
35864
36486
21655
86993
55093
44703
42588
90169
43649
1156
52418
75863
69043
87951
39447
50359
47701
35856
60895
45770
43533
45910
16272
85462
3898
73817
97115
52288
34435
82367
77545
74016
48842
53518
4408
89306
40882
3190
65118
42469
42594
16248
29511
133
42714
89912
22398
53815
77299
93272
67107
1256
99577
42174
38295
97786
3204
67706
79988
43696
89330
11004
18781
29977
15904
51890
90590
49903
58523
94953
85708
78503
12279
11052
17430
36544
88500
58024
5103
63702
17861
99052
25222
51958
45938
68317
60131
62155
12103
59018
71335
5671
39253
8845
63318
84459
16047
15968
22390
51474
44293
63973
70310
92875
30170
93513
82418
44521
63644
50818
74321
49026
16779
17419
17869
38971
62974
23360
14836
85540
99691
44342
33566
59796
73688
55487
89715
98763
28091
6510
31980
20220
68485
81887
5358
2970
29346
78049
66530
23168
46923
33395
16728
12645
76543
47841
92305
69121
88664
52768
42482
15591
56625
98237
72033
97167
12641
5702
36290
81315
37782
90317
48412
84784
65963
9911
19806
9538
50679
29196
59678
43765
53509
93903
67338
19477
21617
92543
6732
3524
85743
80767
94216
57245
86189
4523
38133
11136
81991
38609
96453
83504
89324
27162
34838
84392
74107
54334
40236
69079
39684
68866
30726
29715
73301
33005
98917
93513
90382
66394
53713
69218
94011
24087
21094
945
49151
14901
84328
18197
42805
45231
62871
46233
79302
11225
54318
42435
87909
92728
6595
14013
32442
51908
39357
81649
86684
44364
78964
30885
41649
56772
33507
25111
56981
97916
12803
97412
53708
63624
58890
4693
34582
83286
8160
4062
9302
38389
52442
67423
85124
33950
52706
82206
29827
68666
14388
92859
44837
75557
42231
10475
87422
35894
70949
19523
77606
40571
70057
86746
49311
15809
2543
2285
44067
11354
82881
1635
42806
22550
53301
12068
3059
25758
66570
72494
28752
82971
16200
92040
55502
84837
61193
59263
19900
65535
54321
79219
35404
84632
40560
82297
71517
60213
2369
38681
10026
93489
62068
77123
4671
71965
17496
54561
47305
73742
43271
99010
50692
43999
51100
91372
89988
47700
31985
59608
56191
36751
31003
81018
70424
56450
29809
49571
90151
60410
83741
69221
25823
78903
41630
15433
11990
63571
22694
16097
37425
20992
11248
71321
20845
24114
33630
12142
57812
73271
568
97494
70719
83738
27528
82044
91660
39608
41482
63752
2347
31991
70236
38609
35928
43866
75134
2701
90887
84946
74606
24799
82788
12862
24996
49902
19247
3640
84092
57657
54479
58073
10787
8935
9643
44037
66149
50418
68157
41070
53622
48850
73001
66230
76412
72377
25653
17835
50127
65838
40188
286
37539
63425
3063
20059
77417
19212
62125
65761
43519
74057
26425
14231
45444
59565
60553
96254
67091
30226
36661
64523
25610
78163
80490
93801
38384
44580
24089
54921
12098
63628
32083
45459
86718
55458
27195
63646
68483
70402
711
3207
729
50096
8759
93548
4589
51817
14672
82739
553
5905
24022
26944
9351
63072
2906
50403
92888
91463
85559
23887
70180
75896
4011
84080
72466
94637
11238
54559
41533
95155
92068
34518
86942
88685
63917
39852
94749
57856
74281
50989
88137
32654
72852
87875
17551
6531
1778
26383
95407
8919
84028
78150
95566
7027
59782
12535
53031
30407
68783
22429
76816
71559
27939
65470
92381
66723
37183
81519
40299
59436
91583
14783
2095
25741
35735
86309
48606
5005
4039
59314
49940
53806
13888
13879
56225
95778
63323
25038
38693
57729
29084
9210
88557
38711
30357
74435
34746
60614
27564
38803
63373
63422
94591
89308
38131
94182
82765
31034
52443
48461
26843
25771
78851
18251
21931
20737
25545
96877
10282
59454
14327
21477
79970
35750
39579
18136
36366
11180
94612
67454
11312
70281
81814
61990
76556
80442
35563
93469
11770
90768
46690
50214
96175
43105
73405
29272
18620
4535
43464
86854
15681
16706
44060
59208
40547
60115
50686
3978
81244
15415
65016
61811
11114
36453
58665
10408
72254
38077
70146
38394
11264
52596
69311
77998
44948
50657
4889
23982
5306
93469
52331
5582
71256
90033
14157
2849
44711
72124
36047
44819
26108
47075
14008
28696
37181
67735
19486
93359
49030
4233
1743
55214
66109
3176
92817
80104
32346
59899
14931
88266
20985
73843
50414
96328
19594
2220
64200
17425
2833
43495
22882
13743
73966
38177
59497
5278
37917
31422
62440
96182
65785
85471
79581
98272
30241
19159
73118
69486
77629
6921
43051
78996
75160
78423
11486
43780
98519
10783
98008
38592
47758
70010
91648
1134
22600
63166
55186
29242
4751
81859
39993
50479
15427
91843
65145
63953
5628
27435
30301
66220
49470
99274
89441
78434
27089
77747
215
31875
30309
48181
59747
67510
1257
94852
71322
27194
19955
93268
51799
48182
11050
88109
31151
90632
27125
5900
40129
11310
65442
11222
67578
77521
39277
59125
6429
38228
31059
85875
18244
44489
6732
66476
71826
40686
52311
49093
93638
14173
40084
42097
66955
54074
7484
86774
31947
4186
76660
82156
27822
55153
32708
68584
99174
3865
2314
32601
2289
39701
27178
59047
24251
18918
30064
21030
29758
93268
55037
85875
69613
98381
3557
69498
26946
79055
97041
88936
1763
40504
25900
74526
69080
52459
5021
96071
9100
22372
4315
37553
21125
95925
65106
27033
73553
68803
57392
73114
43663
56031
17156
55034
44705
87916
71190
8297
21555
67171
50308
20824
73823
37938
57244
29543
36757
27566
1373
53691
63088
36856
4018
24442
87257
76706
91937
4393
7778
10260
48855
90383
18408
98204
60518
11797
63065
93696
17368
28461
82604
53568
15436
45143
98040
77516
55539
10189
34391
38522
37317
12315
12868
95276
58662
52603
2182
32632
36412
64985
80958
61046
46305
10300
97144
71898
22671
49742
48588
805
70268
70720
72284
9214
76368
83893
6060
90450
59287
17154
85943
89858
84299
95807
41219
10807
69015
56335
74562
33171
57129
40561
23793
26858
79923
15649
64742
30713
5636
1539
93750
58541
11515
26107
36813
98377
61066
18890
17477
84064
77633
57580
47963
42550
77522
70500
36063
17386
8859
31619
86887
18436
8684
34060
47440
37869
96452
69473
48787
52940
97042
3180
73428
93326
45154
83931
21989
36671
19568
31566
28071
7485
25510
23434
35542
45334
59
77089
84066
1672
36574
23741
47731
92624
49256
40942
30163
89730
4055
64088
66811
75291
39598
85116
88938
47213
50036
33514
61592
90202
40824
25454
43946
51788
11528
50395
17410
86635
48463
46323
52431
53693
90256
27497
31197
24751
29922
33563
14371
26625
55830
21841
17118
64894
8714
65185
19981
51606
70614
51960
157
34271
13865
39724
36491
55186
94873
23071
49507
73780
21967
25544
56158
21646
78051
86840
83687
58607
93187
5961
49981
91618
68018
44962
62459
12403
43227
83028
65126
60531
7219
29667
98176
20254
18460
12956
80462
75327
79107
7418
80802
11511
27245
70138
10456
22591
1241
74627
74801
78505
5345
45810
57029
99030
99909
16244
9048
67114
56596
3490
86366
74684
95240
18401
68096
42163
42597
81806
6162
7823
58336
97186
2983
18748
53283
57713
99544
39452
88970
26643
78369
52445
17143
58979
52966
49661
65958
44271
95340
60327
54330
53160
66071
9848
95488
4732
68162
92741
53380
74409
92548
85457
85352
28059
84682
70428
24316
13839
47847
31860
12305
22525
66905
13084
23478
92655
93562
97237
69698
95276
98464
63962
9318
42951
57863
3498
98329
16332
83769
19155
88646
50074
87337
6150
75690
82075
60136
49239
49534
82343
17577
44529
52232
45514
38971
49456
35939
50945
95811
72709
6209
34908
12216
95374
56595
29477
87643
78292
96806
70930
31863
65145
66442
58094
94977
22079
95043
61428
1090
8053
88866
44502
50252
49424
6635
3128
71374
95218
85473
55777
21051
31845
94989
86353
26823
45938
49407
70258
21594
55487
74203
88381
16775
96372
75881
26186
65750
42505
59791
6498
12743
12344
90078
84953
39586
36506
64102
99437
1511
45783
9214
63128
74453
9582
67954
34348
38915
40319
99907
68883
88861
80388
18708
53471
39574
39047
15861
44987
59785
68801
60415
33204
54525
98215
46661
90685
95044
99147
50201
68001
92127
89590
18750
61945
61466
80024
52086
49695
23799
95890
15495
37320
18170
39318
75232
86413
97439
82826
2409
34311
53876
58614
92114
66932
97816
80870
23551
21201
87093
22507
96046
70771
83380
37750
7860
83567
91303
10153
50496
58791
17122
69861
63390
10354
41484
20140
9968
48947
29666
41640
12836
44955
17789
17778
13164
60800
98608
6650
29674
57316
32270
52100
54484
18234
68299
74144
93054
57439
69566
4058
45948
48866
27913
4917
82830
9810
98034
75566
35470
61666
72987
3351
25999
81816
72858
58327
37752
99561
81715
52533
63147
32232
58087
27649
47580
19633
50580
69981
84333
886
93732
50126
70924
70454
72881
34825
82223
88989
39417
35639
67820
99248
45908
90990
18120
47979
86663
26146
7849
66655
47183
43367
80432
85387
79310
38180
94891
96405
14622
4446
18534
14055
75127
20720
84570
78741
62811
60214
90176
6784
55008
12417
19462
89204
20540
28345
48002
60202
84564
84550
36496
64966
95401
75946
50736
48322
92464
53953
40574
69736
46214
84892
45189
26715
89408
70840
56001
86844
98990
66707
25918
97885
53315
55984
34585
6919
51131
92879
75912
68786
84151
52965
78976
8438
94781
44577
86584
99144
71541
31286
30013
17282
97229
47940
59906
53825
85783
23772
56034
32741
53732
12639
32134
70214
33186
30212
20980
11710
22539
34143
70851
55821
57697
32959
68063
90367
80928
99211
75940
85547
13845
43145
13529
30139
23290
88687
92694
36756
48242
32081
62822
91320
77274
52528
16395
59447
43194
99502
62905
69301
20462
66237
24936
49152
62309
19454
15727
25409
74582
48633
43427
73064
76522
49689
89162
90533
64081
34648
78380
38096
77780
15389
67767
36664
12543
69435
84465
67224
23547
63680
99471
93192
57422
59477
38396
58168
25637
27383
32336
11594
94727
50549
71010
97101
56005
40880
69829
74676
14882
11909
47897
27466
90052
93587
42582
79430
35530
23281
11516
86308
72931
65713
81577
97443
47901
5089
81927
75839
11146
2024
64508
20732
84747
34250
82503
62250
65056
24864
42796
21077
39867
94826
83490
95048
15879
99454
18260
93633
92913
53293
46040
16295
32793
95898
29374
87776
79901
40136
28264
58966
91524
61003
95842
25004
18067
78693
92832
48204
34033
14986
93176
2206
94119
8913
55400
64937
71310
90812
4403
90521
71374
94376
46478
54377
76874
72752
77181
83497
23719
16728
28536
73008
99864
38188
25258
33273
56783
23659
7682
18530
70163
902
26469
89310
49275
92493
51034
82440
18544
722
85983
57666
10991
25884
81357
81394
90536
20058
74127
93751
27933
6372
78055
73360
78085
41409
96982
59724
62894
53865
45811
70221
80565
54946
72247
74042
24655
17995
96383
60268
22577
32042
40281
80485
37014
80118
64429
98870
28992
84654
74469
20928
60844
98221
6670
83678
86898
43722
64516
59385
91180
45818
19849
60857
7946
65700
75618
1611
39838
36509
14206
58514
977
56845
99661
50458
39854
86462
38427
49628
91729
84099
75919
94011
99334
11987
6933
13735
10739
59890
89238
88532
81630
67865
82670
42757
51071
83224
30892
48009
76850
62892
21609
88722
31050
67984
37635
9458
52066
34123
24119
53673
83023
90632
98684
44601
99121
14202
68076
80366
72361
44498
86845
29826
36283
17399
91092
78391
62328
10165
63544
23902
25921
97537
23063
8880
40724
54069
33333
71707
88355
70558
23809
46540
12842
74469
2717
34046
60341
15369
41475
74198
7278
44475
44858
71336
45624
93335
14578
83465
19208
80510
16025
27345
33786
78015
19855
15698
14186
47896
16683
52131
91055
8666
79747
97896
92940
58593
10715
99705
81014
33979
12700
29184
99948
82521
26244
5804
69476
75614
45936
52207
91687
45316
35236
28005
49103
78999
58272
89006
49574
62785
20702
59275
60062
35023
44030
85869
21536
92792
75291
27622
93570
86937
43747
21893
21828
99830
83503
20690
479
25594
48641
90092
54860
90420
34543
59365
58170
53832
6449
62245
24449
89141
79953
43538
90323
51351
65863
95919
8695
92004
20968
53295
99681
52136
79708
88850
36705
4993
13435
68923
42456
54063
71374
13225
28175
42734
61692
3894
61550
69971
79870
53848
5582
9898
58027
40280
27260
39905
38518
87273
12226
74219
20651
87598
17645
10986
94908
29458
22062
4050
38235
92932
46648
93684
9646
16211
8557
94803
44160
44581
60789
67810
90471
11378
25376
62169
47479
20640
41875
36829
53176
17996
49354
82293
19853
92
1616
2909
28923
49407
92161
10547
58048
66124
20364
11121
99771
48899
23482
71421
40853
31342
4018
38083
72586
84889
82867
82910
56648
78294
27726
99618
11766
19200
6385
17434
84369
59082
58274
52536
36966
77621
64831
81562
78760
62889
74333
42572
42140
82160
9111
27911
42451
31470
62901
70226
61733
74445
18544
76285
52997
10751
5805
90805
53430
95681
23227
86382
622
56502
65454
70474
81798
91739
6444
86324
30877
13514
54105
72962
11467
80888
45720
46271
39165
22969
93335
50834
50271
6846
53869
27265
65208
63570
49421
84872
9840
74878
41888
55051
30906
22719
65595
8236
16412
53158
60632
6237
12803
26343
67132
84960
4494
55171
64344
18469
55171
90618
29487
464
15832
90089
71477
50717
71782
33530
11381
75376
87539
27138
40906
6469
96158
26228
72435
84449
37280
22183
45891
85870
54728
27004
27385
27327
63982
1241
62653
86037
97755
48034
85178
6498
63378
69114
78957
39932
62104
5995
15400
6033
57715
7343
40278
28625
36333
35684
74807
26186
94078
13257
76014
24065
79421
97874
79999
39534
11432
30056
99518
5682
88984
74718
9908
83483
10386
70210
97467
9370
66948
72470
35296
14914
54769
59956
56128
26974
59744
82670
91520
21441
89118
73147
9362
96697
81637
73161
3138
543
27579
70836
38671
79418
28269
92472
29950
38006
83854
74103
1937
70049
45375
91187
32607
93148
40605
92627
9303
21067
21644
75723
39979
82882
54248
49893
40695
37764
84046
70258
48514
52859
1183
43884
72224
86256
3149
61241
94924
92083
15502
7125
89598
52251
30799
5850
21437
42616
44916
45089
93406
97408
41372
57611
45301
62873
54195
32601
36280
16999
6601
2361
56733
96599
3087
91246
41063
44556
57539
35058
21627
46749
52824
31002
7178
47999
29328
41349
65452
18363
36989
78512
41904
23886
10786
61401
91527
32919
22816
28424
19220
27657
74861
239
82972
8149
90387
59779
66922
88164
32959
32139
32507
12893
34116
95914
79656
74187
84288
63979
68466
40866
42577
41794
83202
45947
13640
47747
87964
81056
75233
54999
93555
61915
46211
68537
28921
86564
18531
67640
89610
40354
3246
6763
69543
9337
28776
49175
18424
28358
32147
56509
60742
90733
57927
42975
48537
43137
47641
85491
39178
72221
56404
75914
85647
51839
38714
67873
6748
92871
64279
67842
52881
12136
25051
12288
23340
66038
97049
17266
27501
40153
3404
87647
88738
67130
93442
94547
5408
44383
91499
79616
45054
47585
57239
50952
71651
62384
47876
89910
23341
63319
34985
43960
28181
1743
64752
78122
26575
85855
10034
38884
13883
29158
4545
39810
75794
1184
74546
97753
42099
90626
53764
17058
99435
38054
87402
85481
43506
19662
33734
47641
18801
67967
31125
28558
642
81838
54205
1069
2144
44214
37362
95381
36866
16709
43883
13330
73852
20823
74040
93360
59050
86841
24212
58597
43642
12599
3552
26523
87268
71994
4831
91097
60963
80851
52257
55512
24711
69360
41954
47906
38993
28433
41168
16351
78608
21514
61201
36793
71443
72451
49857
17582
13228
80067
84526
84555
60257
56181
3154
78150
23433
65479
67277
36009
95907
7132
66479
75674
75384
54712
29769
46476
90380
74080
41390
73110
61602
43926
85784
78614
52396
80963
91284
30111
81110
22447
99415
96705
51659
45011
24027
38584
94219
72009
21283
67368
6533
42470
11077
8995
68917
97698
17726
10334
68059
18517
79708
62690
84476
30733
95238
98847
56610
2124
5223
89026
79661
46565
33370
26874
53630
7101
77747
25305
23125
43066
89130
36900
71014
65520
24125
24579
76042
9546
56327
19910
73615
96828
16130
76510
91531
30544
56581
77209
33750
47880
11463
14511
98225
18508
7973
93874
90172
10270
18350
63654
98998
70986
51762
4885
6399
39799
25177
22428
63512
66464
46168
33557
18597
59
15378
70295
28622
17275
19678
92829
14812
60049
79281
80119
93150
62825
86123
24673
13237
25875
37615
35977
73907
34801
15717
78305
51101
50632
29787
38140
77208
20041
63874
95819
43768
50652
65966
68374
10371
84093
83743
29173
62760
57448
43963
58041
27342
11430
66183
67613
58263
31556
67189
4040
74710
64144
25190
77549
12164
79358
69367
97298
4290
21261
68126
54498
63355
7945
20183
10268
51999
40527
55756
90487
10692
8778
75842
26002
24779
47665
81031
21626
83016
63806
25386
61863
69594
15722
74246
43881
28022
42526
83823
38608
64148
96500
73842
82071
57611
31255
99470
3816
75570
99809
51952
32635
51006
95556
92442
39867
27239
56445
45212
70364
501
54908
84423
67166
9023
44777
40007
74711
44093
14408
14216
95010
21941
68970
951
36472
15934
99999
370
2882
37521
89846
48614
46823
63559
82909
50016
68622
33563
5956
66593
52110
49891
5535
2623
34369
1672
58530
38778
18673
10897
89556
54224
48623
21673
66580
95780
67670
43112
35992
21918
35481
82337
12136
49562
26904
44362
63818
64536
90738
88264
69981
79868
8665
14920
83160
38944
70113
37787
82165
41013
93767
61632
43663
94662
23416
36443
9665
42129
86442
79027
40608
50660
77413
85679
65954
16822
32671
75148
46570
66584
85075
7063
56345
27110
74360
55227
6549
79023
99017
16117
94506
19377
72340
13564
94343
15028
29629
58546
11815
21281
91730
58358
92561
62096
19997
38717
2546
52656
99358
18248
43219
35908
19921
67239
37080
77934
43045
3678
72890
71700
67535
56049
5105
67183
87569
1503
89560
59601
48256
80263
47176
68583
28285
93583
48514
68771
89276
77291
3623
22685
30753
82460
28219
44627
47944
49919
563
13469
95169
63340
84703
83784
97677
4871
20433
28382
33018
77454
76477
11171
9096
12001
22528
74566
93561
41467
16379
59112
17206
74071
52797
6514
29731
65451
23637
49041
12988
15878
13009
87782
2185
29689
53132
33193
40491
90614
36955
59536
69436
70249
26657
47187
72738
81075
20042
21219
40062
62697
89062
18454
59352
1504
45822
93862
27552
17114
52843
71752
1085
6175
93532
25670
85272
3488
97590
80107
25038
90608
46920
80471
15979
92750
54412
47806
19902
95041
22109
36742
25612
33283
66413
47939
66173
5611
70054
27081
16471
90798
84430
67203
77301
84822
80165
74929
98597
41460
80043
69418
39578
33016
28910
43047
79076
25559
30293
86972
87951
30171
36498
79781
22124
57317
20669
90624
73127
30902
76674
59999
71283
37598
39658
95346
23993
23002
52074
43162
48092
95581
47410
28522
41642
80762
62003
93062
72824
85956
18815
76371
75154
14318
92905
89256
93225
25744
51066
77495
65451
68195
83005
79358
7184
64132
30200
40744
13
48943
28337
56778
85728
67318
8968
87345
98795
62327
40386
89592
23962
64271
98433
51170
48098
33057
58410
15662
34823
51329
48570
34162
21389
6461
16924
737
36257
20040
51164
47823
58632
59117
97314
67739
21522
70156
90005
34968
35719
7386
33523
95619
78603
49868
51475
55309
37843
13962
82306
74124
45364
92616
18744
64138
97012
76239
97574
6173
96679
5090
52645
600
56537
85869
79999
88639
76526
45545
77258
14934
24990
35328
93511
23497
38034
31711
68091
10196
38071
60495
81350
67160
93507
82526
83879
30231
57696
40963
54365
56421
36004
89672
97259
61158
53058
31806
50466
19984
48886
84673
15891
38283
15575
38585
40786
86636
80916
82574
36321
22023
53123
10098
80568
73241
11360
6977
46242
94583
40469
97020
30776
21753
61841
45120
4123
38045
40288
9160
28505
66060
76790
98086
3829
63973
8307
6332
88667
43652
38690
74469
10064
54983
83915
1383
26259
51087
28266
28000
63719
72000
60146
32376
57615
1915
52897
17473
57252
1723
90978
55532
55569
36657
52881
7002
22355
62759
71347
79899
28761
84867
2830
20331
79296
21502
17268
46795
84306
71944
12924
31607
28045
77135
75402
89443
62876
97948
87912
30378
20865
49691
46809
78444
5009
87441
73297
94779
49965
34141
66746
64092
58441
8020
6215
43824
1137
88358
16385
54594
9670
24328
57981
24600
28944
53275
88782
1344
89747
90722
59108
81024
31122
65514
62814
60890
67763
3214
44171
39019
14818
40283
26458
61567
9393
12283
36418
19053
13115
54182
1303
6270
84700
41136
70783
64318
60826
12620
64999
36719
49209
76868
54694
60101
41239
30974
41863
3161
60979
10055
41722
88216
53390
48625
95058
31811
15019
41639
6569
98490
49530
30153
28396
76894
31449
33079
46418
9857
60622
48606
15266
40660
2280
12893
64394
45463
91858
17285
93610
20961
95915
9957
4551
78687
11837
48246
66560
69956
32206
86655
64771
93322
21989
50855
98360
79818
58918
5441
82527
43951
92754
85484
32692
50265
69799
80644
71467
17823
62549
46617
11518
8205
79951
8686
8919
75505
31651
25046
96409
45118
78686
32884
96900
34167
29666
98924
69512
68186
79262
31216
23986
95915
52478
95075
77946
14851
60004
39944
34124
6216
44774
37648
59143
61292
18637
35501
71700
35103
90410
46348
5069
91670
52392
19235
10003
87546
11689
75979
50785
76677
65096
55695
92536
79226
12098
69066
3957
57028
57356
89707
41561
71359
47719
51169
89548
89546
38517
59825
60306
77299
674
35277
52487
47695
71109
85987
59334
94190
30678
24287
91954
67532
91874
89280
5774
36726
99096
4696
45748
87372
22348
67386
65779
41180
64278
83942
64912
66162
26155
1940
71929
36942
75903
65974
37919
99881
41563
76684
22199
83677
21031
12104
84896
693
19067
4312
96426
81697
70456
94402
36672
64315
27020
93644
50258
21665
68081
23388
30904
80067
27062
13798
61064
63863
81830
92574
65089
60652
18884
15023
1014
47056
11952
61017
54126
52472
81745
21773
89736
41726
88558
99564
39953
25598
53481
75612
89598
27835
54994
54259
65269
39107
62649
64643
15150
570
79800
55192
34325
29453
13375
37533
88463
5630
54744
96287
50299
73415
65109
42958
89107
35289
98368
51891
17762
12687
64931
68528
49564
32213
40484
28763
27502
94863
34375
8746
58402
31976
52183
56785
3195
4658
81750
71868
18550
45857
42804
10560
88240
94765
88800
62603
97810
19500
32774
31662
3582
65933
29126
58182
45951
48134
14265
90850
56250
26750
24446
61303
3938
17956
14872
25873
2536
93932
82767
43887
20695
58886
40665
50428
84423
74483
82611
3772
63486
30093
22065
53733
39199
63682
81230
49277
43284
61849
93763
3674
18598
28206
43109
5923
85985
32689
51293
55130
17284
4464
43098
8263
88989
68262
34786
63566
8738
69141
39503
53357
73758
39216
10838
30709
77116
78222
64444
39141
61989
17210
35517
6257
15006
27192
3160
30442
22748
3597
98704
42359
31482
25666
12505
81055
7892
48419
14439
11978
92057
66981
16224
15204
79682
7346
83005
45534
37574
93412
84854
95520
65544
35007
99810
73681
28888
61599
88
26048
14397
74256
29740
25224
85062
98632
18545
27820
25648
47686
71251
33532
26308
12854
71031
30665
18079
53578
91574
66756
44729
42083
62308
33426
78191
68299
54116
97289
9448
10614
47173
45282
44636
35709
22753
33199
54162
82487
1137
90963
28260
56133
31212
42887
85378
10069
31294
92745
59675
97418
11803
21348
17443
4906
97677
85173
99290
67843
15087
94895
91592
98024
40519
51175
59200
44956
9527
89435
65838
21462
98458
1970
32655
20484
64546
73610
50477
61604
91726
63643
41692
76899
78273
19614
18019
25754
76897
3655
39993
45723
30780
2261
40964
38279
95802
83597
11911
39482
60331
74961
96874
39878
9411
7220
17961
65933
72026
75159
63450
30088
76246
79817
12294
82113
31990
34759
5003
23075
10471
9567
89510
68807
42066
37996
48064
68104
75240
77379
69843
5192
57134
15681
20461
92909
39790
53243
94867
57377
39111
37154
57888
78257
32779
29780
42055
41720
12027
79631
39834
20985
38572
61800
64023
74258
10554
56573
45946
67849
53041
47991
71412
33344
8682
9095
48099
49626
32135
81854
5174
51124
26068
45769
99836
37945
30561
65909
25189
61533
3329
22203
80379
66332
19924
14382
40533
27151
71721
99792
88582
89802
80656
68183
7410
47215
45485
636
58915
104
11967
43603
45243
18286
34714
33511
10065
85881
79363
79434
35122
2553
87746
41765
97893
31456
4659
66593
96230
92757
16566
70648
5704
24202
94008
65774
95759
83186
71249
11822
87090
47913
16131
56397
77610
24599
8370
27748
63694
64155
5999
13379
19623
98637
28995
48414
48828
51931
41832
38477
23685
84952
20751
89446
94133
88096
9014
6590
44601
97260
11060
62841
98598
35573
91715
6155
67623
16978
19812
91443
66295
20621
52125
68108
65771
91716
29392
28518
70392
98160
69516
75151
28028
72160
63860
9988
40688
96002
56360
74263
87421
92407
72850
83982
10610
60826
39591
66094
86069
45899
43731
47147
18819
90116
87542
40293
11806
70049
94195
96869
27615
31965
54772
87581
10293
88915
88035
3177
99095
21200
63472
29535
67968
69675
11566
71615
72219
87405
34211
25372
51772
16665
23464
6309
41564
79814
28627
22805
56857
14455
20264
17162
33926
26350
22240
14969
84383
80729
74268
16792
58634
36284
36950
27978
23316
98458
28679
66483
76823
93949
24225
72356
12959
30892
20722
11687
88241
5410
46283
47467
14741
54256
59615
61832
31985
66969
71594
34537
26104
6948
52815
17658
71794
96565
50310
59900
23860
22092
45790
42783
23108
62612
11388
24666
2665
57689
36612
24470
16892
8286
45751
46022
23561
8869
21830
29215
32867
57828
34582
99233
97424
1923
69233
51068
40505
43219
19219
11579
22749
12588
18985
23398
12565
60541
92056
10448
75163
1318
50199
76708
37367
88575
36282
64249
23667
45997
10005
4635
62169
31714
81369
26048
79417
32442
9564
11157
20857
96573
715
28177
21461
52708
90792
2787
68854
22986
18827
79438
24906
3916
21764
34180
29614
58793
74028
2831
36058
20983
90896
82360
56027
14296
6735
60638
70725
85735
24091
21369
99451
32495
5082
96254
76303
58829
26795
10494
46231
96799
18784
75989
79043
29483
86999
36668
41657
56519
9726
66365
87955
9894
1231
93824
78467
85781
99628
88886
16497
14104
32068
13664
29669
91609
24487
33964
71737
58305
66938
52969
82980
39668
90971
52748
3340
41387
21006
35586
91298
22606
85620
2577
62238
11790
67802
16642
25075
71215
34619
60286
64205
68595
11722
47502
10709
42140
34624
6871
61053
53392
6172
22661
20719
71073
39993
69036
58172
43994
16974
53635
44883
35711
2524
96229
4829
97388
91136
94270
18315
16833
57062
71192
34309
67778
69098
60753
81112
58098
42533
36982
43775
39714
83749
48276
9786
50542
5187
56532
80248
93976
7977
95151
79682
19600
1953
14859
92485
56306
15099
31771
8659
70662
49379
49843
78581
58244
22528
13440
59357
90855
41057
65162
2245
3291
73963
1124
90366
37358
91098
9182
68489
82380
36608
21852
39125
93482
26482
33469
57963
58986
44803
25112
13458
31694
21074
78352
74571
70884
51452
52097
70044
76578
70355
56818
65801
86083
90579
74879
69635
83955
70150
30971
41750
54930
86472
78910
31780
15564
41676
12891
27908
55337
53646
36029
981
25148
1733
81193
88499
33227
65238
92076
52527
46078
66126
88570
52716
58895
86427
29813
13698
31563
4346
28114
30786
72126
54884
97514
6204
90648
53480
11166
84662
25412
65355
6318
29774
39379
21777
59841
89987
214
37969
57454
83452
89305
43645
51241
39373
67322
39995
67338
77005
81730
1191
21965
17956
63695
95403
18047
94568
7096
94102
2310
31643
76895
54205
82756
79653
63276
80008
91841
19199
60007
66156
73586
64257
66081
99600
82650
99826
86295
23647
47850
52430
43331
6944
73661
24949
16319
75779
24344
38699
66287
85237
71454
99141
6875
42723
74816
96529
68200
43244
50259
10674
45347
48233
23796
89912
41317
83744
11628
50407
25441
89511
97065
32505
71791
92263
25998
43108
62145
47115
51959
48454
16040
56062
21973
9701
4626
82453
79465
56462
85283
3105
63575
57844
85637
89961
70487
99535
38905
71747
64180
86634
90848
48722
80946
3398
15842
17808
62892
48453
4895
65414
46166
47137
46826
55556
77585
57349
58829
23980
12604
81095
160
99825
28522
95807
64066
3575
33749
55830
36596
16431
68459
31645
29607
71499
25958
63192
19929
99154
51094
37798
13568
77816
358
9626
35036
68310
38028
51766
73182
87462
49482
63208
25566
98872
87934
14736
66895
98209
77883
4214
69676
63536
78014
74861
64896
13578
43671
54387
48806
3298
52061
11895
4315
79175
62048
51116
67617
74568
34508
76424
80222
17280
15725
78195
63840
41380
46726
43840
13568
53788
53171
21661
14803
47513
66005
74005
55535
44813
91924
44851
94377
84661
3956
82279
11571
33726
44057
90080
56355
34541
59810
66832
32088
75779
50931
48284
44851
2102
29669
6118
82442
89788
46169
30539
92867
9245
42718
43365
28337
4888
82107
34312
30556
49947
70551
87466
87414
88429
24965
96896
29419
80085
68526
91732
38327
59390
75690
13226
51666
29440
91744
27240
98723
93751
43261
74364
92416
65505
30914
23868
36262
17575
91742
14389
90868
51962
62128
51038
70249
28515
5516
27158
19552
32297
11465
27302
11482
16450
15914
29356
75456
83326
97545
2710
22404
24544
49915
58808
84762
78424
69789
97854
3249
7712
37351
37751
15826
72426
15548
37741
54093
5334
65095
58668
59662
1712
40683
9481
6532
80922
15690
79932
9607
420
6305
92604
17491
59413
2282
81007
51574
69582
74235
59154
85152
14658
90057
99945
2677
41355
18209
40025
19101
3133
19503
4516
4834
45766
91669
47873
56691
36599
65890
38529
79066
56485
69921
36231
51331
59803
24654
65649
25527
41959
73367
53924
53874
62998
62996
56680
46919
84264
14852
56760
46198
5371
30491
72604
78958
13951
44368
18986
55898
41522
5863
69936
30015
72533
67526
71870
10577
59457
77375
50798
40978
99441
65526
43986
47565
55393
8420
18690
11076
28177
26235
74120
65645
78098
29545
31707
32676
55840
72048
30981
96141
27994
89702
73945
65263
38092
23097
2371
59855
89957
4407
17557
66631
45081
79202
50543
17115
81494
47376
17482
92812
73970
97279
30414
68951
55936
86092
98026
76716
35976
16781
27532
48547
33543
76440
35212
41634
78781
81380
75279
35852
21545
88631
99002
49555
44374
28488
65307
71761
68393
60481
22799
65777
56736
94796
8863
35947
20328
50887
23189
66840
52825
14999
38738
76381
2752
75665
65056
91313
97285
17922
16046
26638
31366
72912
2474
85822
80607
33318
10002
3484
2597
85164
58643
51593
61849
62898
89293
54999
73500
42772
90363
79866
93617
32825
18718
45665
43927
3164
51157
31279
46423
99607
91046
93376
21590
55208
28445
81516
56768
4104
49920
75120
52952
37723
91560
73696
1139
83585
49434
24795
65912
99906
57608
59164
6839
12056
50588
56167
47391
11719
73697
45958
31578
25690
59457
36453
28405
77495
6829
51034
267
4752
64952
76800
68980
64417
32694
80788
36438
52810
45299
56711
15453
52563
67698
22448
8841
78335
17916
13068
55217
48431
72942
79563
63106
87992
58427
30275
2942
2100
596
82570
71812
18591
55499
22636
85459
69020
10395
30662
70277
54557
50653
80301
65354
7739
2352
48508
64901
55610
94850
38272
14652
57328
17937
7887
42881
11865
14229
41442
60277
22848
22281
3818
85712
5273
31430
67253
67120
41697
86341
24173
60064
87584
52378
3258
20608
79325
26102
28072
10711
56531
75540
46898
15916
35974
25340
91969
11768
62684
79815
83241
85578
13524
27850
64299
43575
66044
93344
55489
88880
10755
42149
18530
77099
35284
7835
58810
82538
74959
71541
31077
55708
35095
61350
95720
58041
65630
15475
96493
77038
74536
23620
90522
42057
98778
14767
79572
21393
7540
79855
84863
13059
74619
50079
72340
69784
75425
40303
10746
8382
23071
94296
61738
82632
45418
46400
74233
78463
58424
41399
76120
63173
16796
69512
30025
22537
37533
39866
32007
74066
67120
32489
7520
9732
2273
33684
17052
18548
9616
86946
25479
74392
9773
16593
51227
27057
4933
86179
69176
61862
40319
36197
74333
7012
95635
23256
73451
40595
26736
83728
69022
84675
49380
37224
70163
39122
38255
45686
15692
66834
13804
84642
68954
48854
47187
5775
997
78239
25510
80305
13061
7285
57882
11327
8701
7930
4636
69156
40284
85010
66800
77154
28727
63662
52131
5386
9476
82754
76658
85614
44324
50252
534
19199
1194
70305
11614
15531
20583
47786
78138
83398
31165
30325
83877
47631
19641
35586
71447
7694
34755
8833
46640
74532
49579
79828
40265
80951
98149
40055
76803
1092
57046
36356
41064
1604
71822
19351
78420
36386
88170
70056
31576
31583
89600
32175
63578
34940
22469
68621
19229
76876
31489
55333
84428
80443
72519
44901
94996
82407
96431
23915
90373
13764
43308
11636
92769
38598
32808
71859
45828
51127
80086
43546
54527
17887
45630
29779
21701
44500
80274
76882
63727
87536
84139
88208
19584
95498
77764
70803
73989
76810
42375
25379
63794
27598
80390
96113
1949
2756
28471
2355
37060
39670
35827
10331
12273
87770
76954
49202
16198
70458
41328
53861
28782
74637
22384
47803
49157
65018
3712
52594
98044
46193
15328
43446
10016
52991
1711
12687
9967
82173
82488
46419
78907
25049
67532
55460
20745
34197
25889
51773
5729
15004
43692
56033
39663
9667
45367
25664
59941
60508
76514
47321
50169
48402
88883
54095
94275
13333
53020
60720
96520
99215
11353
43309
62315
15024
93216
63451
71135
46165
35349
75286
40209
80426
68562
48476
22791
48913
66740
95623
58222
29620
74246
35405
27491
16414
22917
6215
77806
69066
15874
57458
40771
93770
16020
91857
52296
39069
28207
42520
81111
87249
76203
52334
43378
7717
17412
90999
5627
71099
33005
61796
64246
33485
11165
88947
98971
74475
26470
78221
36444
94023
1985
65527
94531
49316
3039
31735
98971
94397
6014
49387
38866
8293
82102
75533
60610
69339
61252
48341
38909
808
72187
49416
38162
23379
52726
30430
12724
68587
80946
47236
91360
12708
86317
49595
12962
50139
41265
62890
13780
41098
51624
39446
52806
54568
21984
16192
21077
66412
36037
88730
33267
20285
22271
72040
19244
82542
77080
50959
37610
34858
58164
57792
753
6759
18908
38415
96558
53670
24055
86500
746
75431
58921
74135
93253
86914
61333
89732
76868
98350
66362
41262
93259
12438
42044
51900
59969
31386
82254
45675
33931
94845
13977
44026
16781
99607
97421
361
69932
15643
84729
8208
38777
64350
37309
97547
53979
31288
93394
20789
29370
50342
43710
19122
3490
1139
59935
710
15295
23037
86573
99731
73044
46894
63760
56142
27171
110
6134
33868
82603
86718
30953
67987
96465
49945
18501
18709
12582
83274
96448
75589
24409
30570
44419
12707
15280
73880
4328
18687
28452
52692
3179
96942
61230
49078
88180
97873
42244
84432
99977
7117
60187
41914
50314
87850
16826
85094
60000
66058
39140
52469
34207
21873
15207
80435
37823
99038
97455
61021
87475
68207
69912
31797
87404
61697
64824
20243
89803
15949
98755
57633
50272
26334
53571
15707
43242
91277
87437
27229
8301
61672
79337
89027
66216
63476
29624
905
31358
48552
99768
54933
78177
76377
95841
62774
43828
70467
98758
94491
39639
19181
17239
68183
89926
41812
81251
51735
34519
13324
11206
81744
85747
27265
88584
10721
78803
58951
49690
74868
12972
87845
62967
31315
4211
76297
60011
59214
19546
81186
15639
63534
62274
59011
49187
64706
47704
30764
61077
47510
72400
69856
6004
12213
10962
81572
20506
16010
66379
40371
39662
74674
37040
59463
31774
22400
59776
60418
81182
33127
33425
83826
42255
49934
86366
17114
54540
9689
16449
26911
32922
37707
92867
26482
14886
76988
43721
96566
39392
91587
55753
78139
62953
2819
37101
62230
3284
93330
72326
54645
72314
32409
71496
52867
96546
52427
52178
12580
81104
41118
54886
46089
74932
26440
12086
52813
69874
70664
52897
5558
24041
93343
46497
99549
97309
36664
51825
54641
18851
13321
87371
89268
80902
10984
49358
79956
39521
43629
5750
46665
28543
6586
84736
68461
79648
26120
64715
68018
30244
47271
13867
63849
53271
85302
41109
22451
12370
29983
21675
16614
95391
52801
87210
71411
34288
12636
22238
95037
34995
54388
62492
53804
82295
85742
91680
95383
84026
82921
44620
34280
79498
26060
61279
94679
71712
98774
52251
13109
41858
38705
9514
64647
53632
2401
32533
82747
2203
27036
94401
51301
39058
83768
96814
66874
45310
57300
7134
8040
8881
75918
14668
51136
87477
94339
94458
29049
23051
8600
29899
71606
81918
50336
65248
48016
81245
97660
92991
65887
96896
57901
16334
67923
57614
79565
46165
55313
48103
35697
99894
55540
18755
59042
83260
3851
34125
65738
17096
61108
93590
31864
77512
94424
41730
12062
53178
61872
28165
68191
64118
8886
69457
18138
54665
70611
92987
4460
46383
72447
98215
48825
24065
110
31096
32629
12108
92161
30858
55319
94719
35294
79181
84386
74061
57224
91921
5541
86347
35085
6041
1805
37804
34756
8204
17155
90387
67987
46761
95075
40477
74418
5896
25576
62655
19097
81667
90980
70316
23681
31388
27134
70515
2725
26618
30528
49633
6108
85800
10843
38955
56640
83558
63675
56434
78333
331
78387
11577
19911
25132
88563
7215
80657
8605
14247
76568
34932
888
8276
14438
2149
10157
71105
37265
68979
87418
86470
96271
64736
46233
40528
40874
33017
86739
41511
49001
45128
78880
21192
66637
94797
57847
82782
70163
51843
33818
9662
53665
55106
9497
16198
45641
12336
46698
80934
18106
12176
97943
29111
96786
50041
78993
90361
89665
47939
40894
93300
78917
68919
17256
4698
70522
85756
45851
12546
32790
53788
4667
8053
43431
32219
62283
93618
62321
24986
48172
29871
69811
23241
28656
60852
82925
69121
20580
49132
61856
17511
43830
98743
7638
96379
98570
14575
23550
57218
45920
65061
24135
98687
85763
84404
80770
27549
74466
49020
88125
51812
58636
16198
25445
91107
61924
93325
77391
1282
92387
41062
68428
6132
4696
217
35397
37613
51895
42608
96080
40033
9052
62569
27160
73571
52839
79461
75286
38965
10055
39257
79270
88429
80875
7066
79304
12224
63085
78125
79682
70272
38236
36424
39471
62195
69202
87129
33036
9800
85344
31172
28471
21463
43200
10286
28784
32530
54064
82481
88449
90761
19961
43642
15919
50968
51065
51212
48687
14755
37964
35505
69594
25013
69472
8119
44342
29175
44672
41611
55684
54074
77753
13782
7503
86263
2858
63356
75404
1876
30480
9255
1334
22804
96114
3443
58688
29682
43250
81481
52693
56174
9781
91314
72131
66464
24414
17235
80307
93139
68467
11948
6691
96926
35254
42833
33237
50451
42728
96277
21770
55362
65725
48063
35004
78688
2998
34566
6057
86251
72095
98893
22491
62391
62150
27168
12903
90409
6679
67364
10221
93637
89473
39814
68859
5300
73908
60754
60630
13303
19417
36426
95494
85294
97733
2703
74746
7008
76481
37708
38198
4529
49899
25220
23059
81042
91079
85063
78546
39277
37876
16597
99952
26480
87996
54097
67828
99318
3195
21305
42076
32733
99261
83110
28772
86924
70743
64834
91107
6186
76909
89384
10044
84693
79468
92151
71229
43824
63828
11107
29070
92164
5706
24128
12593
39189
7369
37803
2453
57492
39221
98999
70843
43142
70537
80663
43654
87580
58293
92647
97394
15608
76160
11916
56924
15788
97885
9015
59629
75319
31026
60423
71291
10721
42499
30894
92459
76525
32173
7716
65106
34886
72285
37500
76894
87946
80091
64115
14090
79978
34876
52871
37020
53340
94348
94695
98579
25755
54135
6202
54102
5201
47710
41923
11028
27649
13480
18992
3068
30553
32022
67361
28677
33694
87871
74306
98465
4675
92709
9815
39301
3467
51065
48977
36294
12714
85083
1386
79834
1800
18251
73869
96141
92792
30099
3111
64762
99322
17792
20360
64825
33307
32633
93403
49472
33420
54348
66910
67481
81482
81032
30557
15500
71514
35550
14570
73557
56351
52827
38675
89469
2415
77411
91259
48492
66998
79017
39809
82625
8722
85132
42045
43025
39167
87911
70036
79299
75027
18245
69515
18413
11370
64709
50701
13432
15140
72539
1078
94975
38226
45906
17684
89776
22417
86324
77685
90052
37684
64312
76467
64448
76342
4212
86486
8972
48852
87861
86203
55418
58510
19424
6922
23837
53334
84409
80606
34579
51291
5568
17846
2092
9536
99714
97350
45000
68786
98719
67891
17223
29526
96236
40549
78899
14581
94820
96723
72465
81009
87758
11329
90746
2412
3634
59301
15464
50645
63246
16666
69221
26736
48854
18626
90361
96866
3989
79314
53255
24429
32784
58564
82720
91800
82393
41644
77778
1087
90955
22631
52088
11770
4664
11937
46396
60277
33522
7166
25413
41032
71517
94831
27321
21563
18867
5664
64594
25518
86580
98534
30761
57436
4797
32416
55727
36103
28649
34449
11618
12744
86666
99511
85963
69242
78680
4554
49994
94610
54997
43470
82684
2945
14723
25752
64671
67913
28810
74698
59286
92620
22986
97212
37850
48575
2915
4474
99497
85194
20992
74387
65202
92622
68753
18626
55096
17618
4312
6436
61197
96894
74853
53843
45927
39908
31267
58589
63148
72036
73935
84806
96494
31500
35469
37985
68360
58643
2465
49510
72067
9793
64692
76266
16506
47653
17414
29625
55377
33047
18724
70658
26448
8257
84083
42134
67396
37752
67562
59074
38794
31432
45886
37652
21018
90146
14130
8192
58084
10776
81326
50740
88942
55052
84268
96056
11104
36351
30473
28402
20336
21507
46650
96785
61828
11600
65175
64404
44220
96373
71414
90623
37281
16190
42222
84804
11082
11560
65100
23751
80813
25592
78398
46233
48907
94098
14826
66565
31809
79650
38219
60023
37297
86395
4489
27762
33751
74055
23154
81631
66768
6425
53085
13399
95579
39573
14030
1557
96594
16825
92057
36401
95049
86875
27255
92468
90166
66742
89028
22544
71590
16158
14981
68883
57982
91017
19371
92985
28855
17589
23845
1865
16028
91573
81572
49048
43904
65830
52346
6491
30678
30595
29287
41682
5794
16202
7198
84443
5640
52095
50921
17010
983
17031
11787
43010
69593
66533
96690
43119
60168
45993
19433
33243
61800
89324
10767
81560
4476
54740
16298
41570
95282
23914
3593
93072
84114
77
80706
61359
13822
5873
80969
4727
78449
33118
62
44885
5853
30620
42345
42714
67490
48913
86652
61140
97188
910
80626
64552
23171
79807
3397
77549
80846
20256
89305
4730
35685
57194
89399
86522
29479
64721
6209
41417
39946
72229
64334
82798
63232
56179
68009
61411
14006
66245
75757
10256
28643
78422
59083
64756
34683
21310
72639
74068
30304
78277
31933
502
83302
53452
27299
619
61948
77744
11254
11297
24087
55644
54274
82583
80496
24996
62522
52416
59867
7353
2567
15133
45915
74036
18499
60712
29085
46334
49652
34357
7190
59481
79687
69453
37008
35676
53382
57746
21165
2300
10677
21176
4314
83998
21838
28465
30402
85141
78551
48529
96248
49131
10177
40090
32604
63016
38593
4181
94264
50876
56883
81257
66190
82888
61833
631
3502
18905
60088
79990
56032
16112
31048
34200
48074
2808
12513
1759
64160
49891
1346
48029
30796
20429
83401
17666
80080
27300
23846
46567
18639
20510
31246
12798
52980
88982
70436
29945
83233
96635
1345
23780
75008
5065
15602
60952
89792
33747
32519
59172
54730
95180
35886
23731
84397
15232
37296
78816
2768
28796
84914
30208
58844
92697
51771
84761
21447
95625
21451
6315
99010
69135
66519
3529
99436
98566
52627
21786
3862
63310
692
46336
99495
59303
1441
90763
2998
93666
52334
24142
88130
82290
30314
33399
45101
96123
46076
60114
85891
51888
85579
37744
35130
59668
38881
68549
24462
65122
25978
50658
33173
66714
6875
49144
23522
38460
24681
98210
31493
85389
72435
29341
94686
40625
38875
23334
46773
36615
81244
36581
99788
94552
51762
10486
29536
25777
4191
3415
84228
13715
35646
13558
73563
91244
10816
25839
68155
93244
54959
40833
79001
60123
463
47447
23139
93158
2029
92657
74598
13974
49137
34268
45021
92247
50925
79052
88424
43605
12424
96982
86883
29153
75646
76072
29885
36946
34487
85170
93206
53233
50577
435
73560
56638
39025
53940
14448
84996
24756
60147
17807
7531
25544
80476
85587
55243
37154
4455
24285
75537
64315
81877
75075
51049
96183
73001
77989
76354
73257
86901
29122
74693
61243
1544
34438
11163
42199
65110
22174
41292
90915
87868
43108
18660
75959
86184
39685
58570
63759
26340
7472
89726
61925
93407
76736
4404
92048
74438
18148
78575
20246
50964
11593
67070
32615
8653
96438
35506
3583
28998
1241
64189
96892
57913
43203
88262
64714
90933
73439
7034
3659
72409
12996
38155
40015
8556
88722
89504
53681
66885
39579
60086
34544
38003
35486
76796
80086
44837
72752
87479
18534
97260
14601
53768
14440
18760
19679
79955
84618
98210
68419
47162
36765
34448
74018
90923
46066
25930
45079
67066
57610
97547
68896
72128
16729
7502
92700
91175
50129
26683
73506
36235
12402
33090
82512
19351
55695
67282
71182
64306
30231
36293
13048
83772
53968
84041
28216
16602
30860
73238
12515
99029
71260
27868
97447
29929
56027
86682
33541
57597
3203
77302
3460
47976
78842
89949
56542
40553
33284
40003
88489
96450
49284
55915
68559
6253
55537
59359
70471
4120
9135
51616
52291
48922
66750
53053
98379
85064
93971
80947
55527
67425
44813
59600
58574
9422
52364
31780
18852
16396
78710
64513
97270
34968
94200
98992
88234
35992
92949
52171
81346
9659
53955
44328
40137
20418
42742
32479
18390
42813
23597
85560
73534
73628
41723
9127
94127
66106
40065
25252
94088
13021
86091
71726
15424
59780
3428
31175
87856
56188
23478
29336
46825
50475
42063
33698
87863
80361
38629
17445
71310
85293
11165
90871
1409
35576
79745
48886
90892
16703
58099
22347
1106
49926
22816
66499
61686
23090
42921
10512
77678
94029
4199
51743
22914
42986
70722
59703
49725
72842
13780
36374
3059
42713
37926
77644
39115
406
81902
23919
52011
64384
70958
48881
45007
21378
56092
3925
88042
84813
13211
37129
79013
72455
53943
92628
6563
44697
55850
16206
88784
53425
46658
37018
36747
69033
93929
29957
74258
17454
51411
43742
79309
51161
41540
37063
56721
14346
92056
60946
13491
45109
77699
73543
90245
56825
25174
16117
75059
70092
36200
81423
3385
22505
36735
34262
30791
85422
61328
86944
63919
63313
3713
49963
18640
7725
16485
2177
44027
16416
28155
66372
43935
5975
17829
33922
49854
97949
39097
25627
46306
45945
53288
23652
67858
3899
18350
59500
22274
76354
72001
8026
16553
51972
31896
73672
61053
73973
37765
36331
91153
88486
83568
75805
60233
70006
7631
61108
33421
22794
8381
89568
50519
97394
95743
60185
51425
56887
27929
56309
44436
17934
6924
84235
97505
17907
62868
44698
99323
94893
47541
14679
78289
36401
75906
31682
10842
73923
25416
85286
45780
55824
35068
82972
31140
37422
99676
49484
28749
64376
12586
93816
47263
21799
10238
13183
85354
62367
15453
37884
14191
52162
25579
97023
64265
36780
99841
43711
22712
95936
82199
68864
45786
97806
12814
72891
98665
59659
13655
72146
51844
15887
60022
19577
70072
79050
10293
18792
20892
63780
36507
61887
56263
4852
12764
89930
37998
42240
8215
41078
31681
14353
56237
40834
55708
80278
73729
10146
4732
53811
13765
92642
71979
62436
23052
72964
2315
97008
10928
31968
93515
48342
2618
20149
74787
71615
62723
38459
48980
75367
49422
69479
42435
45075
2394
9431
51332
59768
44619
35026
92273
33378
54407
53738
88473
63950
80547
85351
20574
73395
36365
26712
4548
13865
38911
85829
46160
38023
80234
46125
55156
78655
77094
79230
91191
56213
39816
23419
75194
52792
60679
29558
82797
2588
6228
83978
82770
50402
84031
73127
54023
31814
63904
88642
6154
12818
4831
4652
59696
75755
4674
56278
13123
60037
73035
78174
27190
26175
43765
95314
51192
88209
96557
67008
45165
99753
26269
44876
95289
20247
79273
67057
73167
86002
23294
36403
88700
8061
72937
93446
3028
52505
66040
65926
68710
98519
64381
12595
81683
88631
71349
44549
10145
72579
11106
14587
869
78782
15753
15082
62652
87839
70409
16025
53698
35151
87358
55492
45226
4358
78793
15066
97735
14868
83862
15959
86641
71550
97138
13499
44991
38141
27011
9988
9672
68574
88839
91489
32851
97410
65745
71467
18370
36242
14142
26541
34142
8469
67286
90806
1270
88186
60083
83315
75477
84126
82713
14813
55838
64846
37891
8654
89074
6276
12513
25947
71481
78732
32602
34342
11284
44956
46600
20893
45228
65979
85801
71385
6904
89392
24880
85975
52735
8533
94911
89378
27396
70729
22414
5046
48172
33658
67532
43296
22585
22395
55303
98649
72036
59874
48797
25750
43664
41373
88665
99907
2789
73491
76938
48529
26634
88427
74431
73004
34765
35524
88400
83349
32498
62222
39222
63061
39936
83751
8930
12046
74539
61062
87369
63148
26508
42077
19509
54889
3237
79455
61663
55645
99280
11063
63472
67452
80928
90829
73666
78560
31480
91751
85770
70567
71487
13735
72516
82876
8639
31096
60478
9891
71286
35022
95367
91089
60451
74448
40315
64388
14893
48125
28245
11291
3542
8630
3822
15115
8812
33234
2955
31087
84893
43103
15958
6967
54730
94331
72765
67461
81997
16708
16624
78933
45113
83696
42273
15435
1150
98782
12472
44667
46285
20837
76921
80067
64597
16587
20471
24627
1804
30420
619
94772
38453
85795
31786
86782
73148
92872
38967
84485
54799
81873
57892
50388
60997
79413
69348
69046
93022
63270
7283
37230
77008
73957
45006
69775
99447
4346
82404
53042
94924
46450
95758
62522
1749
12666
61034
69491
92961
34859
50780
35196
47914
99383
17575
61202
51657
51505
16729
29876
11599
387
13936
3217
7664
69024
70132
23319
99500
27180
45438
53753
97644
25014
67669
55198
98
16996
50205
81286
13503
50096
75894
66099
42272
95093
77988
87269
84882
42695
100
51054
80308
72829
68796
76332
47068
42625
51148
33882
78271
77187
26724
578
20240
22761
54714
48179
67758
31465
45904
45206
64537
77094
77582
94088
4176
51122
29431
13118
46337
48725
96321
69048
20823
54324
59683
10908
65852
67203
50662
8740
46751
4769
89698
35509
32751
93064
99966
36024
34906
21157
90559
90773
54087
83085
15257
36670
87124
72697
49672
84778
42827
40827
2079
25785
11456
7073
67890
66583
33867
11383
78357
98815
78229
73040
84164
39710
11264
24002
46209
92640
46234
21388
11042
84712
46245
27156
62730
82312
6474
92107
74733
58119
70268
84199
92379
81419
86284
61409
41893
99040
71847
45806
93273
40759
83561
90274
99112
75650
59153
81966
12609
54251
48658
31944
14190
21284
77866
21727
69888
56934
71285
63956
61163
65169
64741
60856
40421
69094
4814
1316
99024
60434
25838
4323
63174
74710
66351
36222
59393
29336
92528
79919
1404
14292
66092
41688
68870
17851
76560
34372
15309
11938
82936
39672
76442
75588
73138
21475
3852
96695
66559
36930
75037
46473
57637
45581
72293
84038
96436
27000
5551
54950
5633
13168
8527
78707
23943
99792
34453
60068
6431
1465
96589
42788
54948
74050
50775
23392
61029
29075
17050
80052
4633
21745
66192
66417
79240
15881
15840
11539
6424
90900
67030
59793
76015
44660
55347
53703
82554
20272
67221
6020
38958
50880
6557
32471
32747
72603
16362
66496
27777
94202
51253
54415
86196
41298
45349
83800
61931
30404
33715
98620
57941
77144
21180
79535
86206
70578
36494
97759
86383
90908
68958
43860
20363
10261
45056
89933
33337
55070
37402
92770
38530
88122
43544
33111
37828
64204
52443
10252
64107
64508
34422
61312
36490
7089
73439
64118
82260
19208
92973
49880
97654
2242
44110
11247
77121
85077
2229
52711
71756
84332
38631
55180
40811
27997
35440
90792
53334
76627
67667
73462
68468
18057
11531
11447
49134
82877
71018
98042
51525
38580
63398
37734
86287
22598
26657
85659
89603
74563
88973
99199
84992
61247
6639
65889
88108
70526
53885
29510
658
58357
99197
23954
46586
23952
92645
40813
11527
64634
98571
70956
61577
7794
2777
36575
74858
28722
64532
79202
69973
29783
76561
92282
47082
30931
77762
72071
2710
2353
