9234
9993
3330
4575
2918
6142
7850
7531
8183
1554
3000
4296
2358
4006
4265
4423
3127
7206
1454
1433
7571
8149
9528
7095
2349
5573
5476
2194
1493
6077
2126
9006
9894
1945
3825
6013
8846
9850
883
4900
1192
3496
421
3674
8082
1555
6148
3336
6802
3430
8908
6550
1156
4554
4164
6816
4354
2073
7246
2989
3154
8526
1788
6126
3117
7935
223
7247
6023
5995
6318
9710
2281
6056
5336
5683
2494
4675
8028
5039
8742
9464
668
7182
9534
2869
1696
2906
8223
8534
5645
7076
80
7179
1608
3805
4800
4043
4491
9156
3940
4514
6749
702
948
27
1071
5528
8827
4937
3430
6906
4474
9702
4629
6907
7879
9458
2694
4761
3594
9850
2732
1819
2942
5913
2545
9851
9120
4592
5273
4431
24
2362
2617
6050
9546
2493
624
9262
1639
1908
9430
200
1257
918
2644
5158
3608
3812
1996
7847
4631
9831
7835
478
9126
1178
7239
9151
4535
409
6225
9051
4976
4714
9230
9957
7291
9129
6580
4323
6094
8237
2789
3322
9068
9590
5897
2445
2311
7630
7373
5222
8430
8599
7877
6695
6953
4849
8251
8778
7951
8377
6905
9115
2228
9524
8653
784
5669
2353
7891
9897
3935
9852
4408
9729
9789
3922
8686
3350
8929
2824
4690
8767
3035
5066
3653
4174
2346
9498
422
8627
2400
6693
7991
5585
185
7865
1655
545
7118
9411
3352
7472
4703
1896
6094
4638
7404
3654
5438
8306
821
3009
965
9548
9734
7875
7171
7152
1909
6567
9631
1178
9577
1318
9455
8263
2372
1926
7036
1255
8251
2883
4631
5503
9814
9124
7914
7684
9283
7322
5477
1745
5136
2470
1875
7030
8638
6538
6115
685
967
1158
7397
570
9522
6529
2592
3207
9847
4281
3692
5087
9638
336
2403
1633
994
2439
2814
4861
633
7775
1190
8356
9464
7031
6979
4379
1774
785
1215
4706
1104
5681
110
2152
6812
6491
4769
7372
7307
1258
5073
9460
581
6230
6765
9349
6400
7727
3575
5766
4745
4148
5831
7135
5369
7500
4417
6324
5505
4236
1592
271
2626
9684
7760
5339
9630
1514
2610
5230
5446
2285
8041
2856
7694
4504
4507
9146
1527
4903
9757
5593
4759
163
5212
2443
5533
1295
3185
742
1039
6319
9904
3236
5130
5176
1650
5622
598
1712
1476
1057
7851
4757
4841
4708
468
6780
9521
9647
2820
723
7453
6704
1195
5458
3020
5086
5547
2801
8647
5063
6966
2553
6548
7151
4200
6255
9396
7451
9420
5505
6783
5514
3675
9567
6182
2932
1313
990
1812
9924
5309
3675
7520
2212
7023
9795
1076
4087
6127
4380
1238
2548
3498
6679
1481
7412
5154
2760
8440
1374
7258
3682
3266
12
3395
8259
9319
8717
3550
8192
5600
9220
6902
8902
5157
471
1483
7230
4523
2698
4515
2174
9447
7263
2559
9154
1686
3063
982
8912
3230
324
7244
49
6168
9901
5950
8771
9262
6503
459
1111
2885
5370
3134
3764
3791
1876
4418
7611
8742
9335
652
4017
4498
8238
2418
5580
2277
4108
1624
1371
2340
4324
8754
1301
2958
5953
7554
5722
1110
6118
9847
192
3883
8645
7675
3657
9888
6059
1151
1350
7843
8121
5929
6251
8956
6568
5447
5
5730
1774
6034
2894
3904
2898
4299
3522
6287
5922
7995
3556
8218
8344
4462
4558
1928
242
3916
6336
3773
4578
8412
5970
5937
8676
6651
4088
8503
7535
3919
1403
3810
6341
6537
8675
1091
5957
539
5469
2979
788
7695
2076
7373
6385
3997
5469
1744
4536
3347
627
9231
8942
4486
6188
4118
3526
533
5981
3914
2907
9232
2252
6292
6919
7367
644
2932
5395
1756
1532
8859
5869
8995
1410
8258
7965
8244
5867
1335
4435
708
2916
1762
8748
2981
8849
3967
3478
773
225
9408
9167
7175
7374
4654
987
5826
2165
7580
9231
4539
3535
7368
4391
7210
4466
2582
2686
1123
7544
2353
4448
23
7506
1650
4436
4999
5478
7561
8508
3198
3019
1611
5169
6104
2963
1739
496
4456
4992
7072
9050
112
8335
9480
868
6685
9187
3655
4274
9952
3648
1041
9839
5115
3505
5744
4724
7760
4434
606
9207
9146
9834
2729
259
7837
8020
4117
9519
3030
7834
3103
9463
279
9419
9997
5727
4175
8982
4280
8356
7202
2116
9611
7132
2280
2928
2928
7853
9171
6913
8920
9699
9737
8926
7498
508
4563
1911
422
3820
1353
2536
4022
7574
8251
2766
4567
3986
9120
6866
4074
3620
9520
3543
6728
7655
2490
3884
5603
8748
816
442
681
4123
105
5993
347
1233
4188
1680
8503
7895
2685
3470
6691
7877
8213
448
1725
7305
1615
3441
3917
5795
3145
2086
937
2168
6038
8112
8613
2215
2056
9187
105
9381
6967
9282
8438
8461
1085
7785
79
3015
4117
5861
9217
8761
7306
5403
7972
5842
1759
1394
5257
8565
8618
5117
8521
2111
2553
7464
703
7875
7411
1930
4742
3893
1806
7736
2674
4927
6232
3457
9964
7744
4557
3963
3002
3140
587
3772
5939
9276
6465
1881
1135
5260
8481
2666
3399
4835
1639
8059
7754
3811
1433
7639
8431
8795
2775
9866
7641
5395
2723
5077
187
9030
9893
1958
9293
4817
9859
3160
5099
7129
900
6322
518
601
9944
1757
6015
4468
7955
5319
7008
1415
1274
7165
201
2424
8141
4386
5459
1594
9551
6028
6200
7523
5582
929
753
6361
6900
4245
947
5046
3073
2611
480
4556
5802
3098
664
8328
1986
6206
4220
3036
3547
41
9591
3145
9295
8522
1247
3180
3911
3228
8963
5955
7682
9181
5202
9650
4571
729
8101
4101
9917
6957
1675
464
6478
5323
7297
249
4953
9110
496
3632
3535
2636
5289
805
1826
1359
5597
8490
2734
7495
5083
125
5067
2568
5601
4137
2526
2644
2655
7547
9366
5909
3868
6156
1835
2384
7688
1691
5973
4747
5845
714
3457
239
201
8093
6963
3625
4503
4085
5999
9137
6601
4827
9907
3904
9445
6261
457
8396
5858
9511
2518
8805
6852
8741
