0
4
16
21
27
30
45
47
48
55
58
60
102
105
108
113
120
125
130
132
140
145
148
162
167
170
187
187
190
196
203
220
226
228
231
241
248
258
262
272
278
290
308
318
322
352
354
357
364
365
377
382
408
408
421
430
441
455
477
485
490
521
528
535
546
555
567
581
591
607
608
611
654
658
682
695
697
697
701
721
725
736
739
742
745
753
756
761
770
777
778
785
811
814
861
878
883
886
905
916
919
930
961
972
987
1023
1037
1041
1052
1054
1055
1060
1070
1072
1072
1112
1124
1124
1133
1164
1165
1165
1169
1170
1174
1204
1216
1250
1252
1261
1262
1268
1280
1308
1311
1318
1322
1352
1364
1376
1383
1387
1403
1407
1409
1417
1417
1418
1443
1449
1458
1461
1479
1480
1481
1483
1484
1510
1512
1513
1522
1534
1534
1552
1568
1571
1574
1578
1588
1588
1593
1602
1602
1606
1607
1622
1634
1635
1638
1642
1643
1649
1655
1656
1671
1674
1675
1677
1688
1711
1733
1746
1746
1757
1760
1768
1769
1770
1779
1787
1787
1807
1812
1821
1827
1827
1838
1842
1857
1858
1871
1872
1880
1889
1897
1918
1920
1922
1948
1949
1961
1966
1968
1971
1986
1992
1999
2000
2001
2020
2021
2025
2045
2055
2061
2064
2065
2067
2088
2092
2131
2132
2139
2140
2140
2143
2170
2173
2206
2236
2237
2239
2246
2259
2261
2265
2291
2295
2299
2305
2323
2339
2354
2369
2374
2380
2402
2411
2424
2430
2437
2442
2453
2467
2487
2491
2499
2502
2531
2579
2582
2595
2603
2604
2623
2623
2629
2640
2649
2650
2676
2696
2702
2721
2735
2738
2740
2766
2766
2797
2802
2830
2834
2839
2850
2863
2869
2876
2877
2880
2880
2911
2928
2942
2943
2962
2964
2965
2988
2990
2994
2995
3011
3031
3035
3047
3069
3073
3083
3109
3137
3139
3148
3149
3152
3153
3158
3187
3193
3198
3198
3215
3245
3248
3250
3253
3262
3292
3308
3318
3320
3337
3341
3344
3351
3357
3359
3382
3392
3399
3401
3402
3425
3429
3432
3437
3451
3482
3495
3498
3520
3523
3535
3539
3547
3562
3563
3595
3600
3610
3617
3622
3627
3629
3637
3649
3659
3667
3668
3680
3692
3696
3699
3706
3718
3720
3726
3735
3742
3767
3772
3773
3777
3784
3805
3807
3817
3822
3839
3845
3863
3868
3873
3873
3876
3877
3885
3904
3910
3918
3918
3926
3928
3939
3939
3975
3998
4001
4016
4022
4027
4033
4049
4063
4065
4067
4079
4079
4095
4100
4105
4107
4121
4128
4148
4155
4163
4176
4178
4197
4206
4208
4221
4231
4243
4250
4265
4285
4304
4325
4325
4338
4339
4363
4364
4373
4391
4393
4402
4404
4412
4417
4454
4454
4465
4484
4486
4497
4508
4524
4526
4532
4533
4547
4549
4553
4557
4581
4582
4614
4627
4637
4646
4650
4650
4654
4681
4688
4691
4693
4720
4728
4728
4747
4756
4759
4760
4761
4761
4771
4785
4790
4797
4802
4806
4813
4814
4818
4843
4844
4855
4857
4862
4887
4892
4910
4916
4927
4932
4937
4942
4943
4965
4978
4981
4999
5014
5014
5021
5034
5043
5051
5055
5056
5070
5091
5096
5097
5110
5114
5127
5134
5144
5173
5173
5185
5187
5208
5214
5229
5246
5264
5274
5300
5309
5323
5333
5337
5351
5353
5361
5363
5380
5387
5406
5414
5461
5479
5479
5491
5495
5509
5512
5526
5531
5536
5540
5562
5582
5604
5606
5630
5630
5639
5653
5667
5668
5669
5675
5682
5685
5690
5692
5715
5737
5742
5743
5767
5830
5856
5862
5888
5893
5902
5919
5931
5934
5937
5982
6013
6014
6036
6047
6057
6071
6073
6074
6098
6099
6100
6134
6137
6145
6152
6161
6162
6165
6166
6173
6180
6181
6231
6265
6269
6291
6292
6316
6317
6320
6324
6335
6336
6338
6363
6402
6404
6407
6410
6411
6416
6429
6453
6458
6459
6463
6488
6500
6505
6513
6518
6547
6557
6594
6595
6597
6608
6609
6617
6623
6630
6644
6658
6662
6675
6689
6692
6708
6744
6764
6793
6796
6797
6799
6804
6806
6820
6820
6885
6901
6905
6906
6925
6933
6934
6938
6944
6967
6991
6991
6996
7006
7025
7038
7043
7044
7056
7057
7062
7070
7084
7120
7127
7134
7139
7161
7166
7169
7174
7189
7205
7214
7223
7225
7229
7247
7255
7269
7297
7307
7308
7309
7313
7336
7336
7336
7339
7346
7361
7362
7369
7389
7396
7418
7426
7427
7448
7456
7458
7459
7464
7467
7472
7487
7492
7495
7505
7550
7599
7599
7604
7621
7672
7676
7700
7703
7703
7716
7729
7741
7742
7744
7749
7764
7772
7782
7797
7818
7828
7850
7859
7871
7873
7882
7894
7921
7927
7935
7957
7959
7979
7983
7986
7988
7989
7993
7995
8004
8015
8045
8054
8071
8074
8091
8098
8108
8115
8124
8139
8146
8161
8168
8170
8180
8193
8196
8198
8206
8210
8228
8254
8256
8258
8270
8270
8304
8304
8306
8322
8331
8341
8342
8345
8357
8368
8370
8380
8389
8391
8395
8412
8413
8421
8427
8428
8440
8444
8453
8478
8487
8499
8506
8537
8538
8539
8557
8565
8569
8577
8584
8594
8604
8610
8618
8622
8635
8635
8656
8663
8687
8700
8700
8708
8714
8783
8792
8796
8799
8814
8824
8844
8868
8870
8880
8881
8890
8891
8901
8907
8911
8913
8921
8956
8966
9005
9016
9025
9038
9050
9058
9062
9078
9079
9087
9093
9093
9098
9110
9127
9132
9136
9147
9148
9182
9185
9191
9237
9240
9258
9259
9263
9272
9272
9277
9281
9286
9291
9294
9298
9300
9317
9324
9345
9354
9355
9358
9361
9368
9370
9424
9429
9473
9485
9490
9491
9510
9513
9517
9524
9562
9574
9578
9581
9588
9591
9599
9611
9638
9643
9653
9655
9672
9678
9687
9700
9719
9730
9732
9746
9758
9761
9778
9783
9798
9813
9822
9843
9848
9855
9861
9873
9891
9897
9928
9931
9936
9947
9968
9978
9981
9999
