10
39
46
66
88
92
94
111
136
139
140
143
154
168
169
188
192
192
196
209
225
231
244
249
250
261
267
268
306
325
328
331
334
337
344
353
355
357
375
377
384
401
405
409
410
411
413
418
430
441
445
448
450
453
464
475
485
488
500
516
523
525
526
531
554
562
571
589
597
607
622
633
644
655
664
667
668
676
676
705
713
719
721
724
724
725
725
731
733
740
748
767
769
771
778
792
800
820
845
852
856
875
879
890
917
969
975
975
1003
1005
1015
1015
1045
1053
1076
1082
1111
1127
1127
1131
1135
1140
1168
1169
1171
1186
1206
1213
1216
1221
1226
1227
1237
1238
1257
1261
1275
1278
1305
1308
1309
1319
1320
1323
1336
1347
1356
1361
1362
1364
1366
1373
1389
1392
1395
1398
1435
1446
1479
1490
1494
1499
1500
1508
1531
1540
1550
1568
1581
1587
1594
1605
1615
1621
1627
1628
1629
1642
1659
1664
1700
1701
1705
1715
1715
1716
1743
1745
1746
1751
1751
1790
1794
1807
1823
1824
1827
1832
1843
1862
1867
1869
1874
1878
1878
1895
1896
1906
1914
1921
1924
1942
1946
1959
1962
1973
1988
1991
1994
1997
2004
2007
2009
2016
2019
2025
2028
2033
2037
2046
2066
2066
2069
2089
2089
2099
2130
2133
2135
2195
2199
2205
2208
2222
2228
2232
2234
2245
2247
2252
2256
2266
2267
2268
2279
2283
2284
2301
2302
2306
2312
2321
2332
2347
2360
2365
2378
2384
2393
2397
2416
2433
2449
2451
2459
2459
2497
2497
2520
2523
2526
2527
2528
2531
2541
2542
2550
2555
2555
2561
2577
2593
2606
2607
2623
2624
2640
2644
2661
2662
2665
2699
2706
2719
2728
2740
2749
2765
2765
2789
2795
2799
2807
2810
2814
2854
2866
2871
2877
2881
2890
2893
2894
2901
2917
2923
2959
2960
2961
2964
2973
3013
3045
3069
3073
3076
3079
3084
3088
3102
3121
3122
3123
3158
3201
3201
3209
3217
3229
3232
3246
3255
3257
3280
3298
3300
3343
3348
3351
3352
3377
3408
3410
3424
3431
3433
3448
3480
3483
3490
3502
3504
3515
3528
3530
3562
3569
3605
3622
3627
3636
3639
3644
3651
3652
3654
3657
3670
3670
3676
3680
3691
3692
3694
3695
3718
3727
3733
3766
3768
3769
3774
3776
3786
3807
3825
3841
3843
3845
3858
3877
3880
3885
3896
3914
3919
3922
3930
3937
3945
3954
3962
3973
3977
3979
3984
3989
3996
4021
4031
4034
4047
4052
4100
4101
4110
4121
4127
4130
4137
4140
4158
4171
4182
4190
4219
4222
4232
4248
4253
4264
4265
4274
4323
4338
4340
4343
4343
4355
4356
4366
4390
4390
4399
4406
4461
4470
4484
4486
4488
4503
4510
4517
4529
4532
4534
4542
4546
4546
4553
4557
4561
4579
4594
4615
4626
4626
4632
4647
4653
4672
4677
4677
4678
4688
4708
4715
4742
4748
4752
4757
4776
4785
4789
4809
4812
4823
4825
4826
4827
4839
4846
4861
4862
4885
4928
4932
4932
4949
4955
4965
4968
4980
4993
5002
5009
5012
5037
5038
5039
5067
5069
5077
5077
5097
5099
5121
5126
5140
5148
5171
5174
5178
5180
5190
5197
5208
5239
5249
5273
5273
5298
5331
5332
5351
5356
5366
5383
5386
5387
5393
5429
5460
5463
5465
5467
5482
5489
5496
5510
5516
5518
5529
5544
5549
5556
5556
5567
5587
5598
5600
5618
5642
5646
5661
5709
5715
5737
5751
5783
5793
5806
5806
5829
5831
5870
5884
5885
5891
5895
5898
5929
5953
5957
5960
5975
5995
6011
6018
6024
6042
6059
6060
6089
6095
6134
6136
6137
6160
6163
6166
6196
6198
6199
6205
6215
6225
6226
6248
6252
6255
6263
6286
6321
6323
6327
6328
6334
6336
6338
6341
6342
6356
6395
6400
6417
6467
6480
6517
6521
6524
6525
6533
6536
6555
6622
6626
6636
6646
6670
6672
6682
6717
6726
6746
6753
6773
6787
6795
6868
6869
6873
6876
6880
6894
6908
6920
6939
6954
6970
6971
6981
7009
7030
7034
7046
7049
7061
7076
7082
7097
7105
7111
7121
7135
7137
7141
7153
7155
7157
7185
7190
7201
7203
7204
7207
7209
7211
7226
7234
7239
7241
7244
7254
7258
7268
7270
7274
7280
7307
7326
7330
7364
7364
7372
7385
7394
7396
7400
7408
7412
7430
7434
7435
7445
7447
7461
7463
7468
7468
7488
7491
7503
7504
7511
7517
7524
7531
7539
7543
7544
7552
7563
7566
7570
7578
7585
7588
7601
7656
7657
7672
7680
7706
7710
7746
7752
7788
7808
7819
7828
7834
7845
7856
7858
7859
7879
7885
7889
7894
7910
7948
7967
7969
7977
7985
7987
8004
8005
8014
8015
8045
8076
8095
8106
8109
8122
8128
8163
8165
8191
8205
8206
8214
8215
8215
8225
8226
8227
8227
8238
8240
8244
8251
8262
8274
8276
8280
8293
8303
8310
8314
8315
8342
8356
8364
8371
8371
8384
8387
8407
8409
8411
8423
8431
8432
8438
8438
8448
8464
8465
8476
8482
8490
8498
8507
8511
8516
8519
8520
8536
8539
8544
8546
8547
8548
8567
8569
8574
8576
8607
8621
8631
8634
8643
8653
8685
8687
8689
8707
8712
8733
8734
8746
8751
8759
8761
8778
8788
8788
8812
8813
8883
8891
8919
8927
8927
8930
8948
8949
8961
8971
8974
8983
8986
8987
8988
8989
9002
9007
9009
9010
9015
9053
9091
9102
9122
9127
9132
9137
9149
9153
9154
9155
9159
9168
9169
9172
9179
9180
9185
9209
9224
9232
9239
9257
9262
9270
9270
9275
9276
9287
9303
9354
9360
9369
9398
9418
9424
9425
9457
9462
9472
9473
9475
9476
9510
9513
9518
9525
9526
9539
9547
9552
9585
9587
9592
9603
9627
9629
9630
9654
9689
9695
9696
9698
9698
9712
9722
9727
9758
9763
9797
9808
9816
9820
9822
9823
9830
9846
9864
9869
9875
9887
9894
9921
9928
9928
9941
9958
9970
9972
9981
9988
9997
9997
10000
10018
10019
10024
10026
10037
10038
10041
10059
10073
10075
10082
10094
10100
10103
10107
10113
10114
10128
10128
10135
10139
10148
10151
10159
10189
10193
10235
10236
10236
10261
10261
10266
10283
10292
10307
10341
10352
10369
10371
10381
10387
10396
10397
10407
10410
10414
10431
10435
10445
10450
10455
10474
10493
10505
10505
10513
10522
10534
10576
10579
10585
10606
10616
10617
10627
10663
10664
10671
10687
10743
10747
10755
10756
10758
10763
10767
10795
10795
10811
10821
10824
10849
10860
10863
10864
10867
10868
10869
10873
10881
10891
10918
10926
10933
10954
10958
10959
10967
10989
10994
11004
11008
11013
11019
11044
11050
11056
11058
11064
11073
11078
11100
11123
11125
11126
11156
11161
11165
11172
11186
11191
11192
11212
11236
11238
11251
11303
11319
11353
11370
11374
11377
11380
11417
11432
11468
11479
11488
11550
11551
11562
11563
11581
11592
11622
11623
11646
11649
11649
11653
11654
11663
11703
11711
11711
11758
11762
11765
11766
11769
11773
11774
11780
11783
11813
11825
11831
11839
11862
11871
11884
11885
11909
11922
11926
11931
11961
11961
11976
11987
11995
11996
12002
12019
12031
12032
12042
12043
12058
12063
12065
12079
12084
12097
12105
12107
12118
12146
12161
12172
12192
12211
12231
12232
12258
12263
12269
12272
12274
12276
12302
12337
12378
12392
12404
12413
12414
12451
12468
12476
12480
12487
12501
12510
12515
12518
12541
12558
12563
12567
12570
12573
12575
12586
12604
12619
12620
12642
12642
12649
12669
12671
12675
12694
12697
12701
12709
12717
12719
12762
12768
12768
12769
12792
12802
12804
12806
12826
12832
12839
12882
12886
12889
12890
12899
12920
12923
12930
12948
12951
12959
12999
13007
13015
13055
13057
13068
13069
13097
13104
13108
13113
13115
13119
13121
13128
13133
13154
13176
13177
13178
13186
13192
13197
13216
13237
13256
13277
13301
13301
13313
13320
13345
13349
13349
13353
13358
13395
13395
13396
13408
13409
13420
13421
13421
13422
13423
13441
13462
13466
13473
13504
13509
13510
13523
13566
13572
13587
13616
13638
13644
13646
13657
13675
13683
13684
13686
13693
13699
13704
13711
13727
13729
13730
13735
13748
13752
13781
13790
13797
13799
13804
13824
13827
13829
13832
13833
13861
13862
13864
13880
13884
13915
13934
13937
13940
13943
13950
13961
13963
13971
13983
13989
13990
13998
14022
14023
14034
14041
14051
14061
14062
14073
14094
14102
14119
14121
14127
14150
14155
14157
14170
14192
14196
14201
14207
14224
14230
14252
14259
14278
14287
14288
14289
14291
14309
14309
14326
14334
14335
14341
14344
14357
14357
14359
14362
14392
14412
14432
14436
14438
14467
14501
14501
14535
14536
14555
14561
14577
14585
14588
14594
14600
14627
14627
14633
14637
14643
14647
14648
14649
14651
14665
14665
14710
14711
14719
14740
14746
14750
14788
14788
14797
14806
14819
14821
14830
14842
14842
14850
14900
14906
14911
14912
14925
14930
14932
14953
14957
14963
14968
14972
14976
14988
14993
14994
15017
15027
15031
15032
15035
15038
15040
15041
15046
15050
15061
15089
15096
15106
15106
15106
15127
15129
15134
15141
15146
15147
15161
15169
15171
15198
15239
15257
15302
15308
15313
15340
15352
15359
15371
15379
15387
15390
15426
15441
15445
15449
15450
15456
15458
15463
15478
15482
15487
15498
15499
15500
15516
15517
15522
15531
15534
15540
15555
15566
15579
15585
15593
15607
15611
15622
15622
15624
15627
15634
15638
15639
15656
15663
15668
15672
15675
15677
15704
15715
15719
15721
15727
15731
15763
15777
15786
15787
15795
15804
15814
15821
15824
15841
15849
15858
15868
15868
15883
15887
15889
15926
15942
15976
15986
15988
15995
15998
16019
16025
16032
16048
16052
16053
16082
16086
16101
16108
16108
16121
16124
16148
16151
16155
16174
16182
16183
16187
16203
16209
16220
16227
16240
16249
16253
16257
16259
16271
16276
16276
16278
16282
16286
16298
16299
16304
16311
16316
16323
16347
16379
16391
16407
16410
16431
16445
16458
16458
16471
16487
16498
16539
16540
16555
16561
16564
16568
16575
16586
16597
16605
16606
16624
16633
16649
16661
16664
16667
16684
16694
16707
16708
16709
16721
16737
16753
16754
16784
16789
16820
16826
16833
16838
16843
16848
16862
16863
16864
16871
16914
16928
16945
16960
16967
16978
16986
16988
16989
16991
16993
17020
17028
17038
17040
17056
17061
17083
17086
17104
17105
17126
17128
17158
17159
17161
17163
17173
17174
17179
17189
17193
17198
17206
17211
17211
17219
17225
17230
17237
17241
17241
17273
17275
17297
17310
17331
17364
17378
17416
17447
17459
17499
17509
17519
17524
17527
17535
17536
17581
17587
17596
17614
17635
17653
17661
17661
17662
17665
17672
17687
17692
17697
17698
17703
17704
17726
17737
17741
17741
17755
17757
17771
17773
17778
17782
17804
17806
17808
17817
17823
17830
17834
17872
17880
17883
17894
17908
17918
17948
17949
17950
17956
17971
17985
18014
18033
18049
18059
18066
18071
18079
18080
18086
18091
18094
18098
18099
18103
18104
18110
18116
18129
18131
18133
18140
18146
18148
18153
18160
18165
18172
18174
18176
18188
18212
18212
18216
18222
18238
18248
18251
18256
18270
18274
18286
18330
18336
18337
18346
18352
18354
18357
18363
18367
18370
18384
18387
18389
18395
18397
18398
18413
18414
18436
18444
18460
18466
18467
18480
18493
18514
18542
18553
18554
18558
18577
18601
18617
18632
18637
18647
18650
18662
18662
18669
18686
18690
18698
18705
18720
18722
18725
18726
18739
18747
18754
18755
18759
18760
18774
18777
18782
18785
18786
18804
18824
18830
18831
18888
18891
18901
18905
18910
18913
18915
18922
18925
18943
18970
18976
18987
18999
19012
19014
19024
19031
19040
19048
19053
19055
19059
19079
19079
19092
19100
19104
19138
19149
19164
19190
19203
19213
19225
19232
19233
19235
19284
19296
19300
19304
19313
19321
19336
19337
19346
19346
19371
19373
19374
19393
19413
19429
19436
19440
19447
19459
19468
19476
19482
19491
19493
19498
19516
19518
19519
19531
19549
19556
19558
19569
19569
19573
19594
19610
19620
19638
19641
19642
19644
19682
19697
19709
19715
19722
19723
19730
19738
19747
19762
19774
19800
19814
19847
19853
19859
19862
19905
19916
19921
19932
19951
19953
19956
19986
19994
20003
20006
20013
20017
20032
20036
20038
20046
20050
20055
20065
20073
20076
20077
20077
20098
20101
20101
20105
20132
20138
20146
20149
20166
20179
20207
20207
20212
20236
20242
20244
20249
20260
20280
20283
20285
20305
20339
20360
20367
20367
20371
20373
20374
20376
20389
20400
20440
20453
20462
20465
20466
20494
20496
20502
20511
20525
20525
20539
20540
20551
20552
20555
20557
20572
20578
20595
20639
20645
20685
20696
20697
20715
20728
20732
20734
20734
20742
20748
20750
20769
20781
20785
20796
20798
20808
20813
20813
20820
20827
20832
20834
20844
20857
20870
20899
20899
20916
20944
20947
20966
20989
20998
21001
21012
21019
21034
21041
21070
21078
21094
21105
21107
21116
21125
21127
21148
21154
21155
21158
21182
21192
21207
21224
21245
21270
21274
21301
21301
21303
21330
21335
21344
21370
21377
21401
21428
21431
21434
21434
21442
21464
21475
21478
21482
21486
21512
21515
21526
21540
21550
21559
21562
21567
21581
21597
21606
21626
21637
21652
21660
21660
21668
21677
21678
21682
21691
21691
21695
21704
21716
21720
21728
21729
21732
21732
21735
21742
21743
21743
21744
21745
21749
21759
21763
21764
21773
21783
21786
21803
21806
21814
21815
21867
21881
21883
21885
21908
21929
21933
21945
21954
21958
21958
21976
21979
22008
22013
22020
22025
22056
22059
22073
22083
22098
22109
22114
22115
22117
22154
22163
22165
22175
22176
22183
22185
22189
22190
22190
22199
22200
22203
22203
22204
22210
22230
22243
22251
22273
22278
22286
22291
22297
22309
22321
22328
22330
22334
22335
22338
22340
22345
22361
22379
22392
22398
22403
22408
22430
22436
22439
22450
22476
22488
22490
22491
22501
22514
22518
22519
22522
22524
22527
22531
22538
22539
22539
22562
22567
22585
22589
22589
22591
22599
22600
22606
22609
22614
22630
22634
22636
22643
22659
22665
22666
22678
22712
22749
22752
22763
22792
22793
22793
22794
22797
22846
22849
22851
22853
22857
22862
22865
22873
22877
22882
22893
22905
22905
22934
22938
22943
22947
22954
22964
22974
22980
22994
23016
23041
23045
23046
23058
23068
23077
23077
23079
23097
23118
23119
23119
23132
23132
23136
23141
23165
23167
23172
23176
23183
23194
23203
23209
23210
23224
23232
23240
23245
23261
23271
23305
23312
23325
23336
23337
23337
23338
23359
23365
23368
23385
23387
23395
23408
23408
23431
23436
23440
23449
23473
23509
23530
23551
23555
23565
23601
23605
23606
23634
23636
23640
23645
23649
23665
23675
23676
23693
23717
23727
23731
23734
23743
23749
23750
23756
23764
23775
23776
23786
23788
23814
23820
23848
23878
23887
23901
23923
23925
23931
23945
23964
23975
23978
23983
23992
23995
23998
24019
24023
24029
24036
24042
24045
24045
24069
24073
24091
24097
24109
24133
24141
24144
24149
24149
24165
24172
24176
24183
24189
24210
24212
24239
24250
24253
24255
24259
24261
24267
24287
24292
24305
24308
24335
24341
24349
24358
24377
24383
24396
24397
24401
24420
24420
24435
24440
24458
24487
24494
24517
24518
24518
24528
24560
24573
24602
24603
24603
24623
24625
24636
24639
24639
24661
24662
24668
24691
24718
24725
24728
24737
24755
24770
24772
24782
24791
24795
24832
24833
24846
24849
24864
24867
24871
24878
24882
24892
24894
24909
24922
24923
24924
24937
24940
24941
24941
24947
24949
24951
24957
24957
24965
24966
24973
24977
24978
24980
24995
25015
25035
25063
25070
25070
25077
25089
25094
25110
25120
25138
25150
25166
25172
25175
25200
25214
25228
25231
25241
25304
25317
25336
25344
25345
25360
25423
25427
25450
25462
25463
25466
25466
25469
25471
25511
25515
25534
25551
25552
25558
25564
25573
25585
25595
25596
25605
25606
25609
25629
25634
25641
25644
25683
25693
25709
25717
25727
25743
25746
25761
25765
25784
25795
25800
25806
25818
25838
25855
25857
25863
25875
25892
25893
25918
25919
25920
25924
25940
25942
25944
25948
25975
25977
25979
25987
25989
25993
25994
25996
25998
26000
26001
26009
26015
26026
26027
26042
26051
26057
26071
26078
26078
26082
26087
26095
26096
26099
26111
26127
26148
26149
26153
26168
26173
26198
26201
26208
26212
26221
26241
26246
26250
26258
26282
26288
26304
26305
26307
26317
26317
26318
26321
26324
26342
26349
26361
26370
26371
26375
26383
26387
26391
26392
26404
26415
26418
26429
26437
26446
26452
26455
26482
26506
26552
26558
26569
26575
26576
26590
26598
26611
26614
26618
26619
26619
26621
26634
26662
26707
26722
26728
26741
26742
26759
26777
26793
26796
26805
26811
26812
26864
26868
26871
26879
26887
26889
26897
26898
26898
26899
26918
26925
26948
26963
26972
26988
27020
27040
27048
27052
27052
27077
27082
27084
27095
27100
27102
27120
27128
27129
27139
27165
27193
27200
27201
27202
27209
27246
27252
27259
27275
27276
27277
27297
27298
27312
27318
27325
27329
27331
27348
27369
27372
27376
27406
27412
27417
27435
27440
27441
27441
27445
27447
27475
27514
27519
27525
27526
27536
27547
27556
27563
27565
27584
27599
27599
27612
27616
27651
27671
27680
27695
27703
27738
27743
27768
27779
27796
27843
27844
27846
27859
27863
27879
27885
27907
27915
27917
27919
27931
27936
27973
27983
28006
28006
28015
28016
28022
28044
28061
28068
28071
28079
28087
28093
28106
28107
28150
28164
28166
28176
28184
28223
28224
28249
28249
28260
28263
28268
28299
28307
28314
28327
28337
28355
28363
28370
28373
28375
28384
28395
28396
28412
28423
28437
28447
28457
28467
28472
28504
28515
28520
28524
28529
28543
28545
28549
28550
28560
28566
28571
28593
28601
28601
28603
28606
28629
28638
28647
28649
28654
28655
28660
28671
28674
28675
28684
28688
28694
28696
28698
28703
28709
28715
28718
28720
28727
28735
28752
28756
28763
28767
28770
28787
28789
28790
28793
28795
28858
28872
28904
28912
28921
28929
28947
28949
28949
28956
28957
28985
28985
28995
28995
28997
28998
29000
29000
29002
29008
29009
29009
29017
29035
29038
29038
29044
29049
29051
29062
29067
29095
29100
29113
29120
29138
29166
29176
29177
29209
29217
29220
29238
29246
29247
29249
29257
29321
29329
29331
29335
29335
29341
29343
29344
29365
29384
29403
29409
29450
29459
29490
29492
29504
29525
29532
29546
29551
29552
29560
29566
29578
29597
29620
29636
29638
29643
29680
29707
29717
29731
29741
29749
29752
29760
29796
29806
29809
29817
29821
29821
29822
29832
29842
29846
29878
29881
29893
29895
29904
29913
29922
29926
29928
29928
29944
29996
30000
30008
30021
30029
30036
30040
30068
30075
30077
30081
30081
30086
30126
30134
30150
30155
30163
30169
30170
30171
30174
30196
30199
30205
30211
30220
30228
30234
30245
30256
30257
30266
30276
30289
30298
30304
30315
30330
30335
30340
30348
30352
30360
30369
30379
30379
30381
30398
30400
30417
30446
30447
30458
30461
30488
30499
30502
30505
30513
30515
30518
30519
30529
30534
30536
30541
30551
30556
30558
30561
30562
30574
30587
30602
30604
30609
30649
30667
30676
30687
30702
30712
30716
30718
30719
30720
30723
30724
30725
30729
30729
30730
30736
30737
30740
30768
30770
30770
30771
30771
30839
30858
30861
30864
30868
30895
30904
30910
30912
30916
30922
30923
30933
30941
30941
30952
30962
30962
30967
30970
30985
30985
31003
31009
31009
31011
31016
31020
31036
31060
31061
31072
31076
31076
31082
31105
31111
31118
31125
31126
31128
31138
31143
31159
31160
31161
31168
31173
31177
31187
31188
31193
31200
31214
31221
31228
31255
31275
31290
31300
31307
31332
31346
31349
31349
31357
31420
31453
31467
31499
31499
31515
31528
31529
31529
31531
31535
31537
31547
31552
31553
31554
31570
31610
31612
31615
31620
31627
31643
31652
31659
31661
31697
31705
31711
31716
31726
31736
31742
31742
31748
31757
31761
31766
31766
31771
31779
31780
31782
31785
31807
31829
31829
31830
31845
31847
31848
31855
31856
31905
31906
31932
31938
31960
31964
31972
31974
31975
31994
32001
32002
32028
32036
32063
32066
32066
32071
32074
32095
32114
32116
32119
32130
32133
32135
32144
32160
32166
32186
32193
32210
32213
32213
32241
32249
32263
32266
32271
32277
32321
32341
32355
32357
32359
32365
32371
32381
32399
32412
32423
32440
32444
32455
32487
32493
32506
32513
32516
32523
32529
32531
32533
32534
32568
32569
32574
32607
32638
32652
32665
32678
32682
32697
32697
32697
32716
32720
32735
32744
32751
32761
32768
32769
32781
32792
32793
32794
32817
32817
32841
32858
32867
32880
32882
32890
32924
32969
32984
32995
33000
33003
33005
33016
33038
33046
33050
33052
33062
33116
33119
33127
33150
33172
33186
33190
33200
33207
33219
33224
33229
33259
33263
33265
33267
33280
33284
33306
33346
33362
33365
33372
33375
33390
33400
33415
33425
33436
33455
33474
33494
33494
33498
33499
33509
33519
33528
33546
33561
33582
33583
33608
33611
33638
33642
33649
33665
33666
33673
33683
33718
33719
33750
33771
33774
33776
33800
33800
33807
33817
33840
33843
33848
33850
33855
33866
33884
33890
33894
33908
33910
33921
33943
33947
33976
33978
33980
33984
34006
34010
34024
34028
34035
34042
34048
34056
34059
34063
34101
34102
34109
34132
34154
34159
34166
34180
34185
34187
34192
34202
34216
34254
34273
34276
34278
34293
34295
34324
34327
34368
34371
34375
34384
34389
34393
34403
34406
34412
34421
34424
34424
34426
34431
34443
34447
34451
34455
34458
34520
34540
34542
34547
34550
34555
34574
34579
34585
34595
34603
34616
34620
34636
34639
34642
34657
34666
34669
34700
34701
34717
34724
34726
34742
34743
34745
34753
34777
34799
34801
34847
34849
34855
34857
34882
34885
34894
34905
34910
34920
34928
34939
34939
34952
34952
34972
34976
34991
34992
34996
35007
35015
35023
35028
35029
35038
35058
35060
35066
35068
35116
35119
35133
35138
35139
35148
35185
35192
35220
35226
35229
35230
35232
35239
35246
35256
35257
35277
35294
35324
35335
35336
35338
35350
35351
35354
35362
35368
35378
35403
35403
35404
35414
35427
35482
35493
35508
35521
35522
35524
35524
35536
35556
35556
35582
35583
35602
35608
35624
35636
35640
35662
35683
35684
35685
35690
35697
35705
35711
35712
35782
35795
35797
35808
35818
35820
35825
35840
35846
35851
35863
35864
35865
35869
35871
35872
35879
35891
35891
35908
35910
35924
35927
35929
35930
35931
35935
35945
35949
35962
35970
35981
35995
36012
36021
36023
36048
36048
36055
36055
36067
36072
36072
36081
36087
36089
36097
36132
36141
36150
36152
36155
36194
36194
36195
36201
36202
36218
36219
36230
36240
36276
36280
36287
36289
36302
36311
36312
36312
36320
36332
36338
36353
36383
36385
36390
36395
36396
36409
36409
36416
36419
36430
36442
36443
36444
36459
36463
36475
36483
36488
36490
36500
36522
36522
36528
36546
36547
36548
36555
36561
36577
36581
36590
36590
36596
36596
36600
36604
36605
36608
36611
36612
36614
36629
36646
36653
36655
36711
36720
36723
36726
36726
36727
36735
36744
36748
36772
36789
36811
36824
36829
36832
36833
36841
36849
36851
36851
36856
36869
36912
36915
36916
36923
36929
36941
36963
36978
37033
37041
37042
37050
37062
37079
37080
37085
37086
37099
37115
37118
37127
37155
37162
37179
37198
37214
37222
37236
37243
37250
37251
37278
37309
37315
37318
37350
37352
37352
37381
37390
37407
37419
37436
37450
37456
37468
37469
37472
37493
37494
37504
37510
37559
37576
37579
37589
37591
37606
37614
37617
37626
37629
37642
37644
37645
37647
37659
37668
37671
37698
37704
37708
37717
37723
37725
37726
37737
37738
37752
37752
37764
37776
37778
37803
37804
37827
37844
37846
37854
37886
37889
37904
37905
37914
37919
37925
37936
37950
37956
37966
37995
37997
38023
38035
38048
38058
38081
38084
38089
38093
38096
38115
38129
38142
38143
38153
38172
38179
38187
38205
38207
38221
38234
38242
38252
38271
38292
38323
38324
38344
38375
38381
38382
38416
38446
38483
38504
38549
38553
38560
38577
38581
38595
38613
38633
38640
38647
38656
38662
38669
38685
38691
38696
38734
38757
38769
38801
38824
38828
38842
38876
38887
38894
38912
38921
38944
38971
38987
38994
39011
39024
39030
39030
39042
39045
39045
39070
39079
39087
39094
39095
39117
39121
39126
39130
39142
39148
39157
39161
39162
39191
39195
39201
39202
39203
39205
39227
39261
39267
39270
39275
39284
39295
39309
39329
39348
39349
39354
39355
39357
39372
39377
39394
39395
39413
39415
39417
39423
39426
39427
39432
39441
39462
39468
39469
39476
39485
39486
39492
39521
39525
39527
39531
39568
39583
39597
39607
39624
39629
39671
39694
39700
39719
39744
39746
39747
39750
39760
39768
39769
39781
39787
39788
39789
39810
39812
39814
39815
39817
39837
39849
39858
39861
39863
39872
39882
39884
39884
39893
39896
39924
39936
39983
39991
39997
40010
40016
40022
40030
40048
40057
40063
40063
40071
40081
40083
40091
40127
40129
40130
40145
40148
40176
40177
40184
40197
40206
40216
40221
40226
40241
40249
40252
40258
40263
40267
40273
40277
40302
40311
40319
40363
40376
40377
40380
40387
40406
40448
40453
40453
40467
40489
40496
40496
40514
40527
40531
40560
40585
40597
40598
40605
40617
40622
40625
40635
40653
40656
40668
40668
40669
40672
40673
40677
40698
40704
40725
40733
40736
40740
40772
40777
40780
40791
40794
40794
40797
40806
40809
40812
40825
40859
40865
40866
40868
40921
40924
40940
40943
40951
40959
40978
40986
41012
41017
41018
41037
41045
41054
41066
41084
41096
41126
41138
41139
41142
41156
41169
41182
41191
41199
41202
41207
41223
41239
41248
41253
41253
41257
41260
41266
41283
41284
41324
41326
41330
41360
41365
41374
41395
41399
41401
41419
41422
41434
41482
41498
41502
41507
41511
41531
41536
41541
41564
41589
41606
41611
41612
41622
41636
41658
41659
41664
41679
41706
41706
41718
41724
41728
41746
41747
41749
41755
41763
41773
41775
41777
41779
41782
41803
41805
41807
41823
41832
41838
41861
41865
41866
41870
41874
41882
41885
41888
41898
41905
41914
41916
41917
41939
41954
41964
41965
41972
41991
42002
42005
42012
42020
42031
42058
42059
42064
42083
42117
42138
42141
42164
42165
42169
42183
42193
42193
42196
42200
42205
42219
42221
42225
42233
42254
42284
42286
42299
42300
42313
42314
42324
42329
42342
42346
42352
42366
42391
42404
42405
42413
42415
42432
42454
42457
42464
42473
42478
42523
42525
42527
42530
42534
42545
42551
42551
42558
42573
42575
42580
42583
42594
42617
42645
42650
42677
42678
42685
42685
42692
42697
42705
42733
42737
42742
42763
42794
42803
42806
42810
42821
42821
42835
42885
42890
42892
42936
42944
42959
42960
42963
42966
42990
42999
43000
43003
43005
43012
43025
43032
43036
43042
43048
43058
43060
43065
43071
43089
43100
43104
43104
43125
43132
43132
43136
43138
43143
43150
43157
43168
43188
43212
43220
43222
43233
43249
43254
43257
43261
43263
43278
43279
43316
43337
43337
43342
43358
43360
43363
43372
43390
43396
43399
43415
43431
43431
43442
43450
43452
43452
43463
43477
43488
43495
43495
43500
43505
43505
43509
43526
43526
43533
43533
43534
43543
43547
43554
43561
43567
43570
43570
43600
43603
43605
43615
43635
43639
43688
43697
43763
43769
43773
43784
43787
43789
43794
43836
43841
43858
43907
43924
43931
43931
43937
43951
43958
43964
43976
43994
43999
44001
44003
44008
44012
44017
44026
44092
44098
44122
44127
44128
44137
44140
44142
44144
44146
44163
44168
44173
44189
44197
44203
44235
44235
44241
44269
44301
44302
44307
44307
44310
44315
44331
44333
44349
44353
44361
44367
44371
44372
44373
44382
44384
44388
44389
44406
44418
44436
44439
44486
44487
44501
44508
44528
44533
44550
44553
44556
44568
44578
44580
44583
44588
44597
44601
44603
44606
44608
44621
44621
44627
44629
44635
44637
44649
44675
44705
44718
44734
44736
44737
44769
44774
44783
44791
44794
44795
44810
44813
44818
44818
44821
44846
44851
44856
44872
44889
44910
44929
45004
45023
45023
45033
45049
45072
45099
45103
45132
45133
45136
45139
45141
45147
45152
45153
45161
45175
45181
45190
45217
45221
45248
45250
45254
45256
45268
45271
45326
45329
45329
45330
45333
45343
45410
45412
45448
45453
45467
45477
45491
45508
45508
45510
45514
45518
45552
45553
45576
45595
45598
45602
45631
45656
45661
45663
45668
45668
45691
45693
45695
45705
45705
45727
45739
45760
45764
45765
45766
45781
45787
45795
45802
45815
45815
45834
45857
45857
45861
45870
45881
45884
45893
45894
45952
45954
45979
46027
46066
46068
46080
46095
46095
46098
46111
46120
46121
46131
46137
46139
46143
46176
46190
46199
46207
46213
46214
46225
46227
46236
46243
46248
46251
46255
46261
46268
46299
46299
46299
46311
46314
46316
46319
46319
46323
46334
46356
46361
46372
46372
46383
46385
46385
46389
46395
46407
46416
46425
46446
46447
46447
46517
46567
46570
46572
46573
46595
46596
46647
46651
46658
46661
46668
46682
46705
46719
46734
46743
46760
46768
46803
46809
46839
46863
46882
46885
46897
46904
46910
46912
46917
46926
46926
46945
46952
46955
46961
47004
47043
47049
47059
47062
47064
47069
47096
47098
47103
47105
47113
47124
47125
47127
47141
47146
47151
47152
47158
47160
47162
47167
47218
47219
47222
47235
47235
47259
47261
47274
47284
47288
47289
47301
47307
47312
47324
47325
47327
47329
47345
47345
47347
47367
47383
47389
47390
47397
47410
47413
47418
47429
47435
47442
47443
47446
47450
47458
47460
47462
47463
47472
47472
47485
47492
47506
47507
47509
47535
47540
47547
47550
47556
47559
47561
47571
47581
47591
47594
47603
47607
47616
47638
47639
47646
47649
47678
47683
47710
47714
47723
47726
47732
47734
47770
47771
47788
47795
47797
47810
47819
47846
47846
47846
47863
47870
47886
47894
47956
47963
47968
47969
47988
47991
47994
48000
48025
48036
48039
48040
48045
48046
48057
48062
48068
48073
48076
48088
48101
48111
48111
48134
48141
48156
48160
48165
48169
48170
48197
48201
48222
48234
48236
48239
48250
48253
48261
48281
48292
48294
48334
48340
48344
48347
48359
48376
48378
48387
48400
48423
48423
48424
48431
48434
48437
48439
48477
48501
48501
48524
48527
48528
48555
48572
48573
48579
48583
48587
48592
48594
48623
48648
48652
48655
48658
48664
48684
48686
48693
48708
48708
48712
48733
48734
48741
48750
48752
48760
48772
48775
48788
48789
48795
48805
48814
48815
48827
48831
48831
48860
48869
48873
48893
48906
48907
48926
48928
48934
48940
48943
48945
48950
48967
48984
48993
48994
49006
49009
49024
49027
49034
49041
49046
49054
49063
49066
49073
49073
49086
49091
49092
49103
49136
49145
49163
49188
49209
49219
49224
49232
49238
49258
49260
49288
49293
49305
49318
49347
49366
49382
49397
49410
49429
49434
49435
49438
49442
49472
49475
49478
49490
49494
49506
49508
49511
49514
49522
49546
49546
49554
49559
49572
49582
49582
49589
49597
49597
49642
49652
49656
49663
49671
49677
49686
49688
49715
49716
49752
49766
49772
49781
49784
49787
49788
49790
49794
49801
49803
49803
49805
49807
49811
49822
49825
49825
49851
49855
49861
49865
49866
49872
49876
49878
49882
49889
49906
49914
49918
49924
49926
49926
49939
49946
49954
49955
49966
49972
49979
49997
49999
50000
50003
50010
50021
50033
50035
50045
50053
50057
50072
50087
50094
50097
50108
50115
50122
50130
50131
50136
50148
50185
50194
50202
50204
50214
50220
50237
50239
50240
50292
50295
50297
50307
50328
50332
50340
50340
50366
50368
50373
50379
50380
50391
50441
50450
50451
50452
50484
50485
50486
50515
50522
50544
50552
50553
50573
50593
50601
50602
50616
50631
50660
50661
50669
50681
50713
50734
50735
50744
50754
50756
50760
50761
50778
50786
50788
50874
50876
50886
50893
50896
50897
50906
50925
50936
50959
50963
50978
50990
50993
51010
51029
51032
51044
51051
51065
51079
51094
51114
51117
51119
51155
51169
51172
51174
51184
51205
51208
51209
51213
51220
51229
51245
51246
51251
51259
51271
51304
51308
51316
51319
51319
51334
51336
51357
51363
51368
51372
51374
51375
51394
51399
51406
51421
51433
51440
51450
51464
51468
51482
51491
51498
51502
51514
51517
51523
51523
51523
51525
51526
51566
51588
51589
51589
51594
51598
51600
51610
51613
51616
51617
51627
51653
51655
51655
51667
51667
51671
51674
51678
51696
51714
51723
51738
51747
51776
51779
51782
51807
51821
51831
51835
51855
51858
51859
51861
51912
51964
51969
51969
51980
51992
52010
52020
52027
52034
52038
52043
52058
52059
52061
52066
52079
52094
52107
52125
52128
52133
52134
52149
52169
52176
52176
52181
52209
52232
52238
52263
52267
52267
52270
52275
52281
52309
52326
52328
52331
52341
52344
52347
52357
52364
52370
52371
52386
52397
52417
52432
52459
52476
52488
52499
52511
52529
52546
52573
52574
52578
52580
52587
52626
52653
52653
52660
52668
52671
52689
52704
52713
52729
52745
52748
52765
52767
52777
52779
52783
52800
52801
52811
52827
52841
52848
52853
52863
52875
52877
52897
52900
52913
52924
52929
52931
52933
52934
52938
52941
52950
52953
52958
52967
52977
53006
53017
53070
53072
53082
53101
53101
53110
53134
53136
53152
53166
53208
53209
53214
53217
53233
53246
53252
53269
53276
53280
53281
53307
53323
53349
53377
53381
53383
53390
53399
53414
53421
53448
53448
53454
53457
53463
53468
53489
53497
53501
53515
53519
53526
53528
53550
53559
53592
53598
53602
53628
53636
53645
53645
53645
53646
53647
53659
53670
53698
53699
53700
53727
53781
53790
53792
53796
53797
53813
53813
53832
53843
53843
53906
53927
53960
53969
53976
53977
53989
54000
54002
54013
54017
54025
54026
54034
54052
54054
54066
54110
54119
54121
54131
54136
54144
54158
54168
54174
54179
54190
54210
54225
54250
54251
54253
54262
54273
54296
54327
54329
54331
54357
54365
54371
54379
54414
54418
54446
54450
54454
54458
54461
54468
54469
54506
54534
54539
54543
54547
54549
54553
54576
54579
54584
54587
54593
54594
54619
54627
54649
54662
54672
54681
54693
54697
54706
54715
54728
54753
54765
54775
54775
54776
54777
54783
54791
54811
54813
54814
54823
54832
54832
54840
54847
54853
54860
54863
54865
54866
54868
54892
54901
54904
54921
54942
54952
54955
54959
54965
54966
54968
54972
54996
54998
55030
55044
55065
55071
55074
55085
55119
55131
55155
55163
55185
55194
55224
55225
55235
55251
55253
55254
55255
55280
55308
55309
55314
55328
55357
55368
55373
55390
55395
55440
55443
55445
55452
55454
55456
55459
55469
55484
55488
55525
55539
55540
55541
55543
55546
55578
55586
55587
55607
55612
55627
55631
55651
55673
55684
55687
55689
55692
55695
55713
55714
55714
55725
55734
55734
55743
55744
55750
55763
55770
55784
55800
55808
55808
55817
55820
55834
55840
55845
55860
55881
55899
55906
55917
55918
55944
55945
55945
55957
55957
55969
55988
55991
55994
55996
56001
56018
56024
56031
56033
56055
56062
56087
56114
56120
56122
56122
56122
56131
56147
56151
56151
56156
56165
56184
56185
56191
56205
56210
56237
56238
56248
56249
56256
56259
56262
56265
56273
56274
56275
56282
56292
56295
56309
56338
56341
56349
56357
56398
56398
56409
56418
56429
56440
56442
56446
56461
56518
56525
56525
56542
56544
56551
56589
56595
56609
56636
56667
56707
56747
56748
56754
56755
56772
56774
56777
56783
56787
56789
56791
56793
56796
56804
56811
56843
56860
56867
56870
56873
56874
56876
56879
56886
56894
56894
56922
56922
56924
56929
56930
56933
56939
56940
56946
56967
56968
56971
56977
56990
56991
56995
57001
57003
57007
57014
57016
57021
57037
57040
57041
57043
57054
57054
57084
57099
57110
57114
57119
57150
57161
57165
57173
57181
57237
57242
57251
57252
57281
57289
57300
57307
57313
57314
57322
57331
57332
57345
57347
57380
57386
57388
57405
57413
57427
57427
57453
57460
57461
57499
57500
57538
57554
57563
57570
57570
57594
57605
57608
57620
57643
57651
57652
57659
57676
57678
57690
57695
57721
57723
57729
57729
57736
57750
57751
57762
57781
57797
57800
57811
57827
57840
57841
57855
57858
57864
57896
57902
57907
57910
57925
57928
57952
57967
57974
58023
58041
58062
58063
58063
58073
58075
58091
58099
58107
58116
58123
58126
58144
58150
58160
58171
58183
58193
58194
58207
58213
58218
58222
58259
58260
58264
58265
58316
58323
58337
58341
58345
58360
58364
58370
58372
58374
58386
58392
58413
58424
58427
58433
58434
58441
58475
58485
58497
58498
58526
58527
58528
58535
58542
58543
58546
58563
58564
58567
58570
58577
58580
58589
58607
58608
58631
58633
58635
58642
58647
58650
58665
58674
58688
58709
58716
58722
58731
58735
58741
58741
58744
58749
58752
58759
58792
58793
58807
58809
58856
58889
58892
58900
58902
58911
58923
58929
58947
58953
58959
58982
58983
58993
58997
59009
59029
59051
59053
59058
59070
59071
59085
59091
59092
59109
59114
59121
59129
59136
59137
59141
59150
59162
59163
59175
59221
59230
59232
59250
59251
59256
59268
59272
59272
59288
59302
59347
59351
59352
59360
59366
59389
59392
59400
59403
59412
59414
59423
59424
59425
59436
59458
59458
59458
59479
59483
59491
59498
59505
59505
59531
59537
59573
59610
59623
59624
59628
59639
59639
59644
59646
59647
59667
59677
59727
59728
59757
59765
59799
59811
59825
59832
59832
59835
59845
59857
59874
59879
59887
59890
59909
59923
59927
59929
59931
59932
59936
59956
59965
60045
60052
60054
60055
60068
60103
60107
60118
60119
60128
60132
60136
60137
60137
60150
60157
60160
60179
60185
60190
60210
60221
60222
60239
60246
60276
60277
60304
60306
60308
60314
60319
60330
60335
60335
60343
60348
60349
60350
60360
60365
60377
60377
60400
60405
60414
60419
60423
60426
60430
60433
60435
60450
60461
60469
60472
60479
60481
60485
60496
60498
60507
60514
60520
60538
60546
60555
60564
60580
60597
60605
60642
60643
60666
60682
60694
60696
60705
60718
60720
60731
60732
60746
60758
60761
60762
60765
60808
60817
60819
60823
60837
60856
60882
60914
60918
60921
60927
60940
60943
60944
60946
60949
60950
60955
60969
60980
60989
60990
60996
61012
61023
61043
61048
61053
61061
61066
61074
61077
61093
61110
61157
61186
61195
61209
61216
61218
61232
61248
61252
61269
61271
61279
61297
61309
61327
61340
61349
61374
61382
61402
61407
61409
61416
61430
61431
61437
61442
61467
61468
61475
61486
61511
61520
61521
61521
61526
61536
61536
61537
61540
61558
61564
61566
61571
61590
61605
61606
61631
61643
61649
61650
61650
61660
61667
61679
61682
61685
61700
61706
61710
61713
61715
61722
61733
61744
61785
61808
61823
61846
61857
61862
61870
61876
61883
61885
61892
61894
61899
61907
61909
61909
61909
61911
61917
61923
61939
61941
61951
61976
61980
62021
62021
62029
62039
62046
62058
62082
62091
62103
62111
62136
62145
62145
62162
62173
62177
62181
62181
62198
62199
62199
62208
62232
62235
62239
62246
62262
62269
62271
62276
62289
62298
62311
62316
62318
62318
62322
62326
62327
62362
62369
62384
62399
62413
62416
62432
62446
62456
62468
62484
62484
62489
62492
62502
62535
62541
62543
62547
62550
62550
62557
62557
62576
62594
62597
62602
62605
62611
62641
62656
62682
62683
62692
62694
62707
62722
62729
62733
62734
62738
62740
62743
62744
62761
62783
62786
62786
62793
62798
62799
62808
62809
62813
62833
62837
62840
62862
62876
62892
62892
62892
62899
62924
62943
62945
62950
62958
62965
62994
63000
63019
63025
63027
63031
63032
63054
63056
63062
63080
63085
63093
63096
63108
63108
63110
63121
63132
63136
63139
63144
63149
63153
63160
63169
63183
63193
63195
63209
63216
63264
63265
63266
63284
63285
63294
63303
63314
63357
63364
63379
63387
63410
63417
63419
63420
63450
63453
63460
63466
63469
63483
63484
63496
63504
63518
63530
63536
63549
63559
63597
63605
63616
63619
63621
63639
63687
63693
63702
63714
63719
63750
63766
63775
63776
63782
63816
63821
63825
63832
63838
63847
63854
63856
63861
63862
63871
63908
63912
63923
63927
63940
63948
63950
63953
63968
63972
63984
64005
64006
64051
64051
64053
64062
64062
64077
64077
64088
64091
64114
64134
64153
64159
64195
64231
64234
64237
64249
64249
64256
64257
64274
64280
64286
64290
64312
64312
64313
64318
64320
64325
64332
64336
64342
64342
64365
64365
64370
64429
64446
64452
64460
64462
64465
64486
64487
64492
64517
64518
64520
64521
64523
64535
64536
64562
64564
64572
64578
64586
64592
64593
64596
64600
64606
64609
64618
64629
64631
64641
64646
64668
64683
64708
64751
64760
64769
64787
64788
64792
64793
64833
64840
64843
64844
64858
64870
64883
64884
64887
64889
64907
64910
64918
64919
64934
64940
64952
64984
64987
65004
65016
65017
65019
65038
65044
65050
65057
65077
65087
65094
65103
65112
65133
65142
65151
65157
65163
65167
65173
65175
65176
65178
65190
65210
65228
65231
65233
65243
65283
65303
65307
65325
65351
65376
65381
65386
65391
65407
65418
65424
65456
65460
65477
65486
65491
65495
65500
65580
65582
65593
65594
65597
65597
65604
65612
65622
65625
65631
65649
65652
65653
65671
65680
65701
65707
65729
65737
65761
65771
65805
65808
65813
65831
65836
65854
65858
65861
65879
65882
65901
65913
65918
65922
65939
65949
65966
65968
65969
65976
65980
65990
65995
65995
66000
66004
66005
66030
66041
66043
66074
66088
66091
66101
66128
66147
66157
66160
66161
66178
66186
66186
66188
66195
66195
66223
66230
66230
66240
66244
66249
66264
66266
66275
66277
66287
66298
66298
66304
66314
66318
66320
66349
66371
66380
66381
66382
66401
66403
66425
66438
66449
66455
66475
66481
66506
66506
66508
66517
66523
66529
66534
66554
66557
66558
66575
66576
66576
66577
66588
66593
66604
66620
66623
66638
66652
66657
66666
66666
66669
66688
66690
66698
66702
66705
66709
66723
66742
66753
66753
66770
66796
66809
66835
66837
66839
66859
66860
66866
66867
66869
66871
66886
66898
66899
66903
66904
66911
66918
66943
66965
66969
66978
66985
66994
66996
67000
67012
67023
67040
67065
67075
67090
67091
67092
67103
67112
67118
67131
67135
67138
67144
67164
67173
67173
67184
67185
67206
67225
67226
67229
67237
67291
67313
67329
67341
67356
67366
67367
67375
67385
67389
67392
67392
67402
67412
67425
67431
67433
67439
67450
67463
67464
67467
67472
67477
67479
67480
67496
67504
67512
67523
67527
67533
67540
67548
67567
67572
67575
67586
67589
67590
67599
67618
67628
67629
67631
67645
67649
67655
67670
67679
67683
67695
67703
67710
67714
67733
67749
67768
67781
67783
67786
67801
67805
67812
67815
67819
67827
67839
67872
67875
67885
67885
67894
67912
67927
67928
67934
67941
67953
67961
67966
67974
67983
67989
67990
67996
67999
68020
68023
68030
68039
68069
68082
68103
68105
68112
68130
68162
68190
68206
68214
68226
68244
68258
68271
68287
68289
68301
68303
68317
68323
68333
68338
68342
68346
68356
68362
68369
68398
68402
68407
68420
68449
68457
68465
68468
68486
68493
68497
68506
68527
68542
68559
68576
68583
68590
68598
68600
68602
68606
68632
68633
68638
68750
68755
68760
68765
68766
68778
68780
68784
68787
68809
68810
68828
68874
68876
68884
68896
68901
68930
68935
68946
68950
68955
68957
68975
68994
69001
69006
69028
69030
69054
69074
69080
69097
69145
69155
69168
69199
69217
69221
69250
69253
69257
69258
69258
69287
69296
69303
69307
69318
69319
69322
69329
69333
69348
69350
69358
69363
69364
69365
69375
69394
69396
69404
69428
69435
69445
69457
69458
69465
69467
69484
69492
69492
69495
69502
69506
69523
69529
69531
69533
69540
69557
69564
69566
69567
69569
69585
69587
69599
69601
69615
69623
69628
69634
69636
69641
69652
69665
69696
69703
69705
69708
69710
69725
69753
69768
69776
69829
69834
69848
69876
69894
69926
69936
69940
69941
69956
69973
69979
69994
69995
70007
70022
70029
70042
70045
70049
70050
70057
70082
70094
70095
70098
70099
70107
70111
70112
70113
70119
70120
70127
70145
70150
70184
70199
70201
70209
70211
70228
70231
70238
70247
70247
70248
70251
70258
70282
70288
70290
70297
70304
70323
70331
70331
70331
70335
70354
70375
70377
70389
70394
70396
70426
70428
70453
70455
70485
70506
70510
70540
70543
70550
70566
70567
70590
70625
70629
70633
70637
70637
70642
70671
70703
70705
70706
70710
70725
70738
70765
70769
70771
70772
70780
70808
70810
70814
70820
70831
70836
70855
70860
70871
70911
70914
70920
70930
70942
70942
70946
70949
70959
70967
70968
70993
71002
71011
71013
71016
71017
71020
71024
71045
71064
71097
71100
71102
71103
71132
71138
71157
71182
71190
71193
71195
71204
71209
71210
71224
71229
71233
71283
71291
71298
71303
71305
71312
71319
71320
71324
71325
71339
71342
71344
71358
71406
71442
71450
71469
71489
71497
71498
71503
71505
71535
71561
71583
71592
71596
71605
71607
71621
71623
71627
71633
71647
71653
71670
71672
71676
71718
71720
71730
71742
71752
71765
71773
71789
71793
71806
71808
71820
71829
71829
71830
71836
71836
71841
71871
71872
71880
71892
71892
71900
71900
71900
71902
71950
71955
71963
71971
71975
71976
71997
72003
72014
72029
72037
72048
72051
72062
72085
72111
72116
72116
72117
72124
72135
72145
72161
72164
72168
72170
72179
72182
72183
72186
72186
72236
72256
72260
72267
72298
72314
72319
72320
72326
72345
72362
72404
72406
72407
72415
72417
72418
72419
72436
72441
72448
72464
72472
72477
72515
72531
72535
72536
72547
72548
72550
72560
72569
72588
72588
72597
72600
72602
72604
72607
72609
72616
72620
72632
72632
72636
72643
72652
72687
72694
72694
72709
72723
72723
72735
72769
72787
72793
72811
72813
72827
72840
72854
72867
72875
72877
72889
72891
72898
72903
72906
72913
72926
72926
72947
72948
72963
72963
72966
72970
72971
72980
72987
72996
72997
73009
73015
73019
73019
73062
73078
73083
73091
73115
73129
73162
73180
73187
73201
73207
73229
73258
73272
73278
73288
73326
73346
73358
73368
73383
73395
73399
73406
73415
73416
73432
73437
73442
73444
73451
73487
73495
73500
73505
73506
73513
73522
73531
73536
73543
73550
73563
73589
73590
73591
73598
73662
73665
73668
73673
73675
73676
73687
73693
73715
73717
73728
73738
73740
73748
73761
73774
73779
73780
73784
73795
73812
73828
73832
73848
73851
73858
73861
73872
73896
73902
73913
73916
73934
73941
73956
73960
73999
74002
74019
74024
74026
74034
74038
74043
74046
74065
74076
74078
74082
74085
74093
74094
74097
74102
74104
74106
74110
74110
74119
74131
74144
74150
74156
74162
74162
74182
74194
74206
74207
74212
74222
74227
74229
74235
74246
74255
74257
74263
74267
74273
74273
74279
74294
74296
74310
74311
74319
74337
74373
74374
74377
74378
74382
74425
74426
74446
74473
74488
74490
74496
74537
74545
74546
74549
74551
74551
74560
74566
74571
74571
74571
74572
74572
74576
74579
74581
74605
74608
74609
74612
74620
74636
74648
74659
74665
74682
74691
74703
74735
74736
74739
74743
74766
74791
74802
74812
74815
74816
74834
74835
74847
74859
74874
74884
74891
74908
74917
74923
74938
74953
74965
74993
75002
75009
75025
75025
75033
75052
75068
75075
75102
75110
75114
75117
75123
75124
75134
75136
75170
75177
75178
75187
75194
75209
75211
75222
75226
75228
75230
75244
75251
75269
75282
75294
75307
75309
75309
75315
75321
75322
75330
75335
75344
75357
75365
75374
75374
75387
75396
75407
75414
75438
75441
75465
75466
75479
75504
75513
75536
75545
75546
75556
75557
75563
75568
75584
75589
75607
75611
75611
75620
75621
75633
75646
75648
75664
75688
75688
75711
75713
75728
75733
75734
75751
75766
75770
75783
75792
75793
75814
75815
75821
75832
75854
75855
75859
75891
75895
75898
75902
75908
75913
75917
75929
75949
75963
75965
75966
75968
75968
75982
75984
75987
75989
75997
76001
76009
76024
76046
76049
76086
76088
76092
76094
76106
76129
76132
76132
76133
76137
76155
76203
76237
76258
76262
76284
76288
76292
76295
76326
76334
76340
76344
76351
76362
76368
76369
76388
76389
76406
76417
76420
76428
76433
76446
76446
76447
76456
76464
76493
76500
76513
76515
76541
76542
76545
76556
76561
76561
76562
76562
76568
76577
76578
76594
76596
76602
76606
76609
76609
76610
76647
76663
76670
76681
76718
76752
76753
76772
76773
76773
76800
76802
76816
76825
76851
76874
76888
76891
76892
76892
76911
76922
76958
76961
76962
76966
76977
76979
76980
76981
76983
76984
76985
77032
77041
77042
77045
77066
77091
77112
77114
77116
77116
77125
77126
77134
77143
77143
77162
77184
77195
77204
77207
77247
77263
77286
77294
77296
77304
77317
77322
77343
77343
77346
77361
77362
77365
77366
77371
77378
77385
77401
77441
77444
77444
77454
77457
77474
77488
77503
77512
77533
77546
77556
77556
77562
77570
77578
77589
77600
77604
77608
77622
77669
77680
77681
77681
77695
77714
77728
77733
77746
77751
77754
77761
77788
77794
77797
77807
77808
77817
77825
77836
77837
77838
77839
77839
77842
77845
77866
77892
77913
77941
77941
77943
77944
77957
77958
77963
77965
77966
77967
77978
77989
78002
78002
78004
78005
78005
78014
78027
78033
78044
78045
78047
78055
78059
78097
78099
78105
78122
78132
78159
78164
78198
78214
78214
78220
78224
78224
78246
78246
78247
78253
78275
78290
78307
78307
78314
78338
78343
78360
78362
78384
78392
78399
78425
78440
78444
78445
78449
78455
78465
78490
78491
78495
78534
78539
78544
78546
78555
78556
78559
78575
78588
78595
78611
78620
78653
78660
78661
78661
78679
78679
78682
78683
78685
78711
78715
78729
78732
78746
78754
78757
78793
78858
78859
78878
78885
78894
78896
78901
78906
78914
78940
78944
78954
78956
78957
78958
78965
78983
78988
79000
79012
79022
79023
79043
79047
79051
79058
79067
79127
79127
79128
79135
79153
79158
79165
79171
79172
79177
79178
79183
79205
79219
79228
79256
79268
79277
79280
79294
79296
79304
79313
79320
79325
79335
79344
79346
79358
79368
79376
79405
79405
79405
79412
79432
79464
79470
79478
79479
79482
79504
79506
79511
79553
79561
79570
79572
79582
79589
79606
79616
79625
79676
79698
79713
79722
79734
79745
79782
79789
79801
79806
79814
79820
79830
79835
79842
79845
79867
79880
79881
79892
79894
79923
79925
79936
79951
79952
79982
80001
80029
80032
80044
80058
80061
80078
80096
80099
80099
80101
80112
80117
80118
80122
80129
80142
80145
80170
80179
80193
80214
80219
80253
80262
80293
80297
80313
80314
80317
80321
80331
80334
80343
80351
80366
80368
80380
80385
80400
80423
80428
80429
80435
80442
80452
80452
80462
80479
80488
80492
80507
80518
80535
80539
80555
80569
80581
80588
80607
80632
80634
80636
80658
80662
80677
80682
80682
80696
80706
80719
80723
80724
80738
80749
80767
80779
80783
80798
80810
80817
80839
80845
80850
80851
80854
80856
80872
80873
80886
80906
80909
80917
80931
80944
80950
80970
80970
80975
80979
81017
81020
81024
81037
81037
81043
81049
81056
81067
81071
81073
81101
81123
81134
81145
81169
81209
81212
81214
81223
81228
81230
81237
81250
81267
81275
81283
81288
81292
81292
81304
81318
81320
81325
81327
81340
81342
81344
81353
81361
81381
81392
81407
81417
81425
81436
81438
81452
81461
81496
81509
81510
81528
81536
81549
81562
81577
81577
81578
81578
81584
81598
81599
81624
81638
81653
81657
81659
81660
81665
81669
81670
81674
81680
81682
81684
81695
81696
81711
81721
81734
81754
81780
81785
81785
81792
81817
81832
81838
81844
81847
81850
81865
81877
81888
81904
81913
81930
81947
81950
81956
81968
81970
81979
81979
81980
81994
82014
82018
82021
82029
82029
82088
82090
82118
82128
82129
82135
82141
82143
82144
82144
82157
82169
82176
82181
82186
82187
82187
82201
82202
82205
82221
82225
82239
82276
82301
82331
82343
82353
82356
82365
82378
82381
82381
82386
82401
82417
82419
82420
82420
82422
82424
82427
82459
82459
82459
82464
82477
82481
82486
82487
82503
82519
82524
82533
82554
82560
82582
82583
82586
82587
82595
82598
82612
82638
82669
82671
82682
82702
82720
82732
82735
82743
82761
82773
82781
82788
82801
82808
82817
82822
82835
82837
82841
82853
82856
82869
82872
82875
82881
82886
82892
82895
82899
82900
82918
82930
82942
82948
82952
82953
82954
82967
82972
82991
82994
82997
82999
83034
83036
83043
83058
83063
83063
83070
83096
83102
83124
83138
83145
83150
83160
83165
83176
83178
83187
83208
83219
83223
83239
83243
83246
83252
83262
83266
83268
83279
83292
83295
83315
83318
83329
83331
83335
83339
83341
83341
83350
83360
83368
83377
83386
83408
83410
83415
83423
83435
83459
83461
83475
83481
83486
83490
83492
83502
83510
83527
83534
83560
83561
83562
83568
83580
83587
83608
83620
83644
83645
83668
83676
83688
83692
83710
83731
83749
83756
83766
83779
83781
83790
83794
83806
83806
83811
83814
83818
83820
83824
83836
83858
83863
83869
83890
83893
83916
83918
83934
83941
83945
83948
83956
83971
83972
83972
83980
83987
83998
83998
84006
84021
84027
84029
84036
84050
84064
84071
84072
84095
84105
84140
84146
84148
84162
84194
84200
84201
84219
84221
84223
84236
84238
84255
84257
84285
84297
84303
84305
84311
84328
84351
84351
84370
84404
84410
84443
84454
84461
84484
84488
84489
84497
84527
84541
84557
84570
84585
84595
84637
84642
84658
84664
84667
84670
84706
84717
84727
84735
84757
84763
84776
84786
84805
84807
84808
84808
84813
84823
84832
84862
84870
84872
84885
84893
84899
84899
84907
84910
84924
84926
84928
84933
84942
84946
84949
84958
84964
84974
84988
85004
85006
85041
85068
85086
85102
85104
85106
85106
85118
85119
85124
85129
85140
85153
85157
85166
85221
85234
85250
85251
85252
85273
85276
85296
85298
85307
85308
85315
85320
85322
85323
85330
85335
85335
85342
85342
85355
85359
85363
85366
85373
85387
85397
85401
85425
85443
85445
85458
85479
85499
85522
85561
85566
85586
85626
85660
85661
85662
85663
85676
85692
85695
85700
85722
85729
85785
85785
85789
85811
85821
85825
85832
85849
85853
85853
85864
85881
85918
85929
85929
85938
85942
85955
85994
86003
86042
86063
86065
86073
86077
86077
86092
86102
86111
86124
86139
86148
86152
86165
86166
86168
86168
86184
86191
86198
86200
86215
86215
86217
86231
86234
86258
86264
86288
86288
86293
86307
86315
86325
86328
86328
86335
86350
86353
86360
86362
86367
86369
86373
86394
86396
86442
86483
86497
86508
86509
86513
86517
86518
86525
86532
86541
86550
86554
86562
86571
86584
86590
86601
86607
86612
86632
86645
86646
86659
86668
86669
86690
86694
86698
86700
86702
86708
86723
86732
86755
86758
86758
86787
86812
86812
86815
86832
86854
86854
86872
86876
86887
86915
86920
86927
86955
86955
86958
86963
86973
86973
86994
87009
87017
87023
87026
87033
87043
87052
87055
87056
87057
87057
87064
87087
87125
87146
87150
87182
87202
87204
87240
87254
87272
87280
87284
87299
87302
87323
87323
87327
87330
87331
87331
87348
87373
87373
87385
87402
87411
87416
87420
87438
87440
87454
87458
87466
87472
87483
87502
87509
87514
87529
87540
87542
87544
87550
87553
87556
87561
87593
87593
87615
87626
87637
87643
87654
87660
87676
87682
87701
87703
87710
87711
87712
87715
87722
87734
87744
87748
87753
87762
87773
87785
87787
87790
87802
87809
87811
87814
87817
87839
87847
87858
87870
87877
87921
87933
87940
87953
87954
87964
87966
87969
87983
87997
88008
88027
88027
88033
88044
88051
88061
88064
88095
88100
88111
88115
88122
88122
88137
88163
88181
88183
88190
88196
88217
88224
88238
88245
88250
88271
88300
88302
88314
88316
88316
88321
88327
88334
88341
88345
88346
88355
88367
88373
88377
88383
88403
88404
88407
88414
88423
88430
88436
88439
88463
88468
88501
88507
88510
88510
88515
88517
88529
88555
88569
88572
88576
88592
88627
88631
88640
88651
88656
88660
88668
88676
88682
88687
88720
88730
88730
88746
88750
88753
88762
88771
88782
88784
88787
88794
88807
88814
88814
88825
88844
88847
88854
88865
88879
88904
88926
88938
88939
88945
88946
88953
88963
88975
88985
88994
89008
89012
89016
89018
89053
89053
89059
89074
89077
89080
89097
89097
89100
89104
89113
89116
89118
89121
89123
89123
89124
89143
89157
89170
89177
89180
89205
89259
89259
89265
89266
89278
89289
89304
89308
89324
89326
89326
89338
89342
89346
89352
89354
89357
89357
89365
89384
89395
89410
89412
89426
89499
89500
89502
89511
89514
89517
89541
89542
89555
89559
89568
89591
89595
89601
89612
89624
89627
89631
89635
89635
89646
89651
89658
89676
89677
89691
89717
89727
89737
89792
89834
89846
89857
89872
89882
89884
89888
89900
89900
89916
89927
89930
89946
89949
89959
89962
90047
90101
90105
90110
90115
90130
90134
90135
90139
90142
90143
90150
90160
90182
90186
90192
90203
90204
90207
90213
90224
90229
90249
90250
90250
90272
90273
90293
90294
90306
90310
90327
90331
90340
90361
90363
90380
90385
90387
90394
90399
90399
90402
90411
90436
90445
90458
90491
90514
90525
90526
90566
90595
90599
90610
90610
90611
90613
90615
90622
90636
90643
90647
90651
90659
90665
90669
90676
90684
90691
90738
90741
90750
90758
90759
90762
90782
90791
90815
90816
90816
90823
90823
90828
90854
90858
90863
90876
90876
90900
90907
90907
90911
90922
90944
90945
90947
90955
90966
90969
90969
90979
90991
90999
91000
91000
91006
91012
91022
91032
91042
91059
91081
91095
91117
91117
91125
91131
91132
91138
91177
91206
91225
91233
91276
91293
91297
91301
91305
91308
91318
91335
91338
91345
91399
91399
91406
91410
91414
91422
91425
91433
91450
91466
91482
91496
91513
91550
91551
91552
91569
91579
91583
91588
91599
91599
91625
91664
91681
91685
91691
91692
91703
91707
91723
91729
91736
91748
91758
91759
91763
91773
91788
91792
91793
91798
91800
91802
91813
91814
91828
91834
91850
91869
91873
91901
91906
91910
91913
91915
91918
91923
91931
91947
91953
91964
91965
91972
91990
92024
92026
92027
92055
92068
92074
92074
92088
92096
92141
92147
92148
92169
92172
92179
92185
92205
92214
92257
92259
92271
92283
92284
92295
92295
92298
92318
92322
92334
92345
92346
92368
92373
92376
92392
92393
92409
92410
92426
92426
92432
92434
92441
92482
92487
92494
92495
92495
92501
92549
92556
92569
92569
92580
92585
92593
92603
92618
92622
92647
92654
92659
92672
92677
92690
92691
92693
92693
92695
92702
92717
92717
92720
92734
92738
92739
92745
92750
92753
92753
92754
92776
92778
92796
92797
92806
92818
92850
92853
92857
92864
92867
92875
92885
92896
92900
92911
92917
92930
92939
92964
92968
92975
92988
92998
93013
93016
93030
93034
93042
93055
93059
93104
93104
93104
93110
93115
93132
93165
93211
93237
93268
93279
93289
93294
93304
93311
93328
93329
93335
93336
93338
93347
93350
93352
93353
93373
93374
93379
93389
93400
93402
93407
93424
93429
93432
93433
93434
93455
93487
93497
93537
93540
93557
93575
93577
93597
93599
93599
93604
93609
93628
93631
93644
93646
93686
93695
93699
93708
93709
93712
93744
93748
93751
93755
93755
93769
93769
93810
93817
93831
93850
93851
93868
93883
93893
93905
93911
93925
93935
93936
93936
93948
93949
93965
93966
93966
93987
94003
94005
94009
94020
94025
94027
94047
94049
94051
94052
94052
94072
94084
94097
94122
94131
94145
94160
94170
94176
94198
94208
94208
94210
94221
94230
94233
94250
94257
94258
94272
94285
94286
94288
94312
94322
94325
94331
94342
94347
94358
94390
94399
94407
94417
94453
94468
94469
94469
94484
94504
94511
94511
94514
94529
94532
94538
94540
94562
94574
94586
94589
94597
94600
94602
94604
94620
94631
94666
94670
94679
94683
94685
94704
94706
94750
94777
94777
94787
94793
94807
94815
94821
94858
94870
94896
94900
94915
94937
94952
94963
94969
94971
94973
94977
94982
94992
95014
95020
95022
95051
95053
95072
95109
95129
95143
95146
95147
95161
95161
95179
95179
95186
95198
95200
95225
95233
95261
95266
95266
95268
95270
95295
95317
95328
95330
95342
95352
95358
95359
95360
95379
95404
95411
95432
95443
95446
95461
95488
95498
95505
95528
95540
95541
95556
95558
95560
95578
95581
95613
95622
95625
95649
95657
95679
95683
95689
95695
95718
95718
95725
95725
95748
95760
95762
95767
95776
95776
95782
95798
95824
95828
95832
95836
95837
95839
95841
95848
95854
95855
95913
95953
95958
95969
95990
95994
96003
96010
96013
96015
96023
96028
96036
96057
96059
96060
96093
96123
96138
96144
96146
96150
96162
96164
96168
96174
96178
96194
96197
96222
96231
96238
96266
96271
96284
96287
96368
96381
96383
96384
96386
96391
96402
96403
96415
96416
96431
96432
96433
96448
96450
96511
96524
96527
96537
96539
96560
96572
96586
96603
96613
96614
96619
96621
96624
96637
96661
96680
96727
96732
96741
96742
96747
96748
96752
96755
96762
96764
96769
96773
96815
96837
96840
96860
96890
96900
96903
96904
96939
96963
96964
96974
96984
96996
97000
97019
97021
97033
97034
97038
97045
97062
97064
97074
97078
97095
97139
97140
97155
97163
97169
97182
97190
97206
97215
97221
97235
97239
97251
97251
97260
97261
97275
97276
97283
97296
97303
97308
97332
97337
97344
97352
97371
97420
97427
97467
97481
97534
97552
97570
97594
97604
97608
97618
97631
97643
97645
97650
97663
97665
97666
97669
97678
97688
97689
97706
97707
97710
97715
97729
97740
97761
97768
97776
97789
97805
97807
97812
97814
97819
97824
97854
97854
97890
97928
97947
97953
97966
97988
98007
98014
98026
98028
98031
98048
98051
98067
98072
98072
98075
98100
98111
98122
98133
98133
98136
98147
98148
98152
98163
98163
98172
98181
98183
98189
98218
98223
98228
98231
98253
98259
98269
98273
98279
98295
98299
98315
98339
98346
98350
98367
98371
98392
98418
98427
98428
98456
98476
98476
98483
98490
98503
98507
98510
98543
98550
98572
98581
98595
98607
98610
98629
98633
98653
98672
98683
98714
98720
98729
98731
98733
98737
98752
98758
98791
98794
98806
98814
98854
98861
98883
98891
98903
98904
98907
98921
98934
98935
98939
98940
98945
98952
98963
99009
99009
99010
99034
99038
99048
99050
99051
99060
99074
99089
99107
99107
99112
99120
99121
99122
99143
99148
99154
99164
99183
99225
99242
99243
99248
99252
99258
99267
99268
99272
99272
99278
99280
99286
99310
99316
99316
99324
99325
99329
99340
99347
99348
99368
99387
99393
99397
99407
99441
99466
99489
99492
99510
99523
99525
99532
99538
99548
99569
99580
99612
99630
99633
99633
99642
99646
99650
99655
99677
99684
99685
99686
99689
99690
99703
99708
99714
99720
99722
99725
99727
99741
99750
99761
99768
99770
99778
99786
99786
99799
99818
99825
99832
99844
99851
99853
99864
99874
99883
99892
99903
99905
99910
99915
99946
99951
99964
99978
99991
99995
99997
